995
0 0 0 1 1 3 6 3 0 3 4 0 11 11 9 5 2 6 11 6 18 21 22 17 19 8 18 7 15 23 18 27 13 33 8 29 36 9 27 6 29 16 32 40 0 28 25 8 14 45 14 5 38 16 21 38 54 50 23 12 46 40 16 50 26 63 32 67 21 68 43 66 3 73 66 53 46 33 47 65 16 25 32 13 38 77 45 87 19 50 63 46 20 69 47 65 45 93 94 73 89 28 49 23 71 17 47 31 41 21 97 97 91 0 5 3 43 92 52 35 53 88 11 98 91 82 89 14 82 7 18 4 50 69 43 104 75 77 90 134 27 60 81 59 139 15 95 18 74 83 89 128 47 8 136 58 128 51 52 157 139 78 93 141 117 135 63 61 25 8 96 138 32 33 79 88 126 174 143 98 83 67 144 22 3 17 171 103 72 96 181 152 141 55 128 181 36 54 167 60 69 156 66 12 179 16 193 129 111 0 61 76 208 88 50 126 106 39 176 182 155 71 167 221 164 207 197 95 140 15 90 62 119 65 54 146 152 209 89 44 166 81 184 33 30 128 180 11 10 75 239 12 222 11 88 150 0 36 136 228 17 214 66 127 257 252 183 21 60 246 42 262 143 119 38 53 250 174 16 61 271 14 251 219 141 150 264 50 93 217 71 285 45 265 164 130 142 225 286 165 145 162 231 156 253 305 86 67 205 138 84 177 44 9 254 263 151 108 279 132 212 272 157 219 99 36 157 183 76 147 10 77 237 11 182 152 243 239 303 102 74 149 176 328 146 147 334 288 309 41 254 296 239 311 192 22 154 71 102 118 119 94 37 362 310 92 254 182 289 134 66 293 17 272 169 301 5 160 312 296 123 140 316 59 172 127 16 88 181 334 379 219 315 29 161 57 109 355 202 141 33 252 63 147 52 382 219 290 14 366 28 399 4 388 228 82 187 251 247 400 217 88 62 45 115 211 270 197 343 192 88 39 174 13 424 22 102 363 53 399 420 97 265 131 361 58 21 231 280 242 431 139 351 177 211 337 387 148 274 253 96 432 414 42 1 79 301 101 172 176 80 331 222 23 429 368 331 366 145 80 219 318 227 206 220 230 387 46 153 213 416 120 453 381 68 82 145 154 120 228 490 324 358 184 220 340 370 343 21 263 156 152 182 124 22 245 378 244 194 0 289 86 397 136 60 379 442 23 61 186 132 228 525 501 259 69 100 400 344 207 61 302 530 314 544 522 388 143 117 165 132 300 283 159 278 198 202 128 208 536 182 363 337 236 527 285 448 112 221 444 64 148 68 187 378 547 493 474 36 516 181 274 85 79 270 473 559 247 358 138 120 248 130 109 327 502 468 360 312 469 384 112 359 116 595 526 390 183 438 104 316 28 562 299 40 505 186 184 39 615 194 99 406 219 117 165 216 370 276 284 186 561 18 317 590 79 534 566 294 45 279 67 310 534 443 74 405 639 64 205 354 328 513 327 254 143 644 656 117 97 571 590 270 99 170 281 37 209 251 483 536 278 476 168 241 527 486 604 162 288 450 313 138 117 432 544 671 237 377 41 189 142 329 375 471 462 309 154 329 244 597 410 137 475 422 538 490 645 378 127 242 584 186 696 212 174 516 562 717 250 401 38 615 79 202 456 505 265 261 537 372 586 380 74 557 534 150 389 683 604 360 99 131 356 423 375 213 202 154 632 316 40 531 509 121 107 155 667 554 533 346 533 313 34 764 121 163 36 9 367 126 448 598 311 83 116 10 201 416 26 752 352 713 235 286 702 667 182 265 383 450 791 231 547 232 538 222 157 794 519 9 2 588 800 680 351 534 532 216 384 160 696 680 630 138 138 250 81 637 787 43 470 660 14 67 678 64 304 564 524 164 684 364 353 497 487 368 800 376 598 535 778 181 816 103 143 375 18 281 182 532 497 658 173 828 129 340 125 574 449 5 55 54 92 402 261 584 310 580 155 745 284 675 517 359 489 311 358 764 549 757 681 400 359 417 527 82 782 257 740 16 88 69 377 166 707 366 35 621 774 288 700 465 155 133 732 146 24 65 664 166 103 594 666 589 719 352 549 183 571 271 240 429 324 848 742 42 466 789 376 292 430 119 476 809 891 695 40 169 667 633 300 765 880 767 734 279 198 173 317 670 128 125 786 646 155 571 559 869 605 142 473 156 112 114 618 578 32 766 223 264 542 496 179 857 852 452 607 404 873 440 825 780 153 981 71 357 54 269 385 677 211 932 854 205 
996
18 7 63 159 279 391 397 406 481 610 697 800 810 832 873 878 913 922 971 
19 38 145 160 213 231 272 376 384 444 531 586 618 684 687 694 738 806 807 973 
19 16 25 85 183 193 203 209 330 342 418 434 439 453 542 599 617 645 852 891 
18 47 75 115 130 145 150 293 318 341 558 566 640 674 687 761 835 925 953 
18 58 104 113 117 265 273 331 453 458 473 577 630 641 643 656 748 865 982 
18 34 114 148 180 225 260 400 408 489 505 568 662 692 751 783 851 884 951 
19 62 155 237 283 289 414 445 565 588 601 680 741 756 776 784 863 866 961 967 
19 18 57 81 93 117 198 213 256 258 366 454 575 699 757 759 822 834 888 931 
18 39 55 93 135 184 199 203 304 377 384 429 506 570 583 705 719 797 957 
20 41 127 238 265 270 287 317 403 428 459 490 531 541 636 660 847 867 871 872 992 
20 69 116 128 258 400 517 525 542 555 562 595 647 648 706 708 785 808 947 962 963 
19 187 239 253 306 345 386 399 409 629 638 667 719 766 818 841 858 886 916 948 
20 44 164 243 250 262 268 303 325 327 417 492 641 765 766 774 792 811 826 889 898 
19 12 47 62 64 81 115 134 139 160 246 313 392 425 452 572 743 834 836 922 
20 156 291 299 362 363 397 450 545 598 601 648 707 726 738 801 816 909 944 961 986 
20 74 92 124 141 168 272 282 373 426 461 466 480 564 598 602 717 758 780 800 914 
19 8 110 117 154 281 304 368 375 410 416 454 504 537 742 743 820 837 871 912 
19 9 37 95 127 184 209 357 447 508 559 603 650 752 801 803 819 823 861 940 
18 9 47 60 67 168 209 284 353 356 437 538 549 668 721 772 819 912 989 
20 86 117 133 156 216 247 284 401 427 462 513 729 754 808 856 905 906 922 955 973 
19 35 75 87 91 101 187 280 296 325 344 351 445 467 528 574 792 819 858 990 
18 50 68 183 313 363 443 453 622 674 711 727 771 791 846 916 965 966 984 
19 6 72 81 228 233 239 366 458 530 540 599 602 636 673 742 781 870 925 987 
20 111 128 201 249 258 272 352 390 456 471 484 508 546 593 718 821 872 878 899 908 
20 30 44 223 314 315 356 377 397 431 441 442 488 567 575 619 654 676 735 962 995 
20 19 30 57 126 234 250 262 338 340 364 448 574 586 644 652 689 747 916 966 984 
18 8 10 60 65 115 395 408 445 451 459 507 531 610 680 725 859 892 966 
19 25 34 75 121 252 296 353 390 437 457 527 540 627 806 890 906 919 944 990 
19 54 104 110 174 190 287 295 296 392 476 510 619 652 670 702 868 931 933 950 
20 11 66 168 169 178 228 258 260 269 294 351 430 452 537 551 630 635 769 858 953 
18 108 148 154 175 296 370 383 494 516 524 555 638 882 890 893 905 913 985 
18 15 103 135 166 250 253 260 312 327 453 605 623 629 801 846 854 913 984 
20 26 59 134 191 279 280 363 378 396 519 569 582 597 601 636 708 764 838 866 878 
19 13 192 256 316 349 355 370 381 398 406 468 511 538 584 598 692 704 805 885 
19 150 174 179 194 210 289 309 424 428 464 523 641 657 797 839 845 929 950 968 
20 23 125 202 227 329 335 370 412 435 458 493 520 539 599 647 742 752 896 924 989 
20 40 148 260 317 409 497 533 546 582 604 659 678 722 724 771 811 930 938 974 993 
18 73 81 133 172 191 195 261 263 282 474 564 609 670 736 740 789 803 812 
19 47 83 162 178 186 249 260 319 335 350 394 395 427 599 602 680 787 894 990 
18 62 154 159 161 237 304 347 431 479 518 571 650 748 793 865 884 955 962 
19 6 38 141 187 281 315 337 359 365 374 468 557 588 592 609 768 935 972 993 
20 22 56 116 151 359 376 424 431 446 455 462 545 628 703 739 756 899 953 971 974 
19 12 54 67 84 161 177 250 279 303 313 475 525 599 604 800 841 877 908 963 
19 63 66 92 107 115 185 287 306 395 485 533 535 676 691 738 739 831 836 878 
20 68 81 133 280 291 453 464 465 472 489 510 592 620 794 849 860 863 886 899 959 
20 87 123 140 187 194 360 397 458 487 520 560 562 572 593 685 735 737 790 856 931 
19 113 141 200 205 280 306 328 553 577 592 629 694 709 710 751 765 795 840 879 
19 152 177 220 236 251 304 329 389 409 412 423 545 583 587 623 805 816 880 906 
19 75 110 143 162 182 194 243 263 289 294 297 445 463 591 644 697 833 954 958 
17 3 24 132 161 187 221 236 243 295 398 417 439 606 854 888 912 913 
19 1 14 43 70 192 256 268 299 499 702 707 783 841 844 888 916 917 969 993 
19 54 66 202 224 275 338 409 431 586 602 615 655 718 808 833 850 878 974 994 
18 52 76 116 142 198 321 390 499 549 565 573 703 768 813 831 845 916 981 
18 23 41 74 278 397 471 504 528 536 662 782 783 798 812 828 877 892 922 
19 25 86 135 147 311 320 439 529 623 664 803 813 814 857 881 905 929 987 988 
19 24 83 155 162 202 338 349 372 400 423 471 477 540 551 650 803 808 821 933 
20 3 51 54 56 68 98 128 137 344 368 432 459 495 703 712 826 840 849 864 909 
20 46 63 93 112 186 197 221 235 268 320 346 425 433 552 582 595 618 623 835 934 
19 58 183 214 259 291 355 450 460 501 600 713 742 754 812 845 862 885 917 967 
19 26 56 102 124 138 221 238 414 522 638 645 697 718 720 784 867 868 881 958 
19 22 39 129 238 365 408 520 574 598 616 752 816 842 856 857 860 862 964 974 
18 64 196 261 317 355 420 478 565 567 692 717 720 752 803 839 868 876 988 
20 30 162 242 256 447 478 500 508 640 721 743 749 781 821 855 909 947 955 987 995 
18 229 235 246 320 341 375 415 453 456 627 640 773 833 858 888 925 936 987 
19 54 66 71 92 184 355 365 412 433 471 483 487 522 622 751 755 797 801 823 
18 2 55 104 133 145 226 299 301 326 380 415 671 816 909 921 940 965 966 
18 49 103 115 144 181 235 284 389 394 401 405 448 485 529 614 672 853 990 
18 20 143 150 156 187 189 217 221 295 510 646 685 708 737 739 758 785 947 
18 81 155 169 206 207 357 505 522 583 628 794 832 864 887 892 915 960 983 
19 178 272 279 319 336 369 459 461 467 539 560 743 793 800 875 891 907 961 974 
20 41 83 201 215 228 268 356 363 404 474 514 571 588 596 629 657 689 754 804 929 
20 91 140 281 285 289 297 306 509 556 582 597 669 689 709 727 759 812 827 889 911 
19 22 50 56 165 452 467 479 550 607 612 617 625 658 766 797 857 922 958 980 
20 89 102 148 221 261 372 398 433 481 561 564 694 809 841 883 901 908 935 956 989 
18 19 57 188 317 347 370 402 405 585 599 644 694 699 794 802 813 834 853 
20 3 96 182 213 242 304 345 356 477 482 526 546 601 695 786 788 838 895 910 938 
20 2 70 76 97 103 165 166 174 270 283 328 393 408 423 494 502 658 814 844 939 
19 39 148 150 183 225 257 287 374 385 405 511 516 733 769 833 883 886 887 957 
18 139 151 197 214 294 298 325 360 368 455 458 533 549 649 781 826 870 890 
20 26 110 116 144 160 370 381 423 428 529 592 636 679 692 758 781 843 853 883 972 
17 25 35 118 123 150 336 354 501 518 593 595 610 656 676 754 902 910 
19 9 38 64 256 451 457 580 584 636 721 759 770 771 791 807 873 882 933 969 
19 83 107 124 141 210 247 257 305 338 361 409 511 514 621 653 817 826 898 909 
20 30 33 61 69 93 143 149 170 223 272 307 391 394 645 654 683 738 754 842 880 
20 50 134 239 303 317 340 352 357 381 478 557 564 581 591 683 799 822 850 927 967 
19 44 154 213 289 377 385 449 498 513 551 606 669 699 746 784 901 912 982 995 
19 49 275 295 310 341 385 402 529 537 681 689 692 703 794 815 851 879 898 944 
18 5 97 137 174 181 183 222 248 265 267 327 348 461 558 602 633 730 789 
19 97 162 166 170 171 357 419 453 475 526 529 599 636 649 717 926 965 973 991 
19 11 83 192 203 236 237 263 368 438 602 667 731 781 791 804 837 849 939 941 
19 1 17 38 192 202 236 282 284 289 518 552 574 603 612 669 678 699 813 935 
19 85 151 164 192 215 490 521 535 563 588 612 717 731 781 845 864 867 911 977 
19 19 35 93 100 223 226 248 312 346 438 458 517 529 661 698 872 899 917 923 
19 26 35 160 248 291 293 356 431 557 561 636 657 749 765 775 811 831 873 932 
19 15 175 248 283 343 455 494 509 513 624 674 783 837 849 850 897 900 916 995 
20 43 50 51 68 88 98 100 105 136 194 196 199 470 524 575 670 727 768 833 994 
20 69 72 154 186 246 401 436 447 478 499 626 627 665 671 683 698 725 742 795 987 
17 24 68 140 299 360 399 538 556 587 645 701 703 930 933 942 964 965 
20 65 105 181 193 246 321 334 376 380 424 481 563 574 606 627 675 718 935 946 994 
18 126 137 219 529 619 648 651 658 736 787 830 842 853 882 884 899 983 989 
20 27 122 137 256 318 473 503 580 598 678 701 708 722 751 768 773 796 915 935 942 
18 54 75 224 240 411 423 446 469 481 486 582 689 787 895 927 930 944 978 
18 33 56 138 140 152 207 229 281 299 331 344 451 619 652 659 667 691 945 
20 29 45 58 82 88 138 164 240 251 259 290 385 389 412 434 548 833 861 941 946 
20 36 87 102 109 154 163 194 279 534 550 558 695 744 782 821 831 867 879 906 987 
19 40 109 132 200 226 310 541 587 616 643 677 682 701 714 725 793 873 882 893 
18 53 67 79 82 127 188 284 359 382 485 589 596 662 671 745 821 950 970 
20 88 95 162 200 302 346 476 541 543 551 583 589 615 648 748 758 797 856 889 931 
19 7 21 155 176 202 212 255 327 370 403 502 616 697 802 844 872 927 953 991 
19 32 94 164 176 254 258 334 469 495 497 515 535 565 606 641 655 680 853 922 
20 75 92 154 157 246 340 345 411 440 547 579 617 644 652 669 677 811 828 854 973 
17 95 203 323 421 434 475 499 707 739 752 761 809 832 850 863 893 898 
18 115 161 197 206 314 315 356 405 465 480 494 643 746 748 785 817 853 901 
20 46 144 305 333 336 337 360 422 504 513 534 547 552 553 720 742 813 827 871 938 
20 16 30 48 199 280 284 289 348 416 423 433 461 506 555 565 655 706 801 872 986 
20 11 15 22 23 27 79 85 188 194 335 507 518 572 588 786 829 837 916 936 970 
20 42 135 195 208 339 390 525 528 600 611 624 625 648 686 751 776 887 894 902 915 
19 178 350 394 403 430 473 481 495 541 559 567 619 635 665 687 711 779 856 966 
19 34 300 423 446 458 493 494 497 570 579 617 642 679 698 754 820 874 908 944 
20 44 53 124 184 212 226 255 276 299 337 392 522 576 624 627 643 665 693 745 866 
20 60 73 123 178 240 252 253 368 377 397 455 504 609 698 755 777 812 844 914 930 
20 9 118 126 139 193 260 269 294 309 339 354 381 396 457 505 677 781 801 827 871 
19 18 22 29 154 240 273 277 384 395 411 417 555 599 629 643 879 971 988 994 
20 72 110 178 182 257 296 297 358 412 502 509 521 578 667 679 752 809 832 842 938 
18 92 206 217 234 294 306 310 339 346 444 526 599 620 653 682 799 832 948 
18 68 98 170 206 208 317 368 386 467 610 670 678 755 786 856 880 931 933 
18 30 111 207 235 305 317 347 437 569 666 797 802 818 821 845 865 984 990 
18 100 137 200 232 321 451 480 488 510 549 591 613 667 691 717 746 842 959 
19 19 88 236 240 388 429 499 541 554 588 621 654 762 779 795 859 918 938 979 
18 17 79 81 100 110 255 374 396 486 512 538 549 554 577 648 676 734 958 
18 76 121 228 267 312 357 394 395 488 513 638 720 749 820 835 889 892 902 
20 3 8 53 135 158 267 319 378 514 550 568 593 635 719 758 767 835 912 917 948 
20 43 71 131 251 289 315 412 474 510 556 570 593 595 645 682 797 869 896 901 968 
18 49 101 104 128 216 262 326 398 464 482 571 670 755 780 886 930 974 995 
19 44 80 103 170 198 223 353 460 462 580 662 687 807 874 921 922 930 948 993 
19 13 53 77 100 184 234 335 418 420 461 462 544 629 699 718 816 871 912 994 
20 182 184 226 255 309 338 380 411 569 589 689 709 795 800 822 841 913 938 947 991 
20 14 32 170 183 277 332 367 399 432 569 665 682 701 833 834 860 875 886 951 962 
19 9 78 110 111 199 201 261 455 461 477 576 591 752 783 933 938 964 977 994 
19 13 99 244 325 390 393 406 412 449 473 533 649 724 726 736 805 924 971 979 
18 31 44 50 92 143 194 273 466 488 518 537 576 582 627 697 819 824 848 
19 94 106 210 212 239 430 436 445 541 630 661 663 684 727 760 776 781 791 900 
18 26 45 231 251 442 509 512 586 591 668 723 745 842 875 904 946 962 994 
19 54 251 280 322 330 349 363 514 594 678 750 777 867 882 888 895 962 978 990 
20 8 41 70 148 208 249 250 283 289 306 307 310 637 698 767 796 834 837 853 868 
19 33 42 83 140 201 229 438 492 619 622 627 645 667 695 808 861 886 950 976 
18 11 120 147 197 253 284 360 394 491 544 547 590 600 638 644 803 862 943 
19 16 44 133 237 259 292 343 379 386 404 427 466 526 566 738 790 859 914 968 
16 75 76 132 148 219 256 351 372 415 435 533 587 643 682 727 934 
19 35 36 125 158 247 301 304 334 442 478 495 550 713 738 755 801 873 964 973 
19 43 143 193 261 270 321 356 357 373 438 493 572 594 602 647 667 733 866 953 
19 101 166 175 206 261 267 302 417 519 563 659 719 735 739 779 802 888 908 991 
18 30 46 127 135 163 352 360 483 535 601 617 626 744 865 899 943 961 967 
19 147 148 175 242 253 275 396 404 406 414 419 422 460 726 727 828 842 981 990 
19 247 290 291 336 427 573 618 689 704 819 833 840 859 868 894 939 944 976 988 
19 41 59 91 127 171 372 380 432 455 588 743 771 814 873 878 924 935 952 995 
18 53 191 244 332 364 391 417 446 471 503 555 570 587 682 893 899 903 920 
18 20 50 133 167 357 501 559 592 661 691 704 711 742 749 783 789 928 976 
18 32 60 125 211 230 249 361 419 486 561 740 843 855 891 909 948 960 979 
18 18 46 89 150 167 170 171 248 353 413 500 522 600 621 841 858 870 901 
18 6 44 65 157 166 300 519 598 638 713 714 742 753 799 927 965 977 978 
18 10 40 50 168 261 307 407 430 601 654 664 665 730 735 760 849 933 948 
18 36 49 241 351 397 455 503 551 556 564 566 599 681 704 712 767 803 884 
19 68 83 123 130 146 182 227 294 330 344 379 512 613 742 840 854 857 862 872 
18 55 96 292 297 320 349 386 391 423 496 568 579 667 694 798 812 853 912 
20 20 51 73 169 253 291 348 479 484 487 505 510 552 568 644 700 747 789 853 948 
18 56 73 100 131 223 252 316 321 370 536 545 583 634 639 643 756 812 861 
19 11 16 38 51 90 124 278 589 602 693 716 719 746 773 784 796 857 931 993 
20 13 111 130 134 165 207 211 249 371 388 483 529 648 693 745 767 931 932 964 983 
18 42 167 173 260 350 389 450 543 565 611 625 738 779 828 940 963 966 984 
20 17 29 33 116 118 201 311 343 347 388 473 667 669 715 737 774 844 898 902 924 
19 22 64 120 158 278 386 430 464 468 548 575 662 789 839 851 868 900 935 994 
19 140 397 402 408 412 444 463 474 484 486 660 741 752 753 791 829 845 951 971 
18 127 154 175 178 230 298 323 366 430 439 542 579 659 676 735 759 763 846 
18 13 90 99 117 127 200 259 370 388 480 511 628 703 815 877 931 946 983 
18 33 104 171 219 257 262 380 434 444 462 516 631 650 751 786 813 833 906 
20 2 11 48 49 73 138 161 164 170 258 375 434 528 604 625 650 678 764 868 886 
18 18 28 171 185 348 490 495 672 738 829 899 916 921 924 943 957 963 977 
19 23 90 97 113 115 297 318 329 416 463 513 540 645 696 712 807 833 871 920 
20 79 115 244 315 375 383 394 416 418 444 661 721 747 778 787 868 930 941 964 987 
18 11 22 54 181 254 266 273 278 360 386 436 489 554 607 651 816 865 929 
16 77 155 168 176 193 308 378 396 511 528 557 583 709 764 791 792 
19 12 22 85 110 117 361 469 536 554 607 670 778 783 808 826 831 879 884 984 
18 59 77 127 135 241 358 393 408 424 462 504 581 707 811 881 889 900 972 
17 10 19 142 198 367 472 512 516 637 684 709 807 820 826 919 948 959 
19 127 166 168 224 302 401 475 620 627 709 736 765 820 878 911 921 940 980 984 
20 1 13 28 42 128 138 171 178 248 307 441 503 521 615 670 694 765 809 856 905 
18 33 43 132 162 163 191 217 229 306 452 549 616 678 716 773 834 849 968 
19 140 188 228 269 372 385 433 450 471 509 556 557 656 679 803 884 961 973 994 
20 28 72 171 193 250 377 387 462 495 497 535 662 688 733 782 802 826 843 911 926 
19 16 87 95 107 136 281 299 304 346 362 434 619 691 713 759 779 880 888 938 
20 39 49 76 114 203 266 352 355 414 448 571 595 654 658 670 720 833 834 882 975 
18 32 45 52 81 174 218 226 471 534 544 631 643 666 730 767 817 832 894 
19 12 95 143 159 171 179 297 349 398 554 579 611 677 777 799 809 884 936 961 
19 174 277 319 363 458 499 520 633 656 678 682 686 699 766 770 842 851 918 956 
20 19 43 63 143 182 196 247 352 392 399 421 458 515 533 538 629 635 739 752 795 
18 2 5 110 173 184 237 338 348 466 478 485 498 603 673 678 792 818 956 
20 33 58 103 216 253 259 260 277 291 295 366 369 530 584 641 723 777 807 812 855 
18 48 89 112 131 249 367 444 458 467 490 497 591 712 725 789 864 916 956 
18 31 155 237 294 370 377 418 449 503 543 570 637 642 650 682 687 943 947 
18 187 252 279 353 447 448 482 538 571 609 617 689 736 812 857 906 967 991 
18 64 100 323 343 346 399 419 519 561 672 703 725 772 780 804 896 942 967 
19 49 53 175 181 197 199 267 276 310 339 388 399 428 553 645 688 738 843 958 
19 18 96 100 122 224 280 301 361 523 527 601 609 616 624 683 718 748 772 931 
20 31 161 227 256 288 318 365 368 437 444 454 512 635 725 726 744 799 850 880 987 
17 11 37 164 267 280 368 434 439 453 482 567 594 696 847 860 887 923 
19 24 95 99 135 153 196 333 351 496 515 564 662 706 707 807 832 837 887 975 
17 12 18 71 198 223 232 327 348 417 492 504 516 567 602 624 827 928 
19 80 156 223 246 319 365 367 372 387 432 499 657 704 725 760 785 792 874 887 
20 77 112 119 180 205 225 243 244 269 273 301 329 456 548 561 589 648 800 863 953 
18 19 123 176 179 253 282 283 286 352 570 662 715 749 776 781 880 928 962 
19 185 238 354 378 388 401 453 469 533 619 672 680 772 780 871 909 911 918 977 
19 26 29 79 114 119 127 287 291 330 361 365 414 443 625 715 760 782 934 985 
18 16 118 153 199 206 300 342 383 439 494 497 547 576 636 672 756 841 960 
18 41 92 112 124 168 298 449 470 476 567 621 693 741 760 799 836 852 885 
18 37 102 104 116 123 280 291 294 300 348 449 608 617 633 674 785 786 862 
18 52 71 72 90 130 141 142 150 291 515 741 779 807 810 845 892 957 980 
20 37 58 70 270 295 350 360 437 480 481 608 644 667 688 742 886 890 893 939 942 
18 19 20 55 87 202 205 263 386 397 411 524 697 723 791 834 859 929 980 
18 46 112 120 133 247 356 415 516 601 613 628 638 671 787 802 844 964 978 
19 13 53 94 113 160 174 294 334 401 512 536 553 752 770 821 834 850 981 990 
18 30 57 112 176 200 220 317 377 448 455 601 874 896 906 911 944 973 975 
20 12 63 79 138 156 225 242 351 474 487 523 528 550 554 568 594 620 672 804 815 
19 3 47 106 214 226 292 302 322 327 344 415 520 536 572 586 731 776 859 986 
18 42 60 183 211 224 258 261 286 381 435 457 464 515 659 779 854 856 910 
19 49 132 178 265 287 326 329 371 399 438 550 569 693 727 768 775 782 877 923 
19 31 46 52 114 147 169 194 332 361 381 425 495 520 634 710 718 772 818 986 
20 87 108 181 192 252 416 504 567 577 672 695 749 754 783 805 856 926 943 952 962 
19 19 140 153 312 334 351 429 499 524 583 668 747 751 761 792 801 833 897 947 
19 8 106 147 165 247 257 462 520 523 558 648 652 655 716 725 729 731 756 938 
20 4 27 39 48 76 101 116 137 153 202 478 556 656 671 679 730 807 912 922 987 
20 23 52 56 62 64 111 148 171 173 241 277 422 530 541 693 742 743 747 753 872 
20 6 30 105 117 178 188 280 331 334 386 413 439 510 569 590 625 674 805 861 990 
20 2 67 73 75 76 176 287 324 441 478 531 555 587 592 646 659 676 736 764 963 
18 142 187 193 234 300 395 530 532 584 631 716 795 806 861 898 947 957 995 
18 1 3 6 184 195 203 221 344 391 567 573 648 656 726 861 864 988 993 
17 26 67 108 203 208 412 433 534 554 617 657 735 769 775 792 891 949 
19 24 116 154 162 196 203 240 285 333 490 525 567 590 630 738 774 876 929 938 
20 8 87 120 130 138 301 319 391 474 508 518 552 641 663 716 805 806 885 915 928 
18 37 73 279 287 356 385 460 462 511 513 577 601 615 674 689 892 947 964 
19 113 151 186 225 289 333 336 345 389 427 461 481 541 550 633 797 816 863 904 
20 9 46 132 238 286 312 328 395 409 467 535 553 607 616 652 658 783 816 896 959 
18 51 109 146 149 406 497 512 539 590 596 625 768 809 856 975 982 989 990 
20 88 136 172 212 265 324 370 386 474 499 539 554 606 644 680 689 726 794 906 980 
20 17 197 246 261 306 361 391 448 507 510 521 598 636 736 768 782 878 913 934 963 
17 74 102 245 305 336 371 389 405 416 607 622 659 781 823 905 906 980 
20 17 48 99 110 252 309 485 519 536 588 614 626 695 701 743 785 795 833 834 946 
18 2 70 110 115 269 276 368 380 424 425 459 521 601 655 734 751 763 965 
19 13 123 134 302 401 403 438 448 577 663 683 706 732 799 811 819 851 877 886 
19 4 37 40 62 66 138 181 215 217 255 320 334 386 387 488 513 713 789 823 
19 37 85 192 225 255 283 293 368 370 407 505 550 623 664 703 719 732 763 934 
20 135 221 252 263 273 324 462 494 507 570 582 592 605 696 740 869 903 904 962 993 
19 68 162 199 207 402 426 430 536 698 723 741 768 788 811 851 876 949 952 970 
17 106 145 155 158 170 267 328 526 528 635 660 692 784 809 938 939 940 
18 8 134 243 258 263 333 351 414 420 447 452 588 641 645 739 893 943 956 
18 66 76 143 191 217 227 259 375 470 491 533 549 660 778 831 893 935 938 
20 25 100 126 136 141 145 158 209 226 297 316 400 454 463 469 516 562 627 767 922 
19 145 146 307 380 415 479 481 487 525 547 551 657 675 680 783 787 824 909 980 
18 19 84 92 151 154 226 271 411 437 444 546 626 645 670 863 874 894 898 
20 3 26 37 64 188 198 236 277 357 358 370 413 434 463 466 479 629 700 811 813 
18 8 32 40 78 159 224 287 293 306 362 398 463 468 497 522 532 557 569 
19 58 64 101 116 199 211 268 338 344 406 523 650 694 710 810 865 888 894 994 
18 79 86 149 150 310 336 341 385 407 440 538 569 585 639 739 755 814 833 
19 113 142 148 217 275 327 359 379 401 422 583 597 634 636 653 676 756 768 805 
19 35 36 45 50 69 74 147 176 178 342 348 435 491 564 628 764 878 937 940 
20 9 52 112 218 276 279 314 326 344 363 552 554 558 591 678 696 725 845 956 966 
20 35 114 154 162 202 315 393 444 511 564 572 676 770 772 777 791 797 863 898 940 
17 26 102 106 117 128 183 260 350 452 646 689 729 734 751 809 810 872 
18 75 159 172 190 192 197 275 302 424 440 550 736 773 808 812 840 878 977 
19 127 347 403 439 504 508 586 627 640 651 708 749 750 784 813 831 861 878 993 
18 17 69 198 251 379 433 467 479 485 493 511 529 698 705 811 890 899 960 
19 187 274 334 347 381 442 535 540 545 548 556 568 648 664 807 835 858 869 950 
20 24 52 57 63 82 132 205 214 234 257 273 472 536 619 655 675 697 874 885 967 
20 31 96 109 131 144 186 229 236 250 255 268 481 529 559 569 573 603 743 746 822 
19 9 26 71 101 144 219 248 257 262 338 385 397 522 545 549 606 617 687 775 
17 176 283 295 309 351 450 463 464 579 632 642 780 811 891 921 957 973 
19 127 250 371 374 435 506 565 583 691 750 757 777 809 869 899 901 925 962 969 
18 65 129 133 203 292 312 378 387 390 610 611 615 621 633 705 716 748 791 
19 23 49 66 103 202 225 234 291 349 463 512 521 661 685 773 856 919 941 948 
19 21 68 72 131 240 251 268 335 337 351 376 390 455 456 514 834 873 914 983 
18 10 14 20 56 188 195 208 223 228 254 279 294 473 538 679 833 874 992 
18 48 87 142 250 286 409 410 453 466 513 527 534 601 607 619 655 702 781 
18 1 86 122 200 294 319 338 406 453 461 470 483 643 686 712 860 933 995 
17 10 31 53 138 179 208 212 256 313 378 463 601 850 891 928 955 992 
18 23 49 83 103 126 153 254 286 327 339 411 452 490 634 635 686 956 969 
18 20 123 162 268 323 353 423 448 487 612 655 689 774 784 810 841 893 947 
20 103 107 108 128 153 219 256 300 315 344 383 392 421 472 677 820 855 902 976 982 
19 35 233 292 304 323 360 382 396 541 582 607 648 653 730 740 814 874 893 913 
19 70 98 219 234 263 287 293 310 331 392 518 534 673 681 773 832 871 883 988 
20 58 73 83 318 337 422 436 444 589 613 659 704 763 767 785 878 908 944 976 979 
20 36 56 94 189 197 240 247 259 369 374 390 391 624 638 691 710 752 770 803 881 
20 21 35 41 59 191 275 287 288 299 422 449 493 596 690 692 698 761 829 901 988 
18 32 73 173 327 355 400 485 498 610 643 722 729 773 799 841 969 970 977 
18 114 167 179 229 281 302 395 513 621 654 657 698 831 833 852 876 878 883 
17 38 54 59 93 116 156 186 295 296 377 497 535 615 714 716 777 846 
18 92 197 305 329 376 395 403 492 518 589 656 675 691 722 783 786 791 953 
19 14 57 115 127 201 257 328 372 433 506 514 538 556 733 737 797 886 912 935 
18 21 24 48 140 203 286 295 357 469 538 545 562 853 926 938 943 945 972 
18 25 260 269 296 423 481 498 525 568 678 743 770 856 884 887 951 959 962 
20 115 125 145 196 232 246 274 363 411 475 484 512 526 583 632 661 774 782 954 959 
18 21 30 64 151 158 325 499 546 590 621 664 693 855 903 912 960 970 976 
19 20 64 111 143 169 305 311 325 468 601 638 660 672 692 792 805 822 941 958 
19 3 7 54 67 207 230 254 328 329 343 491 646 674 698 736 741 782 837 977 
19 5 187 224 321 379 382 418 443 512 582 586 590 594 793 803 821 874 910 979 
17 93 134 172 233 246 322 374 457 567 662 673 707 713 811 821 853 988 
19 41 71 103 119 171 208 237 288 316 331 435 557 591 653 709 723 872 877 962 
18 43 109 116 124 217 274 329 330 346 356 450 540 584 606 641 659 827 907 
19 32 152 170 184 219 266 317 320 357 390 420 447 696 721 733 797 945 953 965 
18 35 107 141 153 351 451 477 481 491 519 553 635 656 688 701 750 764 874 
18 23 207 244 270 315 368 400 546 550 598 666 748 807 847 849 861 935 964 
20 60 80 138 139 229 231 293 365 366 394 407 530 679 724 754 855 899 917 927 986 
20 67 73 75 114 140 352 372 400 406 412 475 481 487 587 602 720 787 833 836 842 
18 46 106 134 326 409 421 473 487 495 499 555 565 577 765 836 881 912 925 
20 36 133 161 165 180 206 223 360 398 440 468 481 491 517 560 592 595 722 747 956 
19 9 143 195 225 345 366 369 477 485 527 537 540 557 608 669 714 785 841 889 
20 10 67 71 82 191 252 262 336 346 377 485 549 589 610 646 721 761 785 793 897 
19 20 22 26 43 72 160 177 238 246 311 469 488 524 564 679 683 827 844 888 
18 194 241 310 358 360 373 426 584 609 651 750 767 780 784 871 908 940 943 
17 69 75 135 175 319 346 462 512 706 753 786 791 793 800 870 912 966 
20 14 63 77 127 133 176 190 196 265 274 337 381 469 471 483 520 615 650 864 898 
18 127 161 180 252 261 372 398 425 467 644 656 728 733 866 904 915 938 962 
20 11 163 191 235 333 385 492 509 521 632 666 668 703 805 825 826 887 913 961 974 
19 23 45 159 161 203 262 287 295 354 359 487 490 603 637 741 859 885 892 985 
20 24 43 67 121 133 221 299 321 335 342 361 387 417 461 581 679 713 792 836 944 
20 8 24 31 92 123 201 210 222 346 410 569 611 618 627 631 636 690 791 831 854 
20 14 48 59 63 100 117 288 296 320 338 355 366 414 415 519 530 657 865 904 928 
19 34 35 55 60 64 130 162 206 317 433 465 473 583 673 854 884 888 897 954 
19 133 205 208 224 236 321 378 389 391 433 559 583 651 762 870 871 874 899 947 
19 63 148 191 195 208 219 355 410 518 628 631 647 652 678 717 720 723 985 988 
19 137 236 253 270 305 330 454 552 593 633 637 792 809 832 917 936 952 954 960 
19 92 190 219 235 404 427 448 456 459 488 505 630 634 676 718 728 735 892 911 
18 36 37 137 211 232 269 335 422 429 502 644 659 699 764 770 851 861 915 
20 41 77 289 292 321 322 325 326 356 395 468 469 472 611 628 664 842 876 968 977 
18 121 184 227 233 281 313 368 404 433 576 636 684 702 746 795 839 862 884 
20 61 107 119 137 185 353 408 529 547 570 637 648 758 766 816 861 872 901 958 971 
19 12 176 230 248 391 426 433 464 475 608 663 672 702 720 775 799 871 936 954 
20 28 46 189 304 316 418 424 451 453 528 540 592 653 879 888 918 935 939 956 973 
19 9 15 62 117 138 150 313 354 420 695 699 756 758 859 905 960 979 990 991 
17 35 75 76 198 305 310 322 334 389 426 483 632 673 742 854 865 922 
19 83 94 108 206 261 300 312 474 485 491 500 541 548 574 610 785 825 969 994 
18 139 148 166 180 311 338 366 368 399 568 588 606 611 626 769 783 796 926 
20 6 44 78 112 129 143 149 183 292 392 396 456 629 633 641 683 780 875 952 971 
20 61 62 81 85 188 249 268 367 387 414 421 505 595 612 695 747 792 897 926 967 
19 122 160 208 357 474 476 698 705 724 761 827 842 846 848 873 901 928 937 976 
20 6 15 39 60 83 179 361 396 469 531 569 623 731 750 815 871 912 931 967 968 
20 31 35 213 248 256 317 364 380 389 585 594 671 673 692 789 851 856 864 900 966 
20 96 98 198 394 423 472 479 534 563 625 658 659 688 765 816 839 841 860 865 976 
18 74 139 242 255 298 320 361 400 527 656 684 790 799 845 885 894 895 903 
19 75 130 179 204 246 264 280 292 327 487 535 605 655 694 704 710 888 891 969 
18 22 39 91 123 141 172 176 197 220 247 294 323 463 518 737 764 825 958 
20 233 252 262 266 325 329 386 427 430 523 532 570 571 631 710 767 809 889 890 971 
18 6 244 287 333 422 444 505 531 591 613 698 792 823 827 860 874 944 993 
19 26 76 90 131 135 160 166 215 304 380 400 418 537 617 633 786 805 816 862 
19 30 42 71 117 255 269 310 417 441 446 554 637 648 660 725 753 816 915 968 
20 10 121 186 196 208 237 264 354 365 419 473 474 571 591 620 628 631 824 863 944 
18 50 72 109 139 145 196 308 380 389 589 609 661 700 713 788 793 811 987 
20 43 77 125 155 193 213 233 249 340 363 416 458 607 617 701 709 855 881 898 918 
19 92 125 158 228 276 296 297 350 455 479 497 515 528 545 552 609 621 643 888 
18 81 86 99 188 382 407 427 470 577 645 652 766 784 833 885 987 988 994 
19 7 41 102 103 168 176 323 334 443 469 542 652 672 700 892 914 954 955 963 
20 35 59 88 107 126 168 170 211 218 231 259 298 398 486 652 667 680 867 894 958 
19 40 73 164 167 170 216 464 477 505 577 721 722 766 771 826 839 880 904 940 
20 16 18 55 180 187 228 244 251 280 326 353 384 389 525 614 736 884 902 958 978 
19 2 29 192 211 235 260 285 290 410 422 463 566 595 597 662 768 775 820 859 
20 5 46 159 289 303 356 358 369 462 473 555 620 621 628 679 743 824 884 926 974 
18 13 73 247 428 435 457 489 521 551 651 734 750 840 877 948 951 957 990 
20 48 129 195 196 263 264 306 384 402 425 535 574 644 687 706 740 778 913 948 977 
19 79 95 97 310 375 403 407 443 465 475 516 574 650 660 686 695 716 746 812 
19 15 184 223 240 334 340 349 377 473 534 573 636 669 730 732 858 891 972 992 
20 29 44 159 199 209 223 279 285 302 415 417 420 422 500 517 704 725 727 821 860 
18 42 56 94 115 156 219 234 367 376 537 643 697 708 716 725 805 896 974 
20 65 71 84 125 132 201 220 256 283 306 316 321 534 703 795 802 849 965 989 995 
17 61 125 128 149 161 175 241 303 391 770 795 842 853 883 963 972 974 
17 140 141 290 302 352 409 424 451 480 522 588 724 829 844 901 953 960 
19 50 53 123 186 257 305 417 503 553 666 820 832 844 883 885 886 894 898 950 
16 127 199 200 239 247 367 441 448 489 506 669 703 896 899 968 987 
19 44 80 153 163 201 226 270 361 426 504 555 627 652 750 791 905 915 945 988 
19 1 11 33 41 136 137 141 254 339 422 423 470 473 811 814 834 849 957 960 
19 47 113 219 233 276 345 372 408 444 545 548 723 748 757 786 819 891 918 983 
18 122 131 136 147 226 237 296 499 520 548 607 690 778 825 879 911 951 994 
19 8 184 248 266 343 364 365 405 422 477 506 626 712 751 784 804 834 933 987 
19 5 47 49 93 129 224 287 308 382 418 557 610 664 686 722 727 733 869 893 
19 12 165 179 207 208 233 251 397 484 499 514 678 682 705 747 756 791 798 885 
20 29 77 96 107 145 151 166 225 298 333 400 434 442 487 541 580 716 763 892 973 
18 70 84 109 158 305 337 398 584 602 610 616 624 816 846 862 877 968 979 
20 39 73 86 94 181 221 301 312 394 433 550 558 588 618 662 741 785 973 975 994 
19 30 42 212 286 324 348 350 426 517 577 585 586 618 667 673 698 783 915 987 
18 94 120 123 141 234 242 392 474 476 485 535 588 725 747 750 860 898 959 
17 49 117 121 134 243 457 503 538 540 576 579 710 854 904 907 919 963 
18 90 199 209 269 427 429 638 664 682 688 706 756 790 819 841 895 905 987 
19 16 87 178 264 421 522 538 605 660 674 682 693 706 786 804 835 918 924 952 
20 79 150 203 280 295 329 500 541 554 556 564 574 576 623 699 770 873 895 907 951 
18 16 67 229 245 250 251 259 273 280 307 333 334 392 402 448 514 829 894 
18 27 54 108 111 174 177 184 211 242 315 333 446 725 848 893 894 905 930 
18 5 10 12 47 94 333 337 379 421 438 486 500 517 570 612 635 979 985 
19 92 336 460 468 493 551 584 597 640 686 776 780 886 894 898 930 952 953 958 
20 3 108 113 122 124 190 212 262 287 352 454 459 512 537 664 677 686 705 816 825 
20 45 60 74 77 139 200 379 409 502 655 666 748 781 832 890 910 919 944 956 966 
20 13 19 65 202 380 395 406 484 526 530 556 579 618 658 710 718 726 922 926 967 
20 28 60 62 108 147 153 159 200 220 234 250 266 380 384 542 580 645 730 796 798 
20 91 152 192 208 279 326 351 372 399 444 538 699 712 829 838 890 939 950 964 968 
20 14 44 59 110 190 194 217 259 272 323 367 505 533 626 806 837 848 915 923 946 
19 6 88 119 148 157 295 369 382 420 464 482 575 686 702 743 760 882 915 945 
18 40 156 197 198 284 317 341 443 458 470 503 570 627 750 834 888 942 965 
18 3 21 123 170 197 275 393 406 444 449 460 574 624 628 841 851 964 983 
17 133 151 210 215 280 439 440 590 671 757 838 860 870 897 901 923 959 
20 24 94 180 181 192 196 319 320 325 328 340 351 420 548 635 677 850 870 953 957 
18 21 54 231 256 329 343 440 485 493 582 637 639 684 695 696 733 749 904 
20 37 256 267 301 373 390 394 398 426 510 602 653 671 702 704 731 821 953 977 986 
20 2 26 32 61 79 123 273 353 423 449 468 602 652 680 710 812 853 855 879 964 
18 126 132 161 176 211 271 324 378 407 466 468 550 554 585 611 646 900 913 
18 12 57 64 89 144 282 456 597 617 630 793 801 813 851 910 915 944 974 
17 54 96 150 269 321 329 342 375 462 468 726 754 778 780 802 843 954 
20 36 84 122 187 234 314 348 355 404 416 577 647 674 699 714 760 792 854 936 971 
19 13 34 104 115 121 127 131 189 252 278 378 431 462 657 699 788 807 942 963 
19 23 109 111 168 229 315 320 426 508 615 644 669 678 681 712 746 752 777 837 
20 63 66 201 238 255 288 299 315 349 415 512 594 623 664 813 925 927 951 971 989 
17 233 314 351 426 468 593 695 723 761 800 848 849 872 925 971 978 981 
20 74 181 212 258 328 334 346 426 430 488 496 579 657 676 677 754 829 917 941 990 
19 45 77 92 113 122 137 209 280 341 376 380 433 434 696 738 863 895 931 949 
20 18 43 62 123 265 331 453 502 513 514 522 624 637 638 665 675 688 877 878 891 
18 30 123 169 181 189 192 210 247 258 344 362 387 561 584 607 677 823 983 
19 15 31 36 79 248 263 299 309 344 377 419 558 588 608 724 811 816 869 884 
20 49 130 134 190 304 307 315 347 481 600 616 698 737 739 779 814 845 847 855 984 
18 45 50 109 173 251 298 308 350 431 785 827 860 890 895 900 917 920 968 
20 59 72 89 240 288 319 334 394 399 474 489 545 626 668 792 814 823 872 938 943 
19 10 83 99 106 278 297 318 350 431 503 508 521 653 776 782 907 924 948 990 
18 12 152 184 229 242 266 270 354 443 466 603 620 663 794 799 807 930 971 
18 15 30 38 79 181 232 290 450 458 500 513 543 573 633 692 786 843 954 
20 186 188 273 296 418 523 638 652 678 718 790 816 904 909 921 929 941 959 967 982 
18 41 57 91 160 224 270 271 521 642 660 707 730 843 867 872 935 936 993 
20 110 135 175 202 283 339 351 365 388 410 598 603 608 685 745 756 770 796 831 893 
18 22 57 228 231 260 301 324 329 432 483 534 588 713 824 891 929 942 956 
17 9 96 192 236 297 323 352 398 487 505 520 578 596 853 880 925 985 
18 77 196 211 255 324 334 381 385 445 476 658 736 747 767 784 935 972 992 
20 59 127 140 144 161 188 220 301 402 501 530 539 563 571 602 640 747 854 865 975 
19 8 24 52 134 232 377 432 433 533 561 566 588 608 690 745 769 776 783 888 
18 29 70 278 322 402 424 459 462 485 516 669 680 690 712 729 756 928 941 
18 99 249 250 267 290 408 447 523 540 608 616 706 759 764 773 876 893 986 
20 38 39 54 107 109 117 187 220 241 368 565 576 628 642 668 796 895 932 935 995 
19 4 28 37 46 193 252 289 320 373 394 395 406 412 493 604 617 631 720 871 
20 52 57 102 125 132 303 306 393 408 424 503 535 664 715 735 786 803 930 948 974 
18 22 39 154 184 198 244 329 338 387 462 465 574 634 650 854 915 948 990 
20 8 99 177 178 207 247 495 503 513 519 523 540 545 631 657 687 818 849 860 928 
20 103 207 264 273 319 363 405 445 478 557 619 629 630 679 834 873 874 919 963 990 
19 28 51 142 210 228 237 272 308 341 358 478 673 825 834 848 849 857 865 887 
19 38 75 185 208 210 314 398 404 416 429 449 450 461 463 687 713 819 856 904 
18 27 47 72 139 150 254 302 344 473 638 677 744 806 851 886 916 936 978 
19 8 116 173 304 313 330 467 531 548 629 641 689 696 752 771 883 884 931 987 
18 13 57 114 148 310 392 508 601 653 689 725 789 820 823 843 857 908 955 
19 6 85 106 111 194 283 304 307 372 422 582 635 722 796 824 862 883 925 930 
19 46 154 221 242 322 332 400 412 433 525 533 617 665 692 723 765 861 906 979 
18 2 42 99 152 184 268 378 403 434 445 487 528 643 651 657 686 695 770 
18 14 222 228 233 289 293 299 321 480 484 568 646 802 865 928 934 957 991 
20 117 257 280 286 326 331 433 471 481 482 539 605 642 708 859 871 919 946 965 967 
18 10 225 315 327 393 408 457 461 464 476 491 507 586 780 815 829 839 876 
20 50 59 70 94 136 147 164 275 339 394 447 547 568 588 700 734 809 811 822 869 
19 61 85 88 123 251 278 336 343 541 545 570 644 680 707 731 743 771 799 822 
18 117 148 177 217 220 234 278 388 391 500 605 661 668 680 700 915 916 964 
19 153 187 199 211 256 272 300 438 445 454 483 491 588 593 599 688 691 858 912 
17 163 164 203 224 234 284 370 418 495 555 607 618 762 779 840 865 976 
19 70 130 140 143 242 383 404 419 574 613 713 714 719 754 773 777 813 961 974 
19 51 92 186 321 337 349 365 464 492 498 578 650 662 694 840 935 946 973 990 
19 9 10 58 69 148 160 171 191 268 311 393 460 483 515 562 615 654 900 988 
18 80 81 103 302 342 351 395 441 449 500 744 763 767 769 800 838 933 970 
19 37 83 107 139 271 274 284 408 433 550 607 634 638 700 806 854 861 895 971 
19 3 88 134 216 222 268 321 407 492 543 562 591 651 685 766 890 947 958 966 
20 30 78 103 137 144 167 230 311 320 343 456 487 508 616 666 753 795 914 965 987 
20 37 45 103 125 190 324 350 353 366 396 414 455 517 618 627 652 701 743 854 888 
19 37 126 227 308 312 326 344 414 589 627 644 688 759 814 815 817 858 875 984 
19 95 105 107 130 257 261 291 318 338 447 501 525 602 642 663 689 950 973 988 
19 26 45 62 121 226 247 275 441 523 688 780 814 868 896 916 927 959 969 976 
18 131 174 180 189 275 287 342 388 420 480 550 558 626 657 702 741 826 980 
20 7 136 148 171 175 199 228 244 321 350 530 555 639 681 686 712 771 832 949 951 
18 108 119 142 192 197 205 249 256 397 419 472 498 570 738 744 828 849 890 
18 49 52 64 127 168 205 305 356 424 450 474 501 658 747 936 953 968 989 
19 20 126 140 155 182 334 362 370 381 447 481 544 588 611 636 659 766 940 966 
19 67 138 222 229 278 416 417 545 548 550 569 653 661 666 778 795 833 858 947 
19 39 50 71 113 117 121 160 163 432 437 470 526 575 634 718 883 948 978 989 
18 39 52 152 255 425 469 528 552 608 709 784 805 850 888 896 919 950 994 
19 28 55 76 120 287 339 367 382 418 486 569 582 590 766 824 842 843 958 963 
18 135 232 281 296 312 332 378 455 506 569 572 599 720 748 818 823 847 896 
18 26 38 120 219 340 399 444 448 505 528 555 727 788 844 855 860 936 980 
20 91 152 178 203 217 349 470 570 607 640 647 662 697 714 721 777 871 945 958 971 
20 19 117 159 230 328 334 408 459 490 514 675 677 771 785 795 814 910 927 930 969 
20 45 110 145 192 364 409 411 416 430 448 523 525 529 557 706 721 825 885 906 979 
19 4 62 83 149 173 174 287 303 385 508 536 551 600 687 703 728 883 919 970 
18 26 55 144 254 267 271 361 369 427 458 465 467 664 713 750 865 913 955 
18 7 18 28 52 97 307 310 522 553 591 621 625 738 785 820 902 907 977 
18 10 92 112 123 133 209 367 378 430 576 602 612 687 732 766 833 929 933 
18 21 91 105 155 170 337 339 351 470 529 574 649 734 806 852 859 886 915 
18 15 112 177 217 276 366 370 378 382 402 514 521 565 588 656 689 702 989 
18 115 141 235 327 336 401 437 462 501 516 582 638 657 670 674 783 800 837 
20 16 17 76 107 168 224 367 423 463 467 584 594 674 707 717 751 754 835 865 872 
19 44 76 100 129 150 180 230 307 346 386 555 720 751 809 846 869 900 904 912 
19 108 166 204 339 360 369 428 461 507 531 559 644 668 723 742 752 832 929 979 
19 5 19 44 68 150 174 294 349 397 404 415 433 467 576 705 816 856 857 868 
19 16 70 87 111 157 264 271 277 286 329 361 457 476 667 681 727 731 925 995 
20 94 113 149 233 268 326 347 396 525 561 572 625 695 712 742 746 791 814 972 975 
20 2 45 51 135 188 217 269 344 372 377 509 575 590 657 722 786 817 901 912 985 
18 13 23 66 117 160 293 320 403 458 508 592 618 656 689 713 766 871 916 
19 7 13 48 73 156 179 223 280 366 383 460 655 700 717 839 861 894 991 995 
19 29 76 84 118 180 183 447 492 606 624 690 696 745 762 781 796 830 862 901 
18 43 52 78 102 167 260 402 410 425 543 555 620 635 674 707 782 864 917 
18 75 213 223 236 314 368 399 476 516 562 590 591 625 629 737 759 791 903 
19 14 108 165 182 298 306 441 480 506 540 592 639 754 779 789 841 929 946 949 
19 43 55 124 194 205 354 371 386 510 512 628 639 728 765 883 912 938 980 986 
18 89 120 232 238 246 328 343 374 427 641 659 672 692 735 816 875 907 941 
19 54 113 121 187 196 241 264 268 322 337 376 449 571 639 807 873 901 952 970 
18 56 147 232 234 260 296 316 342 492 499 580 716 726 762 838 889 907 978 
20 21 63 177 232 244 364 376 556 574 667 736 746 763 827 832 910 954 970 982 986 
20 275 305 364 473 488 515 526 553 564 596 603 611 634 712 759 824 852 919 968 979 
17 28 31 59 75 252 271 289 319 359 715 744 794 828 868 907 991 993 
20 55 103 117 128 154 200 365 455 474 485 491 527 549 582 598 653 806 891 936 967 
18 54 175 226 313 368 374 389 390 412 521 577 709 748 805 819 897 955 965 
17 196 415 447 472 512 593 597 630 659 700 758 780 816 897 916 918 928 
18 35 47 128 222 319 354 505 586 592 643 647 736 767 822 825 834 901 910 
18 14 114 174 227 318 338 345 382 542 602 617 646 665 746 750 770 838 917 
20 112 116 175 188 195 208 246 276 327 414 465 513 571 657 675 699 759 776 783 861 
19 13 97 111 177 184 226 244 275 448 469 479 485 534 606 642 644 649 706 926 
20 5 95 161 167 206 213 225 302 390 447 555 618 627 692 702 784 852 854 877 890 
18 33 114 171 191 193 201 374 392 495 510 591 714 722 729 854 857 894 981 
18 12 107 108 135 185 195 240 279 329 338 504 557 645 742 827 849 853 859 
20 6 17 28 72 75 211 221 239 293 346 407 564 639 749 764 802 831 890 891 967 
20 46 72 145 243 328 426 513 520 597 794 796 857 863 872 900 935 939 942 954 960 
20 16 113 120 121 159 236 340 349 358 400 477 488 526 592 613 674 686 749 966 986 
18 61 112 123 145 156 160 274 316 326 432 502 504 541 787 807 813 890 988 
18 34 71 159 162 220 233 391 482 513 535 553 571 623 691 728 752 815 840 
18 11 53 67 87 91 101 259 267 383 421 427 525 601 612 809 812 832 933 
19 48 66 71 80 82 114 148 331 334 442 466 474 523 532 612 707 791 877 982 
19 35 67 113 156 234 280 281 282 448 546 658 679 682 752 755 818 901 905 913 
20 24 67 130 193 249 281 394 424 446 695 696 711 734 752 775 778 784 820 839 872 
19 104 217 298 338 346 372 437 463 495 496 585 597 598 625 639 645 714 757 970 
19 113 127 278 317 358 379 402 412 496 515 631 682 794 811 886 900 908 916 982 
19 21 99 282 319 362 403 407 424 486 502 546 608 650 669 746 822 834 920 941 
18 31 83 100 179 255 289 382 420 495 680 745 813 860 870 900 922 964 993 
19 1 22 228 246 298 391 592 597 599 629 642 657 718 752 763 900 942 946 982 
20 48 126 150 212 225 290 316 516 570 590 604 655 709 730 740 794 839 856 951 985 
19 65 164 284 389 446 516 520 567 574 601 649 702 705 726 744 752 787 894 976 
18 64 139 269 272 341 372 374 590 700 733 757 789 811 866 890 894 930 992 
19 18 151 168 184 197 231 238 314 389 451 567 608 659 675 682 702 713 975 983 
18 151 154 161 294 321 347 353 419 430 529 546 590 613 657 842 882 908 989 
19 45 280 286 313 358 362 383 448 457 473 550 557 615 617 652 656 827 832 915 
20 35 95 116 120 176 355 371 388 413 449 456 461 546 580 681 736 794 918 930 971 
20 131 137 156 170 172 174 307 323 326 347 452 511 530 573 657 793 798 838 914 993 
19 49 88 141 178 262 297 333 366 489 567 578 626 670 683 807 862 885 907 930 
20 217 221 258 300 315 361 440 459 574 579 701 774 827 835 877 882 885 906 908 981 
18 90 127 148 204 309 344 423 528 569 628 659 701 712 753 769 908 926 962 
19 6 18 19 39 138 227 284 455 477 509 556 607 752 765 816 854 901 968 992 
18 27 54 71 109 147 302 304 329 355 357 363 619 632 687 769 865 910 958 
18 107 171 172 243 491 509 696 697 755 771 779 786 809 850 874 891 942 946 
19 53 76 249 251 327 357 406 412 473 518 576 618 648 680 698 725 784 817 924 
18 83 87 95 158 164 205 214 490 529 543 560 673 786 789 790 848 914 960 
19 13 137 278 283 345 351 358 369 376 442 576 582 583 678 679 682 735 873 892 
20 25 41 53 160 171 181 187 189 210 249 331 384 450 483 551 556 723 727 803 880 
18 40 42 128 162 337 345 397 513 522 565 577 586 631 828 881 901 970 983 
18 29 69 121 124 314 344 481 498 533 545 628 668 677 685 694 767 853 976 
17 19 195 362 450 477 481 486 519 554 680 712 795 804 846 848 861 946 
20 4 13 30 54 191 194 197 246 308 323 448 470 486 509 556 558 885 923 965 994 
19 207 252 270 300 404 466 486 641 658 714 722 792 807 812 842 863 881 890 933 
20 28 123 169 171 182 226 269 297 443 460 482 661 664 719 739 748 863 938 963 973 
18 13 49 115 284 295 380 383 391 409 484 504 538 561 862 885 894 935 988 
20 49 82 114 122 198 258 295 305 415 449 476 492 549 554 752 830 839 860 881 902 
19 24 35 120 157 210 310 323 388 395 404 424 531 568 615 641 723 745 841 846 
19 75 85 91 146 175 181 186 293 350 368 499 603 626 722 752 785 793 808 828 
19 28 39 58 59 137 158 199 283 300 517 611 702 764 806 860 945 983 985 994 
17 37 85 97 133 143 182 391 407 465 493 508 525 529 547 677 685 728 
20 37 46 84 175 185 284 305 343 370 396 447 529 676 699 706 729 803 819 867 910 
18 103 108 236 246 343 402 429 482 554 586 657 709 753 821 840 930 949 954 
20 51 181 214 332 354 397 453 482 509 510 524 530 630 677 688 750 873 945 951 989 
18 24 50 85 120 187 270 289 378 392 418 466 501 563 620 721 733 780 877 
19 9 101 208 417 430 530 538 563 579 647 675 688 736 789 808 817 886 935 968 
18 13 24 62 123 135 190 222 314 315 377 390 504 527 581 646 649 811 925 
18 31 92 117 289 446 457 494 498 509 525 578 606 632 714 717 809 878 921 
19 40 118 148 183 245 323 375 436 467 509 517 567 568 609 616 762 815 839 844 
19 137 176 218 243 305 306 376 466 474 581 674 774 776 794 833 868 913 936 985 
19 153 187 190 204 238 264 294 313 396 434 507 550 646 695 716 721 753 907 987 
17 48 135 263 298 365 446 450 475 552 575 599 673 784 816 829 989 993 
18 59 91 174 193 270 276 401 411 424 508 548 563 614 757 787 848 960 965 
19 35 75 87 104 142 158 234 257 337 338 590 676 724 764 766 831 847 976 980 
18 25 41 209 258 268 298 452 538 541 568 577 593 678 763 767 777 863 987 
18 34 93 169 181 201 381 396 397 415 426 499 507 596 672 764 771 876 907 
19 7 23 39 77 173 207 226 307 360 442 475 523 562 600 628 636 653 867 962 
18 46 64 127 130 136 152 247 439 566 568 584 585 606 727 728 790 826 983 
18 14 208 254 255 273 286 395 468 493 506 554 609 636 672 699 717 790 791 
18 176 179 205 251 266 384 405 407 456 571 607 651 709 821 894 919 936 958 
18 53 59 88 119 148 252 266 340 410 426 483 512 517 674 794 905 972 992 
18 20 134 228 247 261 333 352 405 423 470 575 588 630 773 825 841 887 931 
19 1 58 76 88 214 313 318 420 473 506 720 736 763 806 842 930 934 976 977 
20 46 141 178 179 216 254 273 354 370 371 533 615 673 693 808 809 821 836 895 950 
20 28 58 100 220 270 309 363 389 409 433 445 449 522 711 720 806 819 838 868 889 
19 3 19 28 33 56 58 87 167 207 351 463 530 584 634 677 841 878 905 982 
19 148 175 204 266 434 501 509 545 626 637 651 721 819 826 847 861 892 905 947 
20 29 66 91 273 276 523 605 658 673 701 765 771 807 824 882 922 926 928 947 958 
19 61 115 122 171 275 303 316 321 324 379 494 508 538 591 681 718 721 859 968 
18 18 54 67 97 126 140 213 392 412 559 602 618 723 781 837 877 921 986 
19 12 16 124 245 251 255 345 421 469 473 556 589 647 648 658 770 870 916 955 
18 209 250 348 397 423 560 572 602 608 705 714 821 878 879 949 960 975 995 
20 122 136 172 190 248 281 294 323 367 499 632 688 749 777 821 899 906 910 960 983 
19 61 117 161 213 230 319 335 337 422 487 585 668 670 718 790 830 840 843 994 
18 9 81 241 277 288 405 430 469 480 492 542 653 666 766 832 839 876 941 
19 74 266 392 394 435 446 454 514 526 737 739 744 801 866 874 892 985 992 995 
18 14 72 104 133 159 175 336 359 364 453 459 476 625 647 712 772 916 917 
20 80 168 296 352 394 428 471 484 548 558 683 710 784 811 819 865 867 893 962 991 
18 155 166 279 314 457 504 637 674 715 749 758 769 797 821 826 876 897 919 
18 37 42 155 284 310 342 428 550 553 686 689 723 728 747 787 836 854 888 
19 96 98 126 145 173 293 348 458 514 575 602 671 733 745 755 821 828 864 939 
18 13 41 202 239 262 390 412 419 451 578 615 715 800 842 868 939 969 989 
19 9 16 35 148 292 327 374 382 392 422 432 529 536 553 589 774 868 870 926 
20 83 91 95 115 131 147 195 206 208 240 420 443 601 620 664 704 792 809 927 944 
18 60 107 112 115 130 200 202 212 456 501 657 662 707 760 815 907 913 978 
18 81 92 158 285 333 369 390 426 450 519 562 581 586 633 639 827 883 961 
20 50 73 190 194 217 237 249 266 296 313 502 573 625 662 667 697 797 825 924 988 
19 273 311 347 348 359 378 428 500 526 555 710 728 771 785 908 926 931 941 988 
20 74 92 177 186 245 256 301 308 325 363 375 391 432 541 640 659 820 829 904 992 
18 11 14 177 228 278 284 413 423 444 483 534 610 629 731 867 870 908 963 
20 8 48 163 217 226 310 415 485 572 585 603 608 634 655 718 775 784 810 948 966 
18 11 138 158 245 431 435 437 463 499 547 692 693 824 863 902 953 976 987 
18 114 128 170 189 199 204 240 260 264 296 537 592 613 623 701 721 723 972 
20 102 139 172 189 433 456 478 509 534 608 627 641 660 694 729 734 789 829 897 912 
19 140 142 185 241 342 359 492 508 559 567 611 744 745 811 824 836 872 884 962 
19 13 14 40 41 290 310 332 366 394 434 492 510 625 843 885 896 910 940 977 
20 5 8 144 157 165 223 259 300 326 368 369 392 494 555 576 685 737 758 772 868 
18 25 165 185 238 287 392 480 498 543 555 586 637 643 722 861 903 931 938 
19 127 134 270 351 423 457 466 522 628 653 683 699 741 745 752 771 866 885 991 
20 45 169 179 222 225 228 266 355 368 386 435 470 493 512 705 723 760 849 886 958 
18 16 47 93 108 145 335 340 366 378 437 485 579 634 663 664 767 918 940 
18 23 116 170 173 275 344 360 399 521 574 591 601 737 768 819 951 957 959 
19 49 85 119 169 248 298 308 312 380 525 546 644 717 778 891 945 963 964 971 
19 1 45 56 96 111 170 289 365 387 487 561 630 649 657 705 713 722 941 961 
20 1 103 318 345 406 474 592 605 606 648 679 742 751 765 781 802 816 895 928 993 
18 71 163 168 237 309 333 488 515 638 655 676 678 705 794 812 892 894 977 
19 11 41 88 107 203 230 246 247 332 428 453 475 489 517 555 584 876 893 977 
20 24 48 64 177 206 220 286 355 369 407 502 539 735 757 789 821 861 868 904 984 
20 7 19 33 67 76 116 153 246 268 285 301 489 496 555 617 678 707 741 850 900 
19 62 134 207 246 256 306 363 517 564 566 636 704 731 752 787 857 865 972 980 
19 80 90 133 146 268 320 360 391 408 548 607 608 710 733 753 954 956 977 991 
18 22 60 214 217 300 313 431 445 458 459 509 521 556 626 723 807 853 985 
19 47 90 160 168 269 335 544 599 634 638 647 656 686 732 768 787 836 956 973 
18 16 72 143 229 270 293 342 418 574 580 592 733 759 765 783 850 872 917 
19 6 72 98 244 381 399 400 402 509 637 723 739 751 777 824 896 928 929 937 
18 48 77 176 236 247 273 325 345 510 513 537 641 654 659 688 698 700 863 
20 17 18 93 138 142 197 301 335 373 383 434 459 534 565 600 692 775 928 935 955 
19 10 54 81 129 189 224 240 434 442 484 761 766 767 771 805 848 917 956 985 
19 31 75 121 135 196 231 237 264 327 370 433 460 564 595 656 669 791 797 879 
20 14 18 52 142 160 297 329 458 463 512 517 570 598 669 701 742 925 959 963 972 
19 2 41 102 165 229 279 293 347 375 498 533 536 610 670 806 827 904 937 945 
19 62 68 83 283 285 298 339 359 369 409 447 471 569 583 642 690 749 759 891 
18 10 27 136 220 253 390 411 470 549 554 560 584 636 673 678 869 895 916 
19 47 62 117 191 254 315 362 371 496 542 549 564 621 726 763 816 846 881 973 
18 6 47 93 119 296 298 318 379 472 514 560 629 653 712 807 818 840 874 
18 20 93 98 119 150 385 386 491 585 604 630 656 727 729 748 789 806 859 
18 3 83 213 299 483 514 560 576 715 736 775 811 866 893 900 944 951 990 
19 12 97 247 277 490 514 517 527 607 628 792 854 904 919 939 954 970 984 988 
20 11 25 50 71 100 118 126 176 196 235 239 379 438 616 694 723 759 790 839 872 
19 213 221 254 275 333 356 459 460 496 525 526 576 618 694 806 816 849 851 971 
20 111 170 174 275 451 476 537 652 672 674 697 738 749 778 794 879 890 901 989 990 
19 18 81 146 247 252 333 393 493 508 509 528 580 653 746 755 789 802 821 859 
20 43 50 110 132 137 151 171 219 224 265 350 380 418 581 620 624 640 828 835 950 
20 58 78 141 220 276 304 352 495 535 562 571 649 666 691 707 743 858 893 950 959 
20 36 65 76 78 99 193 194 198 207 282 295 465 503 525 553 731 747 871 923 935 
19 34 78 281 286 317 361 370 393 412 465 479 535 580 680 744 824 844 866 971 
20 102 107 128 256 264 280 335 427 521 550 554 563 612 633 668 771 808 884 902 920 
18 15 75 84 106 140 255 268 431 444 531 574 653 693 700 714 732 851 888 
17 96 208 267 317 318 323 423 439 478 519 541 598 724 895 929 943 973 
18 275 278 328 360 380 406 420 551 674 692 738 771 807 828 853 924 944 978 
19 37 83 117 120 139 265 304 348 376 409 410 483 500 575 665 673 723 752 934 
20 2 10 39 82 259 281 351 356 462 474 483 487 520 600 617 695 779 926 970 972 
20 70 97 186 205 208 238 239 274 296 354 446 514 536 587 592 641 714 934 961 969 
19 1 19 83 89 208 353 376 389 428 525 602 648 662 734 776 805 906 930 968 
17 148 182 185 195 315 329 338 345 348 421 482 512 701 789 801 834 851 
19 41 50 69 95 149 294 313 368 373 505 599 704 721 744 753 843 911 922 937 
18 93 122 150 161 216 237 322 487 509 510 526 572 592 649 660 663 878 883 
19 15 22 30 38 121 133 161 214 359 438 499 505 672 799 802 862 932 957 979 
17 34 66 67 107 115 242 260 264 411 581 664 730 758 804 846 866 951 
18 65 80 85 128 184 293 357 370 374 396 407 413 429 443 602 603 864 982 
20 5 78 149 299 377 390 395 421 485 508 522 528 618 626 648 692 702 750 785 791 
20 12 30 56 146 154 156 181 185 201 339 447 467 689 716 831 851 881 885 949 987 
18 10 66 110 112 192 205 206 337 469 505 506 540 614 807 861 883 931 965 
18 29 37 58 64 272 368 402 491 522 652 689 748 752 805 827 835 870 884 
18 22 66 173 303 370 390 415 440 543 555 571 615 630 669 825 881 897 915 
18 7 37 187 277 366 502 541 556 580 620 621 696 718 719 780 864 903 968 
18 141 143 146 208 256 263 375 509 511 549 572 628 726 788 842 847 887 976 
18 18 56 144 157 162 164 179 185 235 362 472 518 608 730 762 794 828 922 
20 8 51 120 174 201 258 309 318 348 481 499 525 529 697 715 753 769 788 893 951 
17 17 68 191 227 243 339 454 588 618 665 738 741 765 834 839 910 954 
19 19 26 74 247 339 341 440 495 533 561 619 624 782 846 925 926 935 968 978 
20 68 158 187 203 273 298 331 378 488 531 568 576 726 736 746 838 869 903 935 937 
19 3 14 22 96 97 160 164 174 247 276 297 304 420 424 434 509 780 815 968 
18 60 204 216 282 357 413 464 523 585 658 693 714 734 736 744 789 831 950 
20 13 18 25 62 82 155 370 427 431 569 621 738 741 749 802 814 815 824 865 895 
20 13 52 65 189 291 343 347 401 425 429 557 654 665 737 827 851 856 920 946 985 
20 8 111 119 178 371 376 403 455 532 533 555 577 737 776 791 819 856 889 952 971 
19 39 43 44 51 70 95 302 361 501 547 557 582 603 695 770 786 847 872 944 
18 31 84 158 232 234 265 288 329 370 374 382 460 465 471 545 813 884 918 
19 19 83 85 128 129 248 329 378 385 432 435 443 527 551 609 711 772 930 947 
20 36 62 74 102 143 202 375 377 434 450 454 537 629 664 691 726 790 816 924 942 
19 50 73 81 102 144 205 306 367 470 484 691 695 757 765 811 812 879 947 970 
20 83 100 108 127 171 204 208 234 268 294 333 549 574 586 596 734 755 770 781 906 
18 52 91 104 260 279 311 345 407 471 500 551 562 579 720 765 965 969 974 
20 14 92 204 216 298 328 337 350 459 471 495 622 659 773 845 849 879 886 901 954 
18 39 80 110 214 358 465 540 541 561 634 663 675 778 879 922 939 940 992 
20 10 69 110 111 194 238 318 360 361 380 409 450 485 520 588 690 716 742 750 949 
20 34 55 105 109 127 189 224 296 314 485 492 570 596 616 635 774 817 836 924 961 
20 27 51 140 177 248 369 406 478 517 523 542 688 756 764 856 863 864 865 933 966 
18 4 10 38 98 107 230 302 375 398 476 477 530 567 585 595 629 712 952 
18 1 13 30 42 103 163 175 212 325 408 422 479 480 523 573 756 925 956 
18 8 22 48 96 214 229 269 351 368 423 493 552 630 697 788 891 920 932 
19 76 113 133 184 194 195 332 379 563 703 809 830 851 895 930 964 968 971 988 
18 82 97 252 263 301 364 404 439 480 607 668 705 736 794 828 893 913 915 
20 10 27 82 109 140 170 219 227 234 322 361 413 560 617 621 720 762 869 953 995 
17 20 28 102 107 160 205 288 294 333 339 448 553 598 633 653 655 698 
19 39 113 117 134 143 187 226 252 336 412 678 691 707 787 795 841 906 937 945 
20 88 118 124 207 220 236 333 383 384 402 424 453 511 517 561 632 690 815 948 986 
18 66 211 224 352 359 413 427 523 583 614 674 704 735 766 809 827 901 924 
18 43 67 92 126 226 269 300 506 552 568 586 607 620 632 734 746 922 970 
19 24 103 133 170 183 207 290 304 387 448 624 650 776 835 904 914 976 977 995 
19 50 93 100 204 254 365 369 445 476 484 539 617 630 686 745 756 817 891 971 
20 87 102 246 283 306 316 325 341 432 533 555 738 740 777 809 812 926 934 946 950 
18 59 87 114 125 186 195 283 287 412 489 656 660 666 707 832 923 970 975 
20 25 85 139 161 177 241 270 361 474 569 598 602 613 642 704 731 756 778 905 982 
20 50 130 134 294 338 354 358 396 403 501 585 605 775 834 837 868 871 873 961 971 
20 33 58 248 292 296 339 351 469 482 537 554 606 607 631 656 664 718 918 929 976 
18 78 150 197 357 387 404 465 477 532 669 783 790 796 804 831 886 930 946 
19 116 123 160 189 208 266 288 334 353 442 460 572 602 817 864 882 887 916 989 
19 13 26 38 79 114 119 229 341 364 392 424 503 508 580 590 644 847 884 974 
20 11 88 92 106 132 346 371 404 540 554 556 647 663 666 677 704 752 762 824 936 
20 62 102 169 190 286 318 327 341 349 374 467 568 589 604 610 633 655 704 732 981 
19 52 266 356 520 534 563 616 673 712 730 755 780 783 797 806 848 905 937 984 
19 16 74 97 149 256 341 352 373 378 406 502 533 598 630 707 742 876 895 961 
20 21 185 197 204 301 338 341 533 567 576 650 722 728 741 742 755 887 916 951 976 
20 78 101 173 208 231 236 353 439 440 484 534 538 579 616 637 737 759 813 855 925 
18 25 85 93 177 225 228 293 305 322 367 475 588 659 674 753 806 871 978 
19 7 115 152 264 293 296 309 515 522 524 596 667 696 746 773 842 916 962 970 
18 5 33 46 72 258 270 365 386 468 531 740 753 810 868 907 913 923 940 
20 48 62 98 120 125 230 252 272 354 415 466 487 507 582 792 869 870 910 920 934 
17 51 65 77 90 107 194 226 266 287 548 558 673 736 884 952 958 961 
18 23 121 154 158 302 348 354 501 638 662 748 788 828 846 871 909 933 955 
20 35 39 45 242 315 334 388 476 530 603 635 653 677 714 770 824 885 908 946 951 
18 6 49 282 292 323 433 479 486 497 520 535 638 696 810 826 935 977 993 
18 5 32 50 74 228 367 393 397 426 532 579 585 592 618 689 861 921 925 
19 22 46 48 77 140 187 243 280 357 384 497 541 551 627 717 732 896 909 965 
19 81 85 100 193 211 260 308 324 418 440 480 491 551 632 670 726 959 981 987 
17 3 9 39 49 82 111 277 387 443 489 505 598 688 793 824 893 951 
18 43 98 239 263 298 397 467 534 546 599 724 745 803 861 863 869 925 971 
20 66 71 141 163 176 194 258 399 407 416 480 503 521 565 634 650 663 683 781 794 
17 5 19 38 39 76 97 113 161 188 469 487 553 570 632 719 850 942 
20 76 89 109 117 130 196 265 275 451 533 605 663 699 733 773 812 832 859 916 960 
18 62 63 79 120 161 272 343 389 462 492 497 589 627 712 716 727 757 791 
19 1 90 201 282 358 395 399 500 535 539 660 688 735 809 834 837 866 881 954 
18 73 139 172 344 439 465 494 506 557 579 672 758 810 836 883 903 966 986 
19 27 44 64 119 165 257 312 322 563 599 649 706 733 806 810 819 932 982 988 
19 115 146 233 280 338 355 422 468 595 608 624 667 672 715 749 787 964 976 978 
18 69 85 89 118 184 211 298 345 430 524 547 611 716 744 810 870 876 968 
20 110 118 162 198 240 303 345 391 437 505 521 593 658 735 736 745 778 800 812 912 
20 3 24 71 93 96 121 132 170 216 232 244 348 372 385 418 428 450 786 808 909 
18 73 133 192 223 234 319 394 493 526 538 578 727 746 793 883 890 950 963 
19 24 87 222 227 279 424 430 442 542 698 731 732 766 793 810 854 921 960 981 
18 31 71 208 225 232 340 359 405 465 501 556 570 696 803 854 868 952 953 
20 77 219 227 249 281 315 317 333 353 436 466 524 531 622 666 736 774 837 870 946 
20 55 93 211 221 294 302 306 354 431 551 579 611 625 753 800 812 936 937 961 973 
18 12 19 43 115 152 214 281 287 349 369 484 524 599 710 831 871 929 958 
18 96 166 312 328 347 356 477 481 518 601 602 632 647 674 747 757 871 949 
18 113 123 149 195 311 313 369 402 440 518 526 613 663 671 756 831 944 970 
20 52 54 81 250 275 346 352 353 408 437 444 464 465 551 553 616 908 915 960 983 
18 42 315 341 349 353 448 468 484 551 558 572 582 637 721 734 749 963 994 
17 85 118 138 357 360 367 519 603 606 704 793 806 807 831 835 872 964 
19 15 44 57 155 196 218 250 261 308 392 433 659 674 702 799 860 888 896 903 
19 17 47 69 91 109 219 312 342 395 543 652 789 794 888 922 928 942 947 973 
18 2 11 141 293 320 328 364 371 411 449 485 552 722 764 817 928 966 972 
18 16 20 47 55 370 402 421 484 513 540 575 594 688 693 858 886 979 986 
18 4 317 357 368 408 427 482 570 597 618 622 716 719 811 848 856 911 985 
20 55 86 109 269 331 360 419 421 434 454 464 605 620 670 688 795 797 845 853 926 
20 79 119 127 226 301 342 399 436 570 588 592 605 637 683 806 821 848 874 927 973 
19 133 177 204 222 257 304 305 333 439 543 593 680 699 716 739 746 768 808 812 
18 64 69 120 156 160 211 225 234 276 302 308 350 407 430 511 525 879 913 
18 22 71 212 230 283 284 291 419 455 464 516 652 661 701 811 830 877 904 
17 41 235 262 334 358 427 461 482 564 592 604 657 708 746 759 792 965 
17 54 66 157 171 225 235 260 327 341 439 521 537 622 760 822 915 951 
18 28 57 96 129 149 206 269 297 453 475 524 748 767 825 865 879 925 953 
18 31 153 198 276 321 329 425 459 514 553 604 632 635 668 801 809 848 983 
20 11 43 68 96 163 263 294 308 331 334 363 595 653 670 793 835 904 934 942 950 
19 36 56 58 101 104 177 207 230 316 368 414 423 465 536 682 732 749 769 806 
19 13 80 117 135 153 155 162 252 355 397 450 455 549 556 723 852 964 972 987 
17 138 175 190 303 307 314 329 488 497 499 574 651 723 731 766 864 895 
19 25 162 318 353 442 503 527 556 617 661 691 724 725 813 827 944 966 976 990 
18 43 64 87 95 129 191 220 236 250 382 387 428 487 682 811 860 939 975 
18 40 100 123 134 193 238 269 270 355 361 403 653 712 771 783 793 831 855 
18 64 74 181 245 376 452 466 515 532 549 578 636 685 716 733 762 791 925 
19 32 56 73 98 195 204 232 277 307 433 574 608 649 762 858 913 914 928 958 
18 66 121 123 158 217 233 307 428 459 617 658 700 748 762 771 796 806 983 
19 6 23 34 65 70 103 120 168 323 387 403 557 632 654 786 830 889 968 976 
18 111 121 132 279 308 442 538 565 571 580 666 781 849 872 919 954 965 976 
20 42 114 164 246 267 292 359 406 446 518 552 714 738 739 770 773 891 925 947 950 
19 2 6 18 51 62 168 208 317 339 454 494 515 595 654 689 744 752 784 984 
18 26 34 65 153 285 320 356 445 572 619 650 651 697 711 749 817 824 885 
19 16 22 30 42 63 229 267 281 354 423 468 489 490 823 846 929 934 958 964 
20 118 130 176 304 309 346 348 354 511 548 550 586 611 633 666 671 737 820 910 926 
20 150 168 214 292 302 303 312 531 547 576 586 674 706 716 805 824 847 848 864 923 
20 38 51 81 88 105 144 155 212 259 272 395 497 537 596 643 809 815 892 897 927 
19 39 76 129 178 206 210 228 291 296 336 435 550 555 679 718 771 828 918 957 
20 10 35 58 91 134 139 144 202 262 294 364 373 463 524 599 650 675 850 856 891 
20 25 122 140 292 306 357 382 399 468 492 509 531 544 561 766 787 856 928 929 968 
17 61 155 156 179 198 232 257 324 404 410 430 431 442 450 545 705 962 
20 2 77 81 108 110 242 255 367 435 484 511 544 610 630 698 745 748 808 844 851 
19 205 295 301 323 348 492 525 528 540 555 634 648 672 840 845 850 867 875 931 
19 63 95 97 206 280 312 408 425 432 490 584 696 768 796 813 893 899 956 993 
20 84 114 117 170 176 272 291 295 298 309 312 325 390 398 479 497 528 663 877 889 
19 138 241 259 297 331 390 393 400 450 481 518 530 547 613 753 867 868 877 901 
18 24 41 118 429 454 458 462 466 484 558 595 702 728 745 764 765 881 965 
19 1 136 190 258 411 465 481 572 599 600 643 687 736 768 779 878 908 961 975 
18 49 148 281 357 377 455 464 592 595 617 629 650 738 754 829 878 974 981 
18 9 25 194 214 460 471 473 525 554 621 778 821 846 900 916 961 963 992 
18 83 112 211 247 303 307 334 340 519 619 657 694 833 859 874 933 952 956 
19 65 98 136 141 203 215 259 370 373 382 385 429 495 623 675 782 797 849 942 
18 58 63 149 177 187 249 266 416 447 448 467 493 580 645 668 697 864 971 
18 35 39 73 76 147 176 270 316 344 397 425 537 697 742 805 942 946 954 
20 48 55 109 185 199 202 250 265 331 369 522 567 625 671 696 704 935 942 945 968 
19 26 47 148 252 285 296 343 391 392 450 461 462 470 676 712 794 866 877 952 
18 109 123 130 164 195 212 269 321 395 444 527 675 732 734 737 742 851 995 
18 13 39 43 98 105 115 244 550 571 640 730 735 738 753 841 883 902 929 
18 50 200 233 251 252 311 537 549 552 637 639 653 755 761 804 878 911 979 
19 35 42 134 204 367 545 646 654 669 682 735 767 785 802 804 948 972 976 977 
18 37 46 73 166 214 242 330 423 448 504 523 535 568 610 709 740 776 862 
19 7 38 180 191 203 233 243 261 263 297 299 348 414 426 474 505 545 806 961 
20 262 286 301 304 456 465 522 568 595 635 661 667 714 724 751 764 767 855 882 901 
19 16 34 207 208 260 275 283 332 359 420 429 518 547 571 641 703 852 866 901 
17 28 52 55 123 177 266 285 355 453 483 557 603 703 838 870 911 985 
18 65 201 321 399 403 580 601 629 658 719 742 794 820 895 901 906 962 965 
20 22 43 87 129 185 187 311 357 436 456 474 637 672 675 703 718 738 943 973 984 
20 59 106 115 139 209 222 233 341 375 406 520 577 580 602 615 625 635 681 968 989 
20 23 101 111 179 216 229 274 288 303 326 397 556 578 585 602 743 751 788 845 859 
18 21 38 83 158 231 365 422 473 555 604 649 697 698 750 757 783 799 976 
19 26 69 139 168 171 194 279 305 334 430 464 549 583 652 756 786 847 902 983 
20 19 42 58 125 136 220 348 383 472 482 495 549 566 604 628 632 798 871 878 885 
18 23 149 168 275 309 428 538 541 562 606 610 618 635 729 750 773 832 898 
20 99 106 148 221 227 349 427 535 580 589 629 644 778 804 819 888 890 944 965 969 
19 5 128 129 245 257 414 446 462 474 523 551 637 666 801 850 867 890 967 987 
20 42 77 129 169 179 233 250 289 420 450 454 475 519 524 541 606 807 815 854 938 
18 9 220 238 330 388 401 410 446 451 490 493 625 633 681 769 821 839 920 
19 14 95 174 183 224 246 251 337 407 444 480 647 649 656 669 719 757 885 985 
19 34 63 106 125 287 298 350 380 420 525 610 632 655 733 791 858 870 885 900 
20 57 251 276 370 419 447 477 505 532 606 607 700 729 739 749 784 798 871 916 932 
20 15 134 162 229 271 285 314 441 444 500 510 553 570 745 759 845 848 887 946 958 
19 11 70 262 267 303 354 385 403 463 470 516 569 607 702 795 867 868 890 893 
20 16 33 72 115 207 246 257 302 332 349 404 454 621 636 672 691 785 858 863 880 
18 65 129 154 179 255 256 267 342 383 473 495 541 729 813 814 858 872 971 
18 75 82 122 201 243 252 255 289 293 338 346 385 390 488 588 840 849 867 
19 17 70 97 144 197 236 258 263 305 421 423 556 629 715 816 821 862 934 974 
19 10 21 48 57 61 125 241 375 481 495 544 743 765 791 826 842 864 911 916 
18 81 108 214 312 414 434 531 635 644 690 743 838 848 890 910 918 934 983 
20 171 205 239 301 324 340 414 524 604 648 655 684 721 742 758 830 849 870 986 995 
20 28 61 96 215 250 258 304 332 337 348 355 491 562 563 564 626 694 697 760 817 
19 21 127 258 298 308 350 485 537 546 585 643 680 722 748 809 891 920 945 993 
18 17 29 166 264 291 295 325 476 528 590 613 672 734 743 851 865 924 980 
17 107 129 262 295 342 441 518 565 642 722 796 815 862 909 941 949 954 
18 54 103 145 221 408 424 430 452 519 611 629 670 790 832 847 885 966 993 
18 29 81 86 199 201 215 319 392 518 587 627 675 815 833 883 940 969 977 
18 138 160 194 222 335 384 398 399 424 477 514 577 602 646 800 893 904 962 
20 6 10 42 60 128 226 243 282 473 510 556 559 640 714 819 889 920 936 957 986 
18 68 114 120 192 217 304 314 530 726 746 782 789 818 820 857 955 977 991 
19 6 17 129 148 224 240 297 335 388 454 465 561 698 784 796 924 932 951 994 
20 13 20 44 72 141 169 219 249 351 440 452 469 533 570 584 638 753 870 893 913 
19 3 62 113 125 146 153 210 310 430 554 608 621 658 700 736 775 910 927 951 
20 82 104 221 261 303 343 363 368 374 435 496 513 528 606 632 633 687 852 903 923 
20 3 23 61 66 75 87 253 280 359 480 621 677 694 742 758 866 892 935 960 967 
18 54 172 234 236 241 253 336 384 420 441 522 710 791 848 904 923 951 959 
20 129 151 231 241 260 289 300 400 495 556 580 589 608 789 791 811 853 854 898 926 
20 8 46 115 144 150 161 169 189 202 208 249 377 383 401 499 614 714 889 895 926 
19 59 84 112 204 309 349 495 542 633 661 690 782 784 823 828 878 927 994 995 
18 73 124 140 226 299 305 402 419 423 442 462 509 511 569 617 786 949 951 
18 5 46 47 63 280 482 488 493 542 703 707 711 728 735 788 892 915 995 
19 16 69 88 106 216 277 316 346 349 367 375 379 471 477 755 829 932 947 953 
19 42 129 184 203 213 274 468 512 522 545 560 620 641 655 683 793 838 893 927 
20 25 92 93 188 210 232 268 310 435 468 503 560 574 673 763 809 819 893 939 987 
17 35 76 120 127 153 193 196 264 341 408 449 494 606 714 806 839 957 
20 68 128 201 238 239 252 320 326 343 357 362 403 417 468 535 549 566 584 659 953 
20 17 35 101 240 304 417 418 459 466 486 516 520 547 569 689 692 763 810 840 854 
18 14 55 79 129 137 252 437 475 498 527 557 634 722 810 837 927 964 974 
17 40 108 154 237 251 285 296 321 351 442 469 508 654 776 851 872 992 
18 26 83 211 374 388 410 576 595 626 636 674 751 764 786 875 883 888 892 
18 51 204 341 350 365 418 419 609 663 682 702 717 761 784 793 954 957 970 
19 23 71 108 156 215 253 399 411 465 544 559 560 567 607 639 739 757 812 973 
18 4 51 70 135 146 237 400 401 614 686 710 726 783 784 809 844 883 965 
18 41 63 118 240 244 332 424 535 538 565 571 604 611 744 838 888 965 987 
18 55 87 107 125 430 438 459 692 717 721 723 758 837 871 884 919 974 995 
19 53 92 145 261 335 347 462 519 535 538 648 712 716 725 740 834 845 926 941 
18 78 164 195 296 349 350 382 457 475 489 541 554 613 668 842 867 904 987 
18 136 170 172 217 276 295 410 426 472 502 503 514 532 566 655 759 770 924 
20 81 96 99 119 207 225 285 356 395 413 497 526 584 596 619 686 716 787 813 960 
18 19 105 138 168 187 231 241 247 253 258 345 346 357 466 517 565 606 985 
18 197 285 305 499 505 511 555 587 642 660 764 789 820 898 949 952 993 995 
18 66 87 109 123 131 369 395 563 594 611 698 703 748 843 877 925 944 959 
20 6 35 53 110 116 127 192 256 309 397 470 565 631 698 724 864 885 912 919 962 
18 21 50 77 119 164 227 331 427 578 589 598 789 794 842 928 940 944 959 
18 19 72 83 236 246 279 282 438 441 466 502 571 606 665 680 737 805 928 
20 49 59 90 96 152 218 225 237 461 499 528 550 570 629 646 692 770 792 854 863 
20 94 116 219 223 231 293 322 348 352 455 620 644 678 685 722 789 834 844 878 944 
19 5 65 160 246 270 294 298 414 456 481 493 632 636 677 735 800 801 844 846 
19 69 98 140 156 251 359 368 369 423 493 582 595 613 689 783 827 871 947 974 
18 7 20 97 99 170 263 267 309 393 526 531 547 646 792 820 861 917 979 
17 159 169 190 205 228 257 392 425 456 496 589 607 719 754 848 869 988 
20 100 160 185 264 277 295 358 370 509 615 752 758 779 788 802 855 864 896 911 924 
20 148 158 181 190 229 247 301 341 374 415 466 532 555 574 606 608 715 778 786 904 
19 64 105 140 179 253 258 270 326 356 435 450 476 546 643 657 972 973 977 988 
20 8 27 65 72 200 205 251 293 302 396 403 412 422 466 584 856 882 927 942 988 
19 100 137 184 193 215 291 305 314 438 525 578 626 663 719 742 845 939 959 994 
18 122 221 245 252 284 324 392 401 411 419 446 488 534 551 565 655 809 932 
19 85 106 136 172 178 207 242 273 478 578 605 634 741 744 861 867 881 941 960 
18 93 95 214 225 359 389 541 600 606 629 694 697 717 773 830 856 956 972 
17 18 79 214 222 296 341 401 429 443 453 547 616 617 706 852 877 919 
19 1 69 134 184 252 257 324 335 366 396 434 514 522 536 657 685 745 842 950 
20 19 70 115 143 197 307 476 548 565 593 629 679 703 783 809 853 897 932 986 995 
20 61 127 206 317 331 352 491 502 528 576 581 665 710 732 733 794 824 841 952 978 
18 68 110 152 166 221 261 299 329 377 383 427 429 600 650 690 832 868 917 
18 154 169 170 178 193 257 397 440 468 502 533 581 587 781 794 831 891 893 
19 13 50 51 160 254 368 430 457 481 490 546 604 777 838 873 947 952 976 978 
20 19 20 143 159 222 231 239 240 311 387 455 471 534 579 613 690 694 721 918 923 
19 9 57 84 106 140 152 162 278 311 417 551 569 663 712 802 805 812 864 903 
17 39 100 208 371 572 576 585 700 708 744 759 815 832 864 866 936 970 
19 46 67 107 119 195 235 317 322 419 438 468 497 580 700 705 832 858 891 926 
17 21 23 38 185 204 396 478 508 548 615 631 789 836 907 979 988 990 
20 22 90 99 164 181 194 196 222 275 341 428 620 651 658 659 667 709 711 926 963 
18 69 85 193 294 371 409 437 449 452 557 631 651 725 769 841 949 951 990 
20 138 200 229 312 314 320 475 551 565 577 632 659 666 724 782 847 861 889 905 907 
19 18 23 97 215 225 292 425 560 579 670 685 821 891 892 896 936 960 983 995 
18 34 156 221 269 421 427 455 481 630 672 685 703 707 749 838 851 902 952 
19 25 214 245 333 336 345 351 375 396 430 484 743 807 830 850 866 869 896 972 
20 28 77 88 153 197 216 382 443 494 499 622 631 719 786 932 936 958 961 982 992 
18 71 86 165 303 343 350 351 398 414 453 526 698 702 756 922 957 976 983 
19 13 89 168 202 382 402 536 571 658 713 722 781 811 827 840 884 887 930 940 
18 26 49 63 146 209 298 407 442 454 586 637 691 778 789 832 914 974 993 
18 82 159 256 295 337 351 383 462 523 561 619 644 694 735 744 934 968 988 
19 19 26 46 72 96 166 282 322 324 338 412 530 678 812 872 937 941 944 990 
19 14 64 66 124 141 170 188 192 203 344 489 549 590 615 704 764 780 802 860 
19 132 136 159 165 197 220 305 327 364 372 450 459 546 635 717 743 757 838 860 
19 5 147 180 181 241 285 310 318 402 500 536 658 674 782 804 808 915 950 978 
18 6 29 71 124 246 279 286 377 410 463 617 651 696 736 839 914 923 944 
19 125 181 196 291 409 427 481 508 549 554 583 588 618 620 634 721 790 848 957 
19 168 186 200 219 263 288 290 342 396 443 531 539 585 622 735 785 796 843 965 
19 2 69 233 316 358 478 592 613 619 642 652 670 703 821 877 901 902 961 988 
20 39 64 165 187 285 300 327 343 345 393 483 519 534 574 576 649 671 744 807 978 
19 40 46 61 101 185 205 221 257 325 328 377 533 549 576 585 600 680 794 799 
20 36 83 114 135 160 202 233 481 547 566 591 628 711 730 736 743 786 892 932 981 
20 31 63 65 73 86 107 221 322 340 355 387 429 441 556 632 655 663 849 871 958 
19 60 70 90 137 180 212 468 496 513 593 614 695 740 784 791 927 968 969 977 
17 4 23 119 133 154 230 296 430 463 465 634 651 723 817 845 891 935 
19 7 110 151 153 213 239 279 433 465 542 592 665 668 671 768 773 790 837 939 
18 1 311 350 420 506 515 563 591 601 775 778 806 814 855 905 913 915 922 
17 29 122 181 190 249 256 296 322 365 386 488 496 611 633 657 731 834 
20 16 82 107 117 148 181 248 267 314 326 559 674 702 704 753 780 794 865 918 963 
20 24 26 28 29 36 111 142 152 230 389 395 421 464 696 757 768 829 905 912 981 
18 69 194 197 360 362 526 537 543 575 583 660 680 716 770 820 827 918 935 
20 6 127 135 179 204 221 240 370 383 451 457 597 619 649 680 692 693 771 869 914 
20 48 58 74 109 143 154 183 250 265 358 370 399 423 425 438 442 533 638 659 994 
19 12 40 64 87 260 268 308 351 427 460 467 550 593 616 700 735 804 949 987 
20 112 168 221 374 480 562 581 599 611 699 724 798 814 823 837 878 883 932 939 967 
19 22 24 128 165 243 401 443 444 498 518 520 523 542 581 642 659 793 816 955 
18 37 109 115 161 250 291 321 427 461 466 493 521 568 675 876 955 989 995 
18 59 138 149 155 156 246 263 310 367 370 426 533 536 583 655 680 836 897 
18 29 52 113 126 135 224 267 299 326 400 586 621 632 750 827 865 892 904 
19 17 93 120 134 181 226 233 302 437 590 603 616 651 720 744 747 913 917 952 
20 20 68 97 198 245 308 311 376 398 409 420 475 595 658 700 722 740 746 785 846 
20 8 149 156 157 169 233 380 500 512 518 525 557 602 734 802 836 942 969 985 993 
20 37 41 167 174 355 364 391 409 437 452 525 643 676 685 700 749 903 941 944 985 
20 30 67 70 162 163 207 310 333 335 511 561 562 621 736 778 780 850 853 953 982 
18 39 114 242 322 384 396 504 515 525 670 686 724 757 893 894 906 962 966 
20 42 74 115 185 219 234 244 352 428 433 520 537 546 577 643 773 895 945 955 990 
19 84 124 168 213 227 233 347 486 494 615 657 686 761 772 792 816 860 862 987 
20 131 204 378 406 412 450 635 676 685 703 744 758 771 800 821 822 836 865 962 971 
19 30 75 141 273 397 413 417 434 457 524 525 626 650 654 673 785 805 856 899 
20 12 93 103 135 176 300 316 321 332 358 379 462 534 692 704 713 796 814 834 902 
20 1 80 84 88 190 224 433 505 620 661 679 690 714 718 750 782 895 922 930 938 
19 106 149 187 235 270 303 329 371 411 500 511 563 667 672 730 804 841 848 967 
20 123 168 212 348 367 452 511 516 542 594 638 640 715 734 746 780 833 881 897 929 
18 9 11 52 104 213 222 258 328 390 503 574 584 784 785 829 861 935 972 
18 4 6 14 152 187 254 310 317 333 355 421 451 599 758 838 877 884 907 
18 36 44 99 165 306 341 353 359 374 432 444 598 609 616 634 765 852 886 
20 5 71 108 191 243 345 400 424 425 442 463 478 531 546 749 806 836 917 936 939 
18 5 22 105 121 205 227 260 320 409 442 457 590 722 790 813 851 899 990 
18 58 83 246 285 338 374 386 415 423 569 584 650 732 734 847 848 943 978 
17 52 60 173 260 279 366 438 502 570 581 585 587 741 782 848 883 988 
18 2 7 197 203 336 339 353 360 483 610 617 710 748 829 855 857 880 920 
20 47 48 119 122 139 144 212 387 505 540 589 610 685 727 728 782 948 965 972 977 
17 52 66 75 184 253 304 344 405 498 574 630 658 834 854 882 887 951 
19 120 199 213 294 450 457 543 560 589 600 682 722 727 761 817 864 948 950 965 
20 16 66 70 251 261 330 337 433 488 491 547 610 707 730 799 868 885 904 924 963 
19 31 124 214 316 321 427 517 592 604 608 615 635 679 847 852 874 890 926 959 
20 16 67 96 145 215 297 330 363 368 402 414 464 590 636 637 703 783 866 895 935 
18 59 197 198 232 276 282 325 432 465 594 682 697 716 751 810 874 895 991 
18 51 55 67 118 186 365 526 535 650 765 828 840 880 894 940 951 993 995 
18 22 79 134 179 229 256 274 381 523 591 711 724 773 836 862 905 944 980 
20 25 61 89 105 132 252 255 295 338 447 458 519 557 593 712 750 770 803 804 815 
19 282 290 353 375 458 459 475 552 562 591 619 621 737 751 770 846 889 892 934 
20 7 21 195 238 240 260 397 408 452 463 504 555 627 748 759 777 788 840 912 948 
20 1 45 105 152 264 291 307 357 508 518 522 529 546 633 641 745 750 781 806 991 
