663
0 1 1 2 0 5 4 2 6 7 2 8 5 6 8 4 13 5 12 3 11 20 2 23 19 9 21 18 11 14 11 15 6 20 7 4 11 30 12 15 8 29 8 15 0 44 21 4 42 29 6 28 5 28 0 53 34 21 0 28 22 30 21 45 5 0 59 45 23 63 32 57 63 52 43 68 54 37 22 69 49 46 57 17 54 18 65 83 47 40 73 30 41 58 74 13 66 62 56 89 72 20 3 92 101 64 79 105 10 1 23 3 28 10 33 111 53 56 45 75 96 55 112 110 80 110 46 74 103 94 126 47 68 86 130 76 113 27 135 4 53 109 111 17 132 76 133 74 8 2 84 92 125 103 19 147 4 137 97 135 117 151 103 52 96 65 113 112 130 84 50 159 54 143 134 88 112 168 45 144 127 94 65 59 56 122 48 112 31 134 183 8 93 180 111 5 189 62 79 87 14 82 36 43 33 139 90 198 155 76 134 138 58 127 132 40 102 146 71 219 215 208 135 109 171 137 165 166 193 70 29 104 77 166 16 65 41 45 149 67 180 62 21 168 111 84 136 52 51 179 227 227 129 142 27 79 182 164 238 141 164 73 161 226 198 204 189 26 54 105 246 49 260 55 38 239 189 57 41 200 234 69 215 121 89 153 128 24 127 226 260 278 198 62 113 132 195 247 279 243 186 83 14 148 164 253 16 150 193 50 59 14 131 40 100 81 286 12 281 279 180 209 7 174 75 56 321 236 320 35 276 237 138 301 2 307 143 98 171 275 324 0 182 181 298 189 95 4 72 249 280 180 257 279 143 245 352 33 23 64 316 252 339 346 98 124 35 338 315 340 151 227 184 266 307 314 324 209 15 22 18 255 86 147 363 110 352 367 102 42 54 232 307 60 221 41 127 14 314 350 311 236 169 7 336 231 77 139 382 128 396 357 380 0 403 314 295 354 226 388 172 418 102 334 117 183 143 73 407 399 268 7 54 248 198 323 400 312 100 264 250 206 341 429 93 326 189 112 60 391 130 395 304 10 125 307 290 393 429 58 154 409 119 219 401 267 235 117 109 274 0 68 225 449 61 214 92 109 261 177 452 399 381 443 376 417 484 464 192 487 34 482 447 379 11 375 355 170 420 124 72 13 406 302 359 286 162 255 378 47 463 366 182 404 272 159 342 418 99 233 138 212 413 85 222 260 100 367 336 90 286 502 425 405 494 82 125 25 453 39 272 247 284 395 148 47 319 491 259 245 366 305 341 265 219 479 403 404 193 105 146 368 493 528 387 565 549 246 462 566 177 148 414 233 347 6 499 98 38 54 334 81 107 540 358 575 430 129 43 17 326 435 284 413 437 323 79 342 271 503 295 62 437 417 364 208 573 437 190 497 541 313 364 32 258 252 348 151 515 118 474 132 483 388 231 568 387 431 14 123 110 264 231 60 519 165 118 548 623 199 425 241 315 596 138 69 317 399 383 530 30 514 584 299 31 593 595 395 317 64 135 140 236 
935
5 16 240 260 380 593 
8 104 125 299 303 370 409 466 638 
8 112 155 163 275 518 553 574 606 
15 27 161 164 218 251 280 287 331 344 346 438 607 610 631 638 
18 27 64 96 136 149 159 161 222 241 258 293 303 343 412 442 457 498 575 
10 55 73 122 174 194 377 447 479 535 564 
10 35 67 90 253 272 278 426 486 622 642 
17 9 130 185 243 279 303 369 399 435 466 474 491 503 563 580 594 611 
10 75 331 336 352 444 449 562 623 642 654 
13 90 215 226 233 269 322 345 357 372 413 425 498 634 
19 18 59 63 73 80 83 133 275 281 352 353 399 412 432 475 499 503 573 647 
2 413 634 
16 35 62 106 121 160 174 205 292 372 424 467 490 498 503 527 534 
5 37 278 367 448 501 
11 21 23 263 271 354 358 406 463 476 581 585 
11 39 59 93 145 461 575 579 606 623 624 636 
4 29 302 379 543 
14 101 127 134 152 154 184 226 285 357 358 398 528 579 595 
16 6 7 13 159 216 282 441 454 455 483 493 524 566 568 624 626 
11 2 118 138 174 185 227 415 483 540 541 649 
20 3 22 39 72 74 108 175 186 225 286 361 375 403 405 424 455 473 485 620 649 
7 42 52 102 430 443 463 553 
15 71 132 142 221 259 307 316 404 408 421 493 554 636 638 649 
6 82 205 289 335 337 614 
18 71 80 88 89 142 246 302 325 350 363 371 547 574 575 618 630 638 647 
16 10 113 127 142 200 272 287 382 384 434 508 577 578 584 642 649 
18 43 45 84 119 136 209 221 345 376 420 445 479 496 574 586 626 649 658 
8 27 44 133 147 328 496 526 558 
19 22 38 45 46 58 87 208 336 342 359 363 397 410 430 484 493 502 567 600 
9 8 51 117 180 274 386 472 501 589 
11 68 87 127 154 207 257 263 314 319 522 526 
6 100 199 293 354 510 649 
7 34 154 164 168 412 470 604 
15 209 239 316 342 385 404 409 412 433 435 444 454 469 579 581 
14 23 25 134 162 186 233 380 411 536 554 590 624 659 663 
19 18 91 120 171 234 285 305 328 371 395 473 483 546 554 567 621 624 645 663 
19 12 75 107 154 178 218 239 266 274 310 316 330 354 401 469 486 515 580 631 
18 107 117 187 275 297 384 392 405 444 466 482 497 560 564 604 612 652 663 
11 16 273 286 342 353 355 397 416 441 518 529 
2 555 598 
12 61 67 69 170 219 286 398 401 482 516 646 662 
8 57 157 192 201 243 396 563 577 
9 158 298 327 352 450 494 518 587 600 
18 12 22 63 66 132 197 209 215 260 327 431 432 440 450 509 589 622 661 
2 432 545 
15 63 99 110 116 189 217 289 392 450 460 563 575 599 607 614 
13 5 88 118 188 236 260 276 429 493 498 567 571 578 
10 63 129 131 257 258 349 487 493 614 646 
18 54 131 172 226 284 286 287 306 342 363 382 452 504 512 522 589 624 647 
16 15 41 118 147 157 222 325 346 379 464 519 549 567 576 593 598 
16 50 107 154 191 216 217 309 394 396 415 424 435 436 510 536 659 
2 59 183 
1 173 
9 12 16 113 244 468 554 563 578 588 
5 309 355 424 475 500 
4 61 70 424 454 
5 53 55 84 213 558 
2 516 519 
7 52 86 207 394 461 498 648 
17 22 133 146 172 233 264 281 313 321 335 420 452 498 536 597 639 647 
5 84 251 252 263 423 
8 18 114 141 143 395 434 599 659 
20 51 63 89 249 258 386 388 434 466 501 546 558 562 570 575 590 628 630 649 661 
1 343 
6 13 41 113 279 305 414 
18 52 77 105 203 211 239 241 254 305 329 357 371 422 458 478 552 650 663 
3 236 370 487 
5 84 116 123 180 519 
5 121 165 166 182 555 
17 72 88 135 153 167 288 309 315 371 514 525 567 592 596 604 654 659 
9 41 340 352 379 420 422 430 461 660 
7 22 301 324 428 461 485 585 
16 26 43 56 93 102 147 160 218 269 370 383 428 520 572 584 652 
10 84 116 163 249 262 275 303 360 401 606 
13 2 26 40 52 193 218 264 346 388 402 569 584 589 
17 61 68 92 144 155 190 218 219 260 286 292 319 410 421 540 599 647 
19 32 60 91 111 128 146 153 172 202 346 359 370 377 399 401 487 495 504 630 
12 62 72 73 99 218 243 303 471 479 573 619 622 
10 144 153 243 303 351 455 483 503 514 577 
15 9 21 131 138 139 176 258 278 285 293 298 378 412 418 591 
11 21 63 142 272 328 346 482 543 553 580 617 
19 20 21 55 60 62 94 131 169 252 255 282 327 390 422 540 550 552 597 663 
11 71 140 224 238 350 355 404 532 572 608 614 
6 140 184 332 347 371 503 
8 21 210 292 483 498 567 635 653 
9 45 216 271 280 427 436 486 530 543 
11 17 29 160 174 219 377 386 499 548 654 661 
13 28 35 185 215 224 256 374 442 494 511 525 556 599 
8 109 163 223 349 412 534 568 620 
15 10 61 69 122 142 176 213 264 272 282 359 426 541 609 633 
11 82 103 168 241 273 322 482 520 598 619 650 
5 82 156 191 351 596 
12 18 23 36 97 178 241 267 282 380 422 568 576 
13 18 28 55 100 105 156 159 197 253 282 367 376 430 
10 45 60 63 70 219 254 311 565 624 626 
14 116 149 157 195 245 252 296 338 397 469 477 527 636 637 
5 93 115 136 365 533 
9 8 19 68 91 140 213 289 378 493 
16 41 67 80 98 127 185 218 336 355 432 467 485 487 500 501 574 
20 52 116 150 179 180 220 249 257 276 380 468 498 527 550 557 563 564 579 580 606 
3 111 222 334 
16 38 115 123 156 159 200 201 211 238 404 434 446 449 454 504 629 
11 24 42 138 228 232 325 465 470 615 634 650 
17 22 104 117 135 167 177 194 247 280 325 425 466 515 565 573 589 657 
7 46 143 165 219 387 638 644 
10 69 94 98 179 230 329 404 451 619 639 
6 22 30 87 230 262 596 
7 222 266 290 317 399 561 593 
7 67 260 314 445 481 505 650 
13 26 74 86 107 236 358 383 409 460 561 562 583 625 
15 35 40 53 131 227 261 308 365 390 436 513 547 568 620 650 
11 25 58 118 226 308 326 349 457 528 533 633 
14 21 62 120 146 260 342 386 429 442 492 518 604 626 645 
8 242 358 413 443 469 514 601 618 
11 52 104 129 277 289 342 457 536 551 558 566 
20 5 24 91 142 187 205 226 238 256 257 265 303 340 371 417 481 534 551 555 639 
1 620 
12 7 217 262 282 393 396 443 453 529 588 650 661 
15 28 99 174 219 240 289 293 327 439 453 562 572 595 635 644 
6 100 351 378 393 432 540 
4 106 181 589 607 
15 29 60 69 173 227 237 239 242 312 407 410 422 487 539 542 
14 8 104 187 213 232 280 377 409 417 437 525 536 563 644 
11 93 121 155 187 193 274 378 480 526 551 564 
11 135 232 254 293 312 314 421 427 455 464 541 
14 37 42 63 92 135 137 206 232 310 415 432 464 551 657 
8 3 9 145 167 320 431 555 559 
1 643 
12 25 170 193 297 312 320 358 445 502 534 546 589 
10 25 115 238 262 354 373 415 427 549 656 
13 31 53 61 76 111 288 312 317 335 491 533 576 617 
10 14 72 193 364 425 429 462 501 558 576 
20 58 72 76 149 181 204 352 357 386 397 428 446 454 455 494 497 519 567 609 655 
20 12 55 59 76 78 88 114 148 177 244 282 293 303 342 416 453 467 476 553 562 
6 25 178 295 363 416 438 
20 26 121 228 247 256 351 353 379 383 410 415 418 426 471 523 541 565 589 599 646 
1 379 
14 69 97 176 230 253 348 353 371 433 438 491 517 563 619 
10 40 124 149 160 178 207 246 258 365 371 
15 1 69 155 184 219 247 294 319 364 407 431 446 456 584 599 
2 144 658 
17 18 24 25 26 39 106 161 270 277 371 377 378 432 495 498 532 551 
14 22 25 120 159 198 229 256 295 303 307 348 484 553 583 
16 50 77 95 126 144 152 158 174 176 212 273 350 456 461 511 646 
2 134 596 
9 25 141 148 193 283 379 557 610 632 
12 36 189 203 306 365 478 497 519 530 578 596 601 
20 24 38 48 49 129 172 192 198 207 269 275 278 308 365 377 425 435 469 492 539 
18 17 50 65 230 242 258 261 274 357 389 426 490 506 518 535 579 616 652 
18 17 62 93 116 130 154 157 168 208 209 230 260 261 318 399 401 419 650 
6 54 163 385 431 523 530 
17 47 54 66 144 182 205 206 243 260 368 422 451 455 509 533 551 587 
9 88 98 246 265 278 330 528 637 644 
13 9 56 117 199 318 394 415 436 530 595 604 618 642 
1 386 
6 47 48 281 404 476 606 
1 48 
6 70 234 327 345 574 661 
8 15 180 212 239 307 350 375 655 
19 25 33 34 64 70 72 125 191 200 212 251 298 328 353 399 455 458 504 543 
5 132 220 338 403 588 
5 62 69 121 349 606 
17 139 230 294 308 349 395 430 436 447 462 466 483 504 529 600 648 652 
6 16 17 111 231 255 292 
10 52 99 138 223 286 316 334 521 561 570 
5 96 120 167 212 495 
18 17 84 98 158 181 223 287 346 351 381 418 423 443 486 535 569 573 595 
13 52 105 110 128 199 213 246 297 316 361 407 423 552 
6 39 68 321 357 390 457 
8 43 68 176 357 402 471 571 604 
12 18 162 209 239 345 395 404 421 472 476 511 525 
17 49 63 142 166 167 183 218 291 332 345 375 438 461 482 521 569 616 
10 53 62 312 354 379 411 440 523 561 581 
4 270 496 519 641 
16 34 137 155 236 255 312 379 383 414 443 519 558 575 584 622 651 
13 8 20 40 69 194 202 221 277 378 422 438 554 663 
8 82 122 167 197 240 294 419 608 
2 129 395 
20 41 159 163 204 223 230 243 277 319 325 432 444 462 475 485 523 533 560 594 597 
9 107 170 193 261 270 586 618 635 644 
20 27 48 54 63 75 97 133 140 142 148 163 177 276 278 347 365 406 414 574 657 
5 76 167 201 359 597 
20 44 94 154 182 192 197 200 201 239 299 318 355 424 498 513 540 559 563 608 643 
17 26 36 64 112 211 296 401 406 435 459 475 506 520 537 556 571 613 
17 2 56 148 157 187 220 240 276 410 434 436 443 454 532 574 593 617 
2 359 569 
12 38 212 270 291 324 438 486 493 531 536 573 649 
16 12 55 108 126 130 138 147 165 230 289 313 404 539 568 577 628 
11 67 69 84 112 228 262 409 416 508 547 659 
19 35 59 87 136 170 172 200 201 206 237 388 448 513 532 536 570 627 652 655 
16 159 165 304 339 341 374 378 390 438 482 494 554 589 599 632 641 
2 441 580 
13 5 74 91 220 227 231 276 367 439 472 629 662 663 
14 11 23 28 38 39 118 138 176 236 284 347 390 561 623 
3 360 381 639 
12 16 29 114 144 274 286 342 595 600 604 614 644 
20 69 91 126 159 177 224 229 315 422 448 451 452 463 503 513 514 567 605 617 633 
1 573 
13 17 164 168 185 237 283 419 426 434 470 481 548 566 
11 144 200 322 413 423 430 470 490 523 540 632 
9 37 192 286 302 388 448 459 578 630 
20 107 138 156 161 169 179 198 206 230 237 254 418 486 487 503 541 558 589 599 650 
5 100 123 129 409 651 
11 102 133 150 170 222 328 369 390 406 513 620 
1 476 
8 48 240 260 285 448 512 580 626 
7 94 244 247 291 421 534 567 
9 68 211 221 247 291 343 379 535 595 
1 327 
17 1 34 181 194 223 245 247 277 286 305 349 357 415 456 457 548 661 
10 30 34 109 178 354 370 507 571 598 621 
5 11 82 162 340 643 
7 108 153 179 203 256 296 557 
8 190 197 310 313 384 387 431 539 
3 99 503 598 
14 70 108 115 128 206 276 290 330 334 411 418 458 520 558 
16 8 22 44 162 164 238 246 355 371 425 533 581 614 633 641 653 
13 6 166 215 228 298 332 361 402 463 496 510 618 626 
1 6 
18 43 54 74 140 146 149 210 219 266 279 322 338 355 460 484 493 590 661 
10 76 272 391 399 431 442 483 494 638 647 
1 659 
14 1 36 64 66 206 369 391 447 480 483 552 579 582 614 
7 25 88 167 292 293 372 385 
16 96 110 172 186 196 226 297 310 353 486 512 520 537 544 567 608 
15 30 49 266 271 300 303 320 368 437 461 500 521 563 644 657 
8 60 87 99 458 490 497 553 567 
6 2 95 354 447 449 659 
19 1 59 90 320 330 333 391 396 408 424 483 484 485 549 558 569 609 614 634 
10 5 54 107 179 181 236 294 460 492 648 
16 28 60 90 221 288 297 301 391 404 430 437 532 559 577 582 591 
13 48 62 84 104 139 331 344 355 456 507 560 564 652 
19 4 33 68 236 239 302 327 363 367 390 434 441 443 512 515 550 592 633 663 
12 101 104 121 284 405 410 422 492 510 568 646 662 
4 34 244 399 469 
15 22 145 180 213 244 298 384 392 412 426 448 470 505 544 565 
3 27 283 513 
17 31 92 211 215 223 335 350 359 428 450 454 460 491 519 592 609 630 
8 125 206 250 314 428 513 594 633 
4 139 198 289 558 
19 29 33 66 80 137 160 169 182 187 227 234 248 340 454 459 494 524 578 619 
11 78 97 237 249 381 458 502 517 562 610 612 
11 69 82 167 186 209 297 483 513 579 628 649 
9 3 37 84 122 139 274 402 412 550 
10 25 86 113 308 362 425 463 489 502 505 
5 255 320 331 362 658 
18 41 83 105 116 136 157 233 308 341 349 365 423 487 543 560 596 630 645 
5 88 295 418 483 514 
12 37 74 117 235 246 264 355 396 413 478 553 648 
20 50 54 75 79 116 119 135 181 201 274 280 283 309 312 336 338 470 493 521 646 
11 8 23 37 81 83 161 195 200 275 314 579 
8 87 204 270 394 526 553 594 639 
15 150 197 270 278 280 298 307 310 396 428 430 563 606 642 652 
6 190 261 384 520 527 655 
15 53 103 105 170 190 205 279 367 410 434 471 509 573 636 654 
12 19 68 178 317 334 372 412 418 476 480 636 647 
3 378 451 663 
8 35 198 211 221 253 260 476 478 
4 346 388 482 625 
13 23 25 142 163 166 167 168 234 269 380 382 600 603 
12 76 117 154 169 231 272 348 365 371 375 414 619 
6 117 212 259 365 408 550 
9 19 64 79 152 210 280 515 539 561 
19 46 147 153 215 224 253 346 378 400 401 490 495 523 532 545 552 553 554 612 
7 27 30 47 215 235 501 651 
5 257 303 350 410 541 
17 1 45 68 119 125 163 164 167 204 303 342 363 474 481 536 538 590 
19 36 49 57 176 196 232 239 272 288 294 302 333 397 425 446 459 481 555 607 
12 79 85 111 117 183 268 300 351 374 429 453 631 
12 23 72 76 90 246 251 305 388 423 439 584 604 
10 38 155 231 285 358 415 439 456 489 651 
7 11 19 40 95 110 459 482 
8 40 102 177 200 214 393 478 602 
10 147 189 216 228 294 414 451 485 542 573 
18 128 158 159 190 196 224 359 369 381 397 460 476 532 553 594 623 624 644 
8 114 149 183 187 356 375 407 427 
3 15 61 586 
6 53 57 314 406 498 571 
18 2 18 37 92 95 115 140 154 351 352 371 373 428 527 535 574 585 600 
15 32 115 117 122 124 261 305 331 476 494 519 521 523 554 607 
16 35 84 151 158 171 210 232 271 305 341 350 351 376 484 513 527 
19 5 68 73 87 102 104 106 133 188 239 288 366 387 389 427 478 518 530 545 
12 98 103 228 265 298 418 480 494 562 568 598 599 
18 50 79 82 103 139 175 222 283 361 436 457 467 499 530 546 573 579 615 
18 3 16 100 131 257 275 341 344 401 423 429 446 478 520 602 610 626 656 
9 214 253 279 288 389 472 516 596 651 
13 47 238 270 279 307 331 376 482 501 553 558 593 649 
3 93 143 370 
1 575 
17 20 45 100 120 147 199 252 265 267 292 363 376 411 472 550 587 605 
16 55 62 123 148 151 210 231 293 327 385 398 401 468 508 547 613 
3 83 128 242 
6 37 97 113 286 387 566 
14 46 144 195 204 266 357 371 387 412 424 438 544 546 561 
10 72 227 251 327 331 442 445 512 525 536 
11 12 167 186 231 255 271 316 339 521 623 625 
14 16 173 216 240 259 341 379 380 428 571 614 623 651 663 
5 127 287 324 408 447 
9 123 225 325 327 432 487 504 550 597 
14 12 96 145 258 291 302 348 370 386 450 528 531 544 609 
9 76 97 193 243 261 270 333 338 388 
6 243 365 387 507 598 634 
5 149 195 258 398 446 
3 402 503 584 
17 52 69 77 93 126 190 209 243 253 289 348 500 524 528 553 581 657 
19 27 42 147 183 203 206 280 349 373 392 416 455 463 474 487 584 592 599 610 
1 244 
18 2 54 66 83 93 133 146 248 258 351 442 476 554 569 609 622 651 654 
10 27 42 90 193 197 291 407 536 568 610 
2 205 461 
8 73 225 270 280 358 369 420 639 
8 48 106 188 290 390 589 615 639 
15 43 44 79 111 128 157 178 292 424 480 505 520 553 620 627 
12 13 167 179 218 245 255 322 338 402 486 625 658 
6 64 120 222 307 410 577 
20 43 48 65 81 120 194 220 261 269 277 283 287 352 353 358 378 505 551 584 640 
12 156 169 195 236 316 331 386 402 494 532 583 656 
10 168 207 272 275 280 318 476 556 581 604 
2 238 626 
17 31 85 87 143 230 243 248 278 465 481 510 529 545 553 630 632 634 
18 9 62 69 100 137 150 182 211 285 294 344 370 444 459 473 551 612 636 
3 269 341 642 
7 201 282 342 402 485 532 570 
17 86 97 147 179 198 211 218 224 251 381 409 441 449 472 477 561 569 
6 50 348 555 573 596 635 
10 100 123 152 198 367 430 432 527 538 648 
14 35 135 178 201 417 432 448 461 502 505 543 612 613 663 
8 79 338 450 468 475 516 530 627 
13 1 135 285 349 364 367 368 372 405 498 499 531 597 
1 113 
3 365 429 642 
15 8 22 73 80 220 375 419 436 494 499 530 545 565 588 636 
16 39 76 77 79 110 137 172 297 454 462 492 538 540 620 634 646 
12 14 67 197 302 328 346 418 438 499 604 614 625 
16 11 59 77 81 115 138 208 366 369 379 415 491 504 523 612 657 
17 31 78 108 140 161 267 302 358 362 401 413 433 441 448 456 509 533 
12 40 59 62 222 227 265 269 375 503 570 607 655 
5 14 190 331 540 577 
17 56 80 88 91 113 207 240 251 270 338 348 396 420 425 443 482 654 
11 1 88 96 111 358 397 454 469 524 616 639 
9 19 260 271 299 490 499 510 524 543 
1 185 
9 111 168 185 204 217 292 316 360 565 
4 10 297 417 548 
4 269 297 358 578 
17 26 47 88 95 110 174 180 226 257 328 345 395 421 538 553 555 570 
17 106 122 133 199 292 346 392 401 458 481 485 511 528 577 605 615 652 
14 45 80 94 100 166 186 215 293 449 450 503 535 587 588 
7 88 95 174 179 288 357 587 
5 39 135 171 222 403 
3 338 340 493 
13 63 96 112 116 155 177 357 525 531 603 611 614 635 
10 161 194 261 264 298 411 419 488 543 644 
7 193 298 327 347 579 593 661 
16 100 188 212 216 360 417 424 433 493 504 507 528 549 592 648 652 
8 31 52 165 369 418 450 584 644 
15 5 24 85 106 154 238 254 282 394 486 500 523 539 557 626 
19 22 30 36 38 53 70 81 89 98 121 132 150 355 377 400 425 443 456 657 
7 17 46 93 217 232 313 318 
4 51 221 308 541 
17 19 43 74 125 148 172 177 226 308 314 345 413 427 528 530 639 662 
1 60 
17 109 123 159 206 233 254 272 295 301 409 429 447 478 479 506 618 652 
17 4 16 86 95 110 251 257 292 316 336 362 400 427 440 458 570 586 
18 5 11 38 49 103 139 158 215 263 273 298 371 394 403 558 577 661 663 
2 81 348 
3 163 231 580 
15 121 188 219 245 257 318 332 340 357 360 440 519 531 547 656 
18 55 141 152 230 259 285 317 329 335 344 386 413 461 512 534 552 586 633 
8 9 67 133 274 380 381 540 550 
14 94 108 121 175 187 192 201 223 259 262 401 575 590 601 
16 15 76 148 267 322 328 336 442 456 459 477 523 559 567 572 589 
16 2 35 65 100 194 211 277 293 346 374 459 551 555 557 617 646 
15 49 72 312 354 365 411 415 428 452 479 496 502 520 577 589 
10 33 113 174 191 203 254 296 304 414 421 
12 42 126 131 325 402 433 454 469 514 578 595 637 
8 3 58 73 358 362 492 597 612 
2 315 583 
10 222 237 360 368 410 445 510 546 562 614 
11 88 109 154 202 225 261 379 391 410 425 513 
3 100 614 621 
6 125 153 217 393 448 624 
11 8 36 45 75 154 398 420 426 508 608 626 
11 2 42 134 151 376 467 531 578 586 631 662 
18 13 24 30 84 146 233 297 405 435 507 534 536 542 562 564 608 616 646 
4 158 183 204 559 
18 14 64 118 202 239 281 339 347 353 362 403 448 449 490 517 528 577 603 
8 57 193 213 408 463 478 590 592 
15 95 106 109 118 151 169 265 333 397 418 445 474 557 612 643 
5 85 101 126 193 556 
2 210 251 
12 7 49 73 94 97 150 184 310 399 556 587 590 
5 128 186 286 314 436 
20 77 169 171 180 188 197 244 246 283 327 383 390 393 419 477 488 499 556 626 647 
7 285 294 370 398 461 553 602 
11 23 95 178 238 286 318 381 461 519 613 652 
12 59 87 162 171 202 247 289 306 307 442 654 656 
14 121 175 191 213 214 246 377 382 397 557 570 575 629 645 
9 91 161 207 215 324 395 405 411 578 
5 36 153 415 468 651 
3 158 285 633 
6 64 144 216 308 435 563 
6 184 203 248 250 348 591 
14 57 99 112 164 167 192 249 272 418 429 475 478 494 607 
17 4 100 101 115 151 174 211 227 271 273 327 408 459 524 537 629 645 
9 27 262 270 305 317 318 434 509 597 
14 67 69 128 143 150 192 195 227 234 369 401 546 618 628 
20 16 34 39 43 58 79 227 282 296 338 347 461 506 537 548 550 553 567 575 624 
7 98 102 242 269 470 517 531 
19 32 106 120 145 152 162 176 205 270 308 348 356 382 392 477 528 576 589 649 
10 2 6 18 27 172 186 289 339 384 622 
17 2 14 24 109 202 211 227 242 296 324 382 393 406 417 445 464 614 
8 10 25 29 66 88 115 209 278 
1 558 
3 20 343 589 
7 23 56 83 182 328 368 575 
8 88 195 373 384 465 479 650 662 
7 113 133 323 335 344 618 651 
12 96 122 150 275 337 398 414 434 457 633 653 663 
13 4 22 23 49 108 228 233 240 281 442 528 612 630 
1 426 
8 11 207 232 373 442 556 622 623 
14 11 111 134 151 210 262 352 425 452 519 528 570 579 644 
4 296 383 446 616 
9 23 112 181 221 429 446 448 503 531 
9 51 113 260 279 330 401 438 473 475 
18 4 13 96 206 211 220 226 275 377 401 411 496 521 522 563 585 601 608 
7 142 234 289 318 325 498 583 
10 47 77 234 276 293 300 312 350 375 415 
17 12 56 70 103 191 208 339 431 449 491 504 525 572 606 631 644 660 
10 53 75 153 331 373 449 477 513 551 555 
12 98 129 131 215 220 248 261 352 397 413 503 641 
8 97 133 138 468 482 516 622 648 
14 55 126 169 277 331 375 378 422 454 490 513 620 634 659 
1 54 
11 43 55 58 136 241 267 385 403 442 610 623 
18 19 89 119 155 180 203 221 235 240 396 402 419 455 509 517 544 636 657 
7 14 179 187 302 387 419 442 
17 12 85 152 208 241 294 324 336 360 400 468 546 591 599 606 615 651 
18 10 61 81 88 92 252 266 311 327 353 420 464 569 607 610 613 622 653 
2 7 139 
6 60 205 236 280 428 613 
8 88 186 282 291 460 485 589 643 
16 35 78 161 279 292 294 302 327 354 358 360 437 517 529 578 649 
15 73 90 98 111 129 139 154 252 253 256 385 441 570 616 635 
18 27 65 114 125 185 195 203 250 351 393 411 421 474 528 533 552 579 655 
20 8 46 67 68 99 137 149 168 246 279 343 367 370 508 518 574 627 645 648 654 
1 160 
17 19 66 69 123 219 233 241 265 328 365 371 443 475 534 551 572 645 
16 20 28 92 119 133 145 204 226 237 293 309 341 367 420 441 655 
13 11 21 68 112 151 196 258 313 349 461 469 546 614 
7 87 159 171 269 284 395 653 
9 184 331 351 378 433 487 607 635 652 
17 53 58 68 161 253 263 282 301 309 403 407 458 507 522 543 660 663 
6 129 240 409 422 516 559 
9 43 128 199 246 355 357 475 588 622 
13 17 105 172 194 241 343 356 379 438 444 509 565 640 
13 36 39 70 83 208 280 323 333 349 472 515 527 583 
13 97 156 161 236 260 352 377 406 457 476 532 534 560 
2 53 419 
6 35 149 224 274 355 646 
12 9 43 83 139 232 242 267 348 399 500 602 624 
8 11 12 62 112 272 345 427 476 
7 40 107 292 322 492 563 646 
16 27 90 114 116 138 164 197 201 356 391 456 483 537 550 632 642 
10 23 97 135 344 422 435 450 475 595 647 
6 120 168 361 416 458 556 
8 186 208 258 374 392 403 444 654 
6 390 422 465 494 562 563 
17 126 163 201 253 381 385 397 459 473 487 490 529 533 605 649 653 663 
18 36 112 150 152 221 246 268 327 345 409 463 539 546 548 555 570 649 660 
13 39 55 302 331 340 428 447 527 540 542 570 572 580 
4 24 181 445 553 
16 100 105 127 131 196 218 224 297 330 354 425 463 568 608 617 653 
5 42 202 237 388 568 
8 161 167 402 473 499 501 567 591 
6 2 205 301 341 512 627 
15 12 115 164 269 275 300 342 346 370 371 412 415 595 643 644 
16 3 55 128 131 164 171 207 279 336 513 532 570 582 601 612 636 
17 40 57 58 75 101 124 143 230 309 388 401 407 454 486 522 559 616 
15 1 34 58 83 118 146 225 523 565 585 591 605 609 649 651 
18 20 43 105 106 156 184 260 280 369 384 407 411 415 445 506 535 555 613 
8 109 153 168 227 279 347 401 420 
4 67 232 371 516 
11 44 110 167 193 214 274 302 437 453 498 503 
14 40 41 62 81 87 131 153 179 225 228 311 323 333 635 
7 56 396 416 443 467 559 622 
16 63 78 121 142 156 211 218 309 373 481 496 525 556 619 627 634 
15 82 102 158 207 253 282 346 387 389 405 417 441 490 503 650 
10 40 183 196 254 373 442 469 479 506 595 
1 93 
14 9 26 48 146 175 178 182 299 310 411 413 484 531 533 
9 203 262 278 337 411 529 576 603 661 
10 112 136 149 233 317 359 415 520 573 586 
12 78 89 165 179 246 279 306 377 442 486 558 600 
7 367 461 464 483 529 567 630 
8 55 74 92 228 394 513 591 628 
16 14 77 123 143 174 181 269 281 305 330 369 386 462 542 613 659 
5 155 235 270 556 598 
6 28 172 179 214 319 414 
1 416 
7 157 203 372 602 604 634 641 
4 313 427 471 555 
16 17 48 128 133 149 238 368 386 402 445 531 540 561 580 607 616 
17 17 56 66 130 270 298 305 323 329 358 420 439 470 504 566 620 653 
15 13 56 71 168 181 223 282 305 325 380 432 519 556 607 652 
19 30 40 88 112 123 193 197 210 311 354 396 398 403 404 420 439 459 487 598 
13 79 220 233 334 428 445 524 564 580 616 622 648 651 
10 11 82 262 392 415 484 487 509 561 616 
5 35 50 239 310 583 
16 32 91 117 126 226 234 293 361 379 396 431 548 606 612 627 662 
8 77 123 148 200 462 512 532 549 
15 22 72 118 136 167 180 208 210 410 498 511 548 608 655 663 
11 16 43 252 385 393 443 446 465 526 653 655 
13 24 34 198 227 256 328 336 342 381 498 525 606 607 
6 280 338 384 418 451 479 
17 21 52 101 131 159 226 238 250 260 391 476 520 521 576 579 612 660 
4 62 324 395 480 
20 25 58 74 89 126 133 185 198 241 248 254 295 330 359 365 384 500 502 503 602 
17 5 9 10 30 180 194 299 310 334 387 432 458 485 560 563 567 600 
16 7 8 62 96 107 191 199 320 361 373 463 481 544 549 602 605 
2 81 284 
18 19 32 106 124 178 188 232 237 274 286 333 348 403 420 478 486 541 555 
5 166 288 338 455 644 
9 8 51 79 178 399 457 508 568 629 
4 77 379 421 575 
9 62 72 78 305 333 422 541 588 663 
16 45 50 71 87 106 127 171 203 229 242 380 467 503 548 554 556 
9 20 144 202 319 384 420 480 536 656 
15 8 141 170 172 218 311 333 352 414 417 440 530 586 599 657 
9 13 39 179 268 276 417 495 500 595 
18 13 37 44 85 114 135 158 194 297 310 375 427 445 474 540 561 562 655 
4 56 429 486 513 
12 6 67 204 284 303 312 362 503 552 560 579 656 
9 30 58 277 324 430 498 520 621 658 
9 65 70 81 197 219 241 282 536 656 
11 12 63 89 143 249 314 452 475 508 529 575 
11 96 130 250 338 374 476 581 592 619 627 630 
17 26 31 71 76 89 91 105 147 160 169 266 283 338 398 466 523 566 
13 9 14 70 137 216 221 336 385 402 465 497 516 547 
3 461 497 602 
2 517 597 
17 35 72 115 116 161 184 235 260 277 305 350 378 391 447 509 521 522 
20 9 104 106 114 151 191 200 292 322 326 336 404 414 419 427 444 476 496 571 648 
6 46 396 432 493 505 599 
2 33 132 
19 16 22 73 112 143 154 157 212 217 309 365 392 469 522 528 545 574 655 659 
12 35 97 133 192 212 239 245 340 361 425 445 526 
10 128 173 230 239 301 335 420 484 506 620 
9 46 94 151 249 277 300 317 379 624 
16 37 38 104 228 303 322 374 415 431 526 534 552 553 572 577 637 
15 49 65 73 131 245 253 261 329 336 445 513 577 612 618 645 
17 37 89 133 147 181 183 190 237 365 435 473 501 530 548 592 637 654 
1 644 
18 109 165 234 273 322 452 474 493 509 516 520 551 575 577 598 632 639 659 
14 26 38 64 121 207 217 264 358 434 482 502 544 547 563 
3 28 94 231 
19 3 88 118 127 159 196 234 258 294 295 387 397 495 542 555 584 602 614 648 
12 26 29 43 57 188 256 299 302 345 364 384 446 
13 73 190 211 222 247 331 359 430 468 544 553 587 614 
13 11 58 85 91 200 228 278 311 371 512 536 585 634 
19 42 46 70 172 228 266 334 366 367 380 389 413 462 468 557 558 611 619 640 
10 83 236 284 363 394 431 475 550 562 626 
19 15 60 65 165 211 243 271 343 374 413 449 453 457 589 591 612 615 616 640 
7 5 57 103 550 617 635 656 
19 50 51 55 159 196 238 248 301 339 350 359 415 460 514 558 615 624 630 663 
14 29 80 121 197 202 227 294 379 486 515 538 543 567 635 
15 39 63 83 145 169 190 313 377 385 409 528 574 577 584 621 
18 6 21 51 62 155 221 228 327 328 335 350 356 416 432 470 508 540 582 
13 61 84 103 181 218 229 232 272 461 471 474 600 603 
14 3 92 93 180 248 254 263 281 351 542 545 612 633 638 
7 52 93 131 405 428 448 547 
8 68 93 140 202 476 513 548 600 
4 2 248 386 640 
1 379 
3 145 159 281 
3 164 294 640 
16 56 70 181 200 230 243 252 253 349 359 447 485 532 545 570 614 
19 48 70 84 119 141 148 151 236 239 246 269 279 285 352 361 459 568 631 651 
9 64 217 300 324 427 443 472 523 548 
2 25 380 
4 406 440 590 646 
17 20 21 36 99 123 167 189 215 344 388 487 526 530 546 555 616 637 
19 45 53 100 120 122 171 183 241 293 386 401 408 435 458 506 522 526 550 554 
11 140 174 259 293 359 545 571 573 574 634 639 
10 9 167 216 238 265 286 571 621 634 649 
17 45 102 146 188 236 299 305 309 310 330 361 496 520 546 590 591 617 
7 16 71 401 404 524 546 627 
14 11 46 76 107 117 189 290 318 364 381 390 470 488 510 
6 57 223 471 480 528 572 
20 10 17 30 87 109 232 250 259 301 341 399 419 441 481 494 498 563 579 592 593 
19 52 83 92 106 127 214 257 262 276 304 340 361 408 430 438 479 496 562 660 
4 31 412 537 611 
16 31 36 55 157 194 271 304 346 349 361 409 442 544 568 570 652 
17 12 33 57 111 150 182 204 257 267 281 292 341 392 405 477 488 579 
2 200 305 
2 195 454 
1 237 
3 112 355 360 
15 102 123 179 277 284 384 434 450 463 477 481 484 503 616 630 
9 44 171 396 478 488 603 626 630 634 
4 31 119 197 645 
14 62 97 108 110 148 158 316 322 378 457 475 507 521 631 
16 23 25 107 120 213 344 382 396 411 428 439 462 476 510 519 546 
17 18 57 126 170 182 284 400 407 413 427 449 450 493 526 578 630 657 
1 158 
17 122 156 181 219 235 250 272 318 355 496 505 539 582 604 626 632 660 
13 26 55 63 160 220 243 290 318 334 379 393 467 502 
1 425 
7 93 232 277 374 440 485 586 
1 299 
19 8 41 53 68 139 143 185 221 228 248 323 331 339 409 422 458 509 563 617 
20 6 27 63 92 95 119 148 225 240 258 278 309 331 334 380 469 507 515 580 620 
9 92 166 227 273 433 466 553 576 630 
9 22 83 111 167 221 283 508 602 660 
1 403 
13 16 45 123 171 197 242 259 301 317 337 383 540 612 
15 130 159 179 194 217 228 299 356 383 398 534 580 582 638 652 
3 267 564 608 
8 21 44 118 124 135 136 568 612 
3 141 346 493 
7 59 171 242 298 521 584 639 
3 510 590 663 
2 87 627 
20 59 60 113 168 170 187 230 282 325 386 405 434 440 454 493 496 538 563 589 616 
1 566 
8 53 171 235 267 272 343 367 504 
5 133 262 388 514 586 
1 120 
5 185 326 553 606 636 
17 56 108 113 130 160 219 274 282 311 313 332 350 372 381 441 500 652 
10 49 151 164 269 302 353 441 509 553 570 
7 19 171 260 330 523 582 655 
8 120 140 208 209 217 441 561 616 
18 20 31 71 131 312 356 358 423 446 470 478 480 490 535 556 576 595 662 
15 23 38 54 89 94 224 241 258 282 291 327 568 598 601 617 
5 161 202 289 466 476 
14 43 91 107 161 251 252 285 305 315 354 378 521 612 619 
8 118 186 215 302 400 452 553 587 
11 31 37 38 67 151 185 264 273 309 432 550 
14 84 170 214 291 298 312 344 443 508 556 573 585 625 635 
5 258 341 529 606 657 
11 10 178 214 244 331 371 533 562 624 628 658 
12 15 49 53 133 287 293 419 542 557 621 631 654 
17 24 65 124 131 177 189 214 355 374 436 501 563 577 599 600 611 625 
10 6 28 62 66 278 281 301 507 531 546 
14 16 64 85 161 211 229 267 280 381 387 420 523 557 609 
13 79 97 220 229 285 324 337 356 380 462 600 614 635 
2 550 626 
18 3 146 188 234 236 248 254 259 353 359 477 530 561 563 571 584 645 659 
15 7 38 114 200 211 290 425 475 529 531 556 565 592 638 662 
7 3 126 375 556 565 629 637 
5 189 204 215 382 484 
11 18 54 55 127 137 193 263 426 533 610 626 
14 31 95 107 125 130 133 159 192 316 340 555 590 602 663 
10 10 31 138 165 296 300 508 563 585 655 
3 279 428 646 
6 138 197 223 240 595 619 
2 384 395 
8 13 82 110 114 119 454 566 573 
3 3 19 428 
9 55 91 113 249 405 409 419 530 577 
1 311 
3 151 378 537 
8 85 105 259 272 277 422 478 597 
19 14 19 79 87 91 118 129 176 177 178 260 272 393 486 505 516 530 596 648 
4 220 330 351 447 
2 427 559 
12 61 109 175 194 230 306 340 353 402 486 504 515 
17 36 54 66 82 129 172 182 186 212 305 354 359 412 447 457 471 635 
3 87 223 632 
2 266 299 
9 41 84 504 518 545 580 598 602 655 
6 56 151 345 515 590 633 
19 3 102 150 178 225 246 273 274 300 316 328 381 397 405 415 448 496 545 623 
9 21 33 90 106 155 169 237 286 437 
17 13 29 53 82 158 179 247 285 310 346 428 513 594 608 628 636 650 
9 88 97 104 153 235 296 320 519 620 
20 57 62 73 113 162 241 256 282 324 351 389 448 459 498 514 528 540 546 596 653 
20 2 107 109 125 133 151 213 318 353 380 439 441 475 501 522 561 576 584 618 652 
12 37 65 96 140 263 347 431 485 497 537 591 592 
9 8 158 238 289 318 492 515 558 637 
18 26 86 104 124 138 201 233 312 408 421 471 503 541 568 600 622 623 636 
16 72 118 193 206 250 326 340 350 429 437 512 521 583 628 631 656 
18 29 122 235 243 280 298 311 323 401 425 456 462 464 490 501 505 558 569 
14 2 19 38 48 69 135 144 204 416 431 453 456 476 627 
14 45 56 63 91 97 262 374 433 435 496 541 544 556 586 
12 77 102 147 162 337 376 427 455 502 562 595 631 
11 35 182 208 320 489 541 584 608 623 641 656 
9 6 81 207 229 237 279 408 546 656 
5 118 187 208 452 589 
7 98 121 362 372 399 540 585 
15 235 264 290 297 302 353 415 534 545 547 564 590 615 623 645 
12 29 166 215 234 260 320 388 411 562 594 647 660 
2 238 303 
16 12 43 49 110 144 235 243 260 277 304 314 336 409 442 444 557 
4 51 388 447 465 
18 31 93 162 175 207 213 257 304 327 349 518 529 562 566 596 605 614 644 
11 9 82 100 193 196 268 271 461 464 489 540 
7 43 102 325 329 398 552 608 
18 14 37 41 70 86 177 200 214 237 333 343 353 371 391 404 479 560 594 
19 48 59 105 159 287 327 328 387 415 434 456 478 480 489 524 538 566 653 661 
5 28 188 488 529 608 
4 193 205 225 417 
13 118 127 136 203 270 276 289 326 384 566 568 579 654 
19 48 244 291 316 335 358 367 369 411 447 453 463 470 508 535 575 621 642 656 
1 193 
11 40 85 109 114 120 235 276 349 402 415 487 
1 164 
1 596 
10 158 195 197 214 311 315 341 481 562 662 
14 24 73 219 275 289 385 415 419 436 461 476 537 557 609 
8 6 62 260 343 363 377 480 481 
18 8 65 123 291 294 373 455 460 462 467 518 526 536 561 586 615 621 648 
12 3 15 92 145 165 262 282 291 335 350 622 649 
15 29 72 85 89 135 137 144 184 185 310 398 400 438 540 641 
13 83 121 162 194 220 230 240 271 306 370 400 460 510 
19 64 104 122 182 208 210 251 300 327 343 405 413 420 444 453 500 537 574 631 
11 76 112 236 253 382 421 464 467 477 569 624 
8 28 49 169 213 232 275 584 646 
13 69 103 133 143 151 158 309 517 533 547 574 596 599 
7 70 264 335 427 531 559 560 
17 1 14 77 111 126 169 183 214 279 280 286 367 369 418 429 496 656 
19 87 111 119 172 205 245 257 266 304 335 383 418 450 501 524 542 598 609 627 
9 22 38 90 142 258 354 530 635 654 
13 39 68 87 141 169 211 215 326 440 562 640 661 663 
1 520 
9 1 145 238 266 321 324 468 526 622 
18 7 21 56 109 114 149 246 356 375 400 401 447 509 536 537 576 584 590 
20 6 12 13 40 91 111 195 205 360 361 397 442 493 513 533 539 552 582 592 595 
6 139 401 427 460 578 663 
19 42 52 57 68 87 122 134 152 230 247 259 278 309 351 411 500 583 606 636 
14 57 209 223 245 287 319 370 371 374 394 473 522 620 638 
12 82 154 249 256 361 370 502 523 529 574 626 630 
10 58 108 110 165 205 310 330 358 466 582 
1 380 
1 278 
11 39 146 157 262 269 462 546 554 555 605 641 
12 49 61 158 178 185 215 362 369 394 504 557 562 
13 73 104 279 294 309 336 360 385 426 466 525 534 617 
11 37 204 216 248 276 377 394 409 503 518 612 
2 494 596 
2 296 504 
2 12 243 
12 19 20 29 47 136 183 239 379 515 549 567 577 
7 113 144 160 319 449 539 657 
4 232 557 609 610 
2 232 619 
10 87 109 141 219 238 301 314 497 556 612 
9 12 52 125 180 397 478 510 526 545 
5 69 180 389 579 628 
12 2 140 196 226 329 336 367 487 514 522 529 539 
9 76 99 241 455 472 506 538 567 638 
12 85 119 251 254 361 376 485 492 589 590 592 624 
19 22 43 70 90 144 173 338 374 379 405 412 438 465 475 499 531 576 608 621 
7 10 130 343 470 500 550 638 
19 64 65 133 185 234 258 260 269 287 307 319 322 438 449 493 499 596 639 656 
18 37 107 222 288 364 366 380 406 427 499 517 594 601 614 625 626 640 663 
19 20 52 80 225 245 281 289 296 347 352 452 458 512 516 519 534 574 609 653 
3 42 287 408 
19 26 51 57 107 125 139 155 190 271 361 438 486 498 513 564 569 597 624 658 
1 649 
19 46 74 101 113 121 195 218 251 285 290 306 412 417 500 505 515 535 552 622 
19 112 129 133 134 243 279 335 354 413 421 444 462 477 503 523 531 589 606 612 
7 27 291 335 367 421 483 613 
19 19 93 128 167 176 187 195 198 378 437 501 507 521 539 584 594 606 632 647 
19 81 159 201 247 270 316 329 376 388 390 415 429 432 491 526 587 599 603 646 
3 72 311 495 
4 564 599 644 659 
14 9 11 122 174 208 209 223 241 342 354 378 517 577 661 
16 14 50 80 117 175 176 265 267 416 448 474 501 509 520 539 577 
7 117 202 206 350 415 444 550 
14 121 146 165 193 221 373 377 439 449 491 553 591 616 622 
6 5 102 133 317 377 550 
12 23 85 112 196 200 206 223 321 377 444 465 603 
13 48 138 146 174 196 211 234 250 415 479 489 554 614 
20 42 64 116 171 234 245 262 263 267 277 344 386 397 428 496 536 572 577 641 660 
8 35 80 294 324 473 476 520 600 
17 12 146 171 233 268 286 305 330 362 411 416 420 480 490 497 533 605 
6 422 433 519 533 550 629 
13 75 132 171 195 231 305 326 372 375 448 491 512 541 
11 157 161 174 178 250 258 321 415 473 520 589 
20 4 34 36 73 109 143 161 185 231 302 360 394 451 454 536 557 584 591 619 635 
3 242 492 513 
1 34 
10 24 128 234 278 322 378 446 499 561 651 
11 47 50 83 105 308 361 418 539 572 586 649 
12 99 129 149 329 344 499 500 520 565 580 609 648 
8 3 44 68 199 369 425 557 573 
15 11 101 112 153 176 185 199 209 227 254 260 333 342 409 496 
5 388 469 479 588 638 
12 51 226 328 343 371 507 510 512 525 529 614 650 
17 58 62 75 101 155 177 263 264 313 368 408 473 477 512 515 541 623 
11 184 198 213 220 284 451 467 551 559 562 574 
1 424 
4 112 506 637 641 
17 11 89 123 145 156 163 208 284 324 328 353 369 389 517 538 642 651 
19 26 69 135 138 166 192 300 324 362 394 474 496 497 548 562 578 580 594 663 
10 123 151 269 280 363 382 386 564 586 641 
5 235 296 535 543 570 
19 75 78 153 198 229 242 283 299 306 341 353 399 416 431 514 536 563 577 613 
18 96 123 132 168 273 280 284 381 407 431 512 534 542 547 551 635 646 660 
6 37 80 167 383 568 597 
12 6 92 210 325 345 365 479 499 523 524 561 653 
12 29 104 316 323 390 394 406 431 443 507 540 633 
1 258 
5 147 416 530 542 553 
10 32 325 326 358 360 489 532 533 577 583 
13 29 74 125 164 206 292 365 422 487 493 502 609 650 
1 39 
2 121 335 
1 577 
12 30 175 187 263 311 315 334 440 450 488 503 509 
17 35 91 152 166 255 257 333 400 405 467 502 553 567 571 596 605 627 
9 54 56 188 293 375 419 438 458 615 
16 35 40 70 74 104 236 252 268 275 290 309 353 381 518 587 597 
17 15 39 70 100 212 218 233 294 344 385 447 497 507 563 577 584 589 
5 73 120 356 361 434 
12 39 150 151 157 270 352 418 471 541 567 611 659 
18 10 37 79 115 139 151 157 168 218 361 406 414 415 443 515 536 627 645 
18 32 48 62 94 163 266 303 322 397 401 443 459 464 471 498 609 621 656 
17 16 79 102 105 125 186 216 252 286 296 381 445 459 512 601 639 658 
13 28 74 219 239 285 298 358 387 477 528 557 597 655 
8 148 151 171 236 293 309 481 584 
1 176 
11 39 103 176 315 325 360 455 473 545 581 618 
10 4 23 28 138 185 209 293 321 502 611 
13 35 121 251 273 294 314 354 420 450 498 578 613 633 
3 35 346 590 
15 7 34 42 218 229 300 324 328 404 427 498 512 544 559 625 
11 24 78 102 118 210 241 357 422 469 568 632 
10 26 53 73 111 401 463 483 487 551 619 
20 13 60 71 93 104 175 215 295 314 326 359 367 465 468 478 488 490 511 571 633 
11 178 202 220 225 232 380 449 458 591 600 640 
5 261 333 340 422 491 
20 75 101 110 126 183 193 226 279 294 317 353 427 432 455 494 502 555 594 598 663 
1 251 
5 136 198 414 534 565 
3 232 284 600 
13 129 152 217 218 292 428 446 464 471 479 495 529 576 
9 133 148 191 235 525 565 581 622 650 
13 84 118 124 230 258 286 321 366 424 495 503 546 582 
3 358 497 595 
11 42 194 251 274 279 348 373 398 469 515 548 
7 94 224 232 316 318 387 443 
2 130 527 
5 108 225 263 337 443 
5 40 157 517 540 650 
4 129 225 298 504 
1 287 
1 301 
14 68 75 83 140 149 153 230 384 542 552 595 629 647 659 
16 68 84 141 147 148 196 237 274 327 392 429 498 616 637 657 658 
2 73 435 
10 85 178 183 189 291 386 500 564 572 660 
1 535 
17 109 150 203 204 208 236 278 302 315 318 330 362 439 551 601 623 655 
1 498 
10 112 222 226 263 272 312 419 431 553 635 
19 18 44 50 69 132 167 250 294 371 432 439 457 484 514 532 534 586 612 630 
8 95 151 301 316 393 431 471 640 
2 363 535 
1 590 
13 93 213 224 341 361 370 383 432 524 570 595 649 655 
7 11 111 271 332 379 514 598 
11 5 43 61 110 158 213 245 293 346 590 657 
2 79 103 
18 54 81 95 145 162 171 233 276 283 287 301 318 335 378 457 461 557 660 
11 19 151 155 164 168 209 241 337 353 442 477 
18 87 108 128 150 185 206 228 230 231 233 243 343 361 367 469 563 632 651 
7 19 152 418 427 434 449 612 
5 134 154 281 343 486 
1 46 
13 67 101 124 125 147 181 205 262 355 448 498 562 565 
20 18 31 54 138 193 219 238 271 285 289 404 405 427 432 444 460 482 556 562 630 
11 21 68 101 137 152 288 374 400 482 529 641 
4 2 177 488 505 
3 129 372 479 
1 38 
8 6 115 186 318 326 387 500 596 
3 357 588 655 
2 28 580 
9 85 157 215 259 350 357 379 393 442 
6 277 337 474 550 587 615 
12 62 115 125 143 218 336 352 508 553 564 617 638 
17 7 9 124 144 149 162 217 218 272 281 298 397 401 473 542 563 630 
10 63 76 107 242 277 312 347 351 473 656 
5 25 263 275 595 597 
8 79 158 163 230 239 312 491 496 
2 627 653 
20 42 77 89 108 119 181 189 222 289 294 373 381 447 465 468 516 550 571 575 645 
6 74 302 343 344 415 594 
12 1 53 109 182 186 226 399 422 429 489 605 611 
14 39 225 293 298 357 414 426 447 464 486 500 540 577 582 
14 48 182 234 271 284 359 372 378 493 576 583 605 627 630 
7 111 138 216 377 440 530 545 
16 16 58 86 89 178 214 234 247 285 288 453 514 544 576 647 658 
16 4 33 42 147 178 212 222 306 346 403 404 431 448 556 575 606 
13 9 49 82 90 273 421 444 456 465 468 604 607 632 
6 73 277 332 493 540 573 
2 363 638 
10 172 200 243 277 302 421 428 485 514 615 
19 11 17 21 36 112 162 186 204 257 313 352 394 410 419 464 474 498 508 525 
16 3 114 119 172 239 306 313 318 391 466 469 503 532 595 602 640 
6 264 296 382 479 514 634 
6 85 212 261 487 607 659 
14 32 43 121 141 145 171 316 359 390 397 598 605 646 647 
1 54 
5 30 78 197 495 521 
7 49 199 220 552 567 611 639 
4 172 177 236 348 
8 5 178 197 365 433 474 501 603 
10 14 47 113 178 369 430 469 481 535 623 
13 28 125 147 154 203 217 279 306 386 406 509 559 609 
7 39 471 479 526 588 590 605 
6 77 116 186 251 419 516 
3 186 324 447 
17 14 51 76 109 117 119 157 205 206 221 225 275 282 286 301 444 582 
17 121 153 298 300 301 307 349 419 438 439 474 484 490 524 561 569 621 
11 4 56 145 159 171 249 263 492 600 615 650 
5 206 253 255 554 570 
20 31 43 59 69 83 168 245 254 283 314 335 340 368 370 430 455 501 505 605 645 
14 5 103 119 225 294 303 344 388 410 474 496 501 552 662 
1 63 
11 10 42 137 197 292 348 394 539 591 632 653 
4 24 370 452 505 
13 57 73 95 112 132 208 236 242 244 450 493 580 630 
1 642 
4 242 486 492 499 
5 111 196 304 491 544 
3 460 483 528 
9 32 72 163 222 326 336 346 588 589 
16 5 69 146 183 198 199 252 290 303 334 340 435 444 448 597 619 
3 237 269 365 
8 25 65 82 236 417 447 486 537 
