992
0 1 1 1 1 2 5 5 0 9 10 9 3 7 14 14 4 2 11 18 18 0 21 17 23 6 10 27 17 22 8 3 29 20 21 4 10 33 29 1 29 21 13 43 24 14 21 44 37 35 20 38 40 38 22 16 39 40 39 23 24 44 18 2 30 60 66 42 43 62 69 29 40 3 71 43 67 47 23 2 22 60 22 13 0 27 27 37 8 86 17 83 19 21 35 55 64 89 27 83 39 75 7 2 93 80 63 33 60 30 69 96 72 84 113 72 77 13 85 111 18 79 56 15 15 64 88 66 70 112 107 7 59 125 99 47 121 93 64 105 31 75 53 63 24 105 107 46 118 119 46 46 129 27 116 39 106 65 92 72 93 111 2 139 149 78 8 72 20 128 134 127 67 128 36 3 67 139 106 93 78 72 30 136 131 124 1 88 60 89 76 98 49 138 80 110 177 11 113 2 59 113 49 165 100 4 139 2 188 189 21 54 159 3 213 106 53 106 30 152 19 210 123 191 87 19 217 195 169 209 110 139 116 144 73 231 207 38 15 197 86 69 99 11 202 236 52 182 80 72 133 251 109 112 74 164 5 5 254 168 125 113 130 38 259 170 197 164 161 240 57 213 75 194 273 52 136 116 229 279 129 229 22 97 175 154 261 123 196 151 100 105 124 127 294 235 75 60 121 172 203 44 196 168 279 134 185 208 258 141 300 7 227 263 7 301 185 231 118 50 237 26 13 270 34 267 84 231 291 35 63 154 229 71 297 237 8 191 187 337 228 199 118 69 2 192 248 343 314 115 27 344 220 202 18 46 342 61 261 91 84 2 230 1 193 310 62 326 248 102 68 51 88 9 172 280 351 247 213 107 343 218 164 181 127 168 308 194 7 280 313 31 122 158 86 262 289 117 312 357 230 109 178 66 161 273 62 53 168 368 325 246 102 92 116 129 347 4 4 312 6 65 72 179 326 183 376 282 345 284 280 258 221 380 356 339 281 165 144 418 304 376 301 39 217 405 261 31 261 239 379 437 229 257 48 386 420 399 1 288 171 187 253 298 235 48 256 230 143 94 81 418 130 175 152 168 476 374 283 329 243 47 89 151 83 467 298 411 21 94 264 263 357 11 134 279 211 71 31 289 148 169 6 180 443 176 347 328 23 47 341 332 135 258 176 274 319 231 72 106 467 135 272 402 353 48 465 15 492 435 215 109 185 46 456 354 393 216 206 516 72 8 100 125 191 161 62 24 355 152 110 496 531 179 224 493 233 79 269 285 39 480 226 294 409 326 255 36 301 331 299 173 276 224 308 483 19 307 22 385 130 206 115 287 560 242 55 500 132 465 126 165 221 0 253 546 589 140 493 308 326 543 262 87 6 372 270 511 562 436 475 585 155 80 468 260 539 34 340 270 316 274 137 300 544 347 31 132 141 142 587 117 557 266 93 302 436 582 150 504 286 224 264 164 15 155 609 189 552 399 7 547 600 65 248 294 656 375 299 154 248 33 142 447 485 45 371 160 437 607 398 232 71 389 119 349 307 677 488 642 656 134 618 433 14 500 329 398 200 319 528 443 45 202 49 526 656 632 696 304 88 45 313 442 426 53 72 457 559 397 472 547 681 118 609 143 297 468 360 633 245 208 626 261 130 631 341 176 380 170 511 249 13 390 23 567 109 108 530 548 614 88 653 97 540 390 154 183 533 375 678 572 73 297 140 197 742 318 320 294 201 635 592 185 757 463 254 96 485 8 584 546 470 93 692 410 362 360 33 106 288 175 334 758 394 567 572 180 483 277 741 730 565 672 672 575 623 732 446 289 295 758 5 586 447 438 745 527 639 676 427 398 478 766 341 294 217 217 572 676 482 305 597 243 128 511 763 620 324 332 596 638 462 800 335 593 88 637 295 277 415 95 347 365 175 494 162 17 481 206 10 72 308 748 120 206 22 383 682 584 716 366 702 621 262 586 246 576 249 248 499 775 432 243 600 432 218 491 437 353 157 513 125 771 436 615 472 235 76 341 158 334 795 785 641 70 720 551 289 494 105 674 166 613 694 29 762 336 784 556 46 69 506 801 101 640 317 170 391 373 336 356 298 62 395 314 794 755 37 804 196 693 188 348 391 641 335 110 657 509 789 712 95 320 805 2 765 528 348 934 363 203 907 920 714 366 102 17 477 297 945 522 947 400 600 808 428 340 546 904 474 424 332 264 50 882 205 71 199 576 183 295 283 727 692 229 44 908 785 885 937 868 
990
20 24 58 62 105 137 140 149 304 395 401 404 424 474 489 507 621 687 694 875 951 
18 120 153 183 224 229 250 285 309 447 499 522 546 580 596 663 731 800 984 
20 142 159 184 195 252 412 449 482 520 527 531 539 561 578 649 672 876 924 940 986 
18 32 118 230 266 344 362 368 441 451 532 620 648 686 697 722 729 840 913 
20 36 45 108 129 275 456 461 492 505 526 566 593 602 644 674 679 720 893 943 982 
19 54 96 120 187 199 247 267 288 333 486 495 540 611 670 680 759 777 820 843 
19 5 90 123 125 148 257 272 285 433 467 476 523 532 578 690 747 828 980 981 
19 27 44 53 76 153 179 217 321 451 473 495 598 677 685 771 813 842 910 935 
20 71 133 159 213 253 288 298 365 375 456 485 704 710 774 792 804 861 879 913 975 
18 43 78 263 269 516 659 697 714 796 801 809 824 837 844 887 930 931 959 
20 15 43 50 165 179 180 271 299 307 369 422 445 512 525 594 665 729 797 859 894 
18 25 38 98 119 187 325 421 462 546 668 682 713 716 727 772 782 832 839 
18 1 194 199 311 342 370 371 481 510 513 557 562 578 584 617 624 816 913 
19 25 49 221 289 348 423 435 456 470 507 678 784 788 798 870 900 936 954 974 
19 18 50 115 207 266 307 379 396 439 484 498 506 539 565 657 773 820 862 983 
20 12 14 73 156 307 406 490 548 567 576 593 639 752 757 768 825 837 909 918 953 
18 1 26 40 53 160 168 217 250 518 564 571 592 702 780 783 805 813 953 
20 16 60 74 142 166 235 237 317 352 356 429 442 464 465 482 485 682 740 814 853 
19 5 77 94 264 339 349 455 485 490 497 502 548 573 689 759 800 881 920 963 
18 3 69 72 143 153 162 201 287 324 584 589 736 751 762 764 829 919 938 
18 31 131 157 172 253 279 296 304 373 533 617 658 667 746 804 941 959 972 
18 120 125 137 164 174 210 215 295 381 438 493 501 728 765 879 889 909 974 
18 27 45 197 271 343 367 381 539 548 610 625 653 714 838 850 852 951 960 
18 24 28 72 131 151 177 190 205 211 221 323 445 743 746 796 865 903 908 
20 106 138 174 302 320 367 429 498 546 552 635 666 667 776 824 835 840 854 875 894 
19 39 94 102 139 234 326 355 388 469 480 532 551 564 682 754 785 802 848 932 
20 66 77 255 262 303 306 308 337 526 567 597 680 711 714 760 779 820 883 897 961 
18 119 149 208 329 375 464 559 691 699 710 722 741 744 890 910 915 933 953 
18 36 58 95 126 192 310 394 402 419 454 630 650 684 707 818 853 876 980 
18 64 86 100 147 171 267 286 411 550 590 596 627 653 695 762 858 905 917 
19 17 22 56 168 193 222 233 438 451 466 504 537 611 636 758 923 931 947 988 
19 63 100 111 203 209 255 383 439 523 553 611 655 707 799 817 831 878 898 906 
20 56 91 93 205 278 308 316 347 407 531 642 691 711 745 782 833 848 890 896 944 
19 22 84 104 131 231 286 293 386 405 447 465 494 503 548 604 631 804 845 869 
17 218 264 331 375 415 450 490 492 555 636 740 799 805 890 893 938 973 
19 76 134 206 210 265 446 473 480 490 502 505 524 526 569 705 754 872 921 971 
19 17 32 146 169 191 193 214 292 415 421 433 587 619 641 672 700 752 796 800 
20 24 29 50 94 274 291 367 398 467 486 513 562 575 606 755 761 771 797 909 972 
19 49 93 115 193 260 269 357 360 371 404 424 538 586 676 741 772 802 879 973 
18 39 85 133 158 319 332 365 379 502 545 584 625 665 671 786 848 967 979 
20 26 30 61 69 79 82 97 223 224 278 420 521 543 599 728 835 843 879 926 965 
19 31 272 276 297 317 424 604 667 701 707 748 785 808 865 866 867 958 959 972 
18 20 90 146 165 272 315 375 441 445 452 492 629 785 819 931 938 962 975 
19 100 129 169 277 376 467 598 629 712 713 762 779 829 852 908 929 966 971 980 
19 10 62 67 137 141 227 300 304 476 478 556 568 576 686 687 710 836 939 988 
18 13 14 33 124 153 292 355 393 519 567 594 665 742 798 848 872 947 966 
20 23 41 42 138 163 221 246 259 267 269 270 332 442 448 608 758 795 816 834 843 
20 29 51 177 207 211 241 364 406 509 517 576 578 688 726 730 793 805 896 899 961 
19 29 65 85 192 209 285 296 423 466 489 584 591 618 641 645 668 708 877 913 
18 50 141 150 160 211 341 372 395 435 436 462 574 700 724 741 842 903 992 
19 27 31 210 215 264 289 316 392 432 456 458 477 527 576 634 662 758 799 890 
19 13 57 210 220 295 323 345 369 380 453 473 510 640 661 777 794 871 889 896 
19 45 48 51 116 118 151 252 261 274 296 300 474 665 753 787 861 870 910 933 
17 15 24 67 157 202 251 329 515 543 550 557 767 782 828 830 901 922 
19 62 71 125 179 216 232 245 289 320 373 393 482 511 560 644 654 728 741 846 
18 1 51 68 69 122 162 239 345 393 443 575 587 594 638 741 766 813 954 
20 14 41 46 183 207 474 514 550 553 554 588 598 625 666 707 739 828 866 936 947 
18 133 171 174 227 280 364 494 498 499 533 649 703 731 735 912 943 961 969 
18 234 267 291 313 425 439 461 484 500 527 534 555 596 626 678 809 967 988 
18 21 137 158 162 272 293 334 335 520 559 572 584 602 683 711 840 931 959 
19 17 65 146 174 213 309 316 366 384 409 421 455 662 863 873 908 926 950 959 
18 21 33 82 94 267 271 356 393 451 457 513 692 826 871 878 968 971 973 
19 12 40 75 141 147 173 179 284 301 312 344 478 488 546 562 642 892 923 951 
19 60 62 119 274 294 367 424 441 509 576 602 648 721 764 874 906 950 968 981 
20 3 25 26 140 145 155 183 242 294 377 386 425 463 537 601 688 737 744 815 945 
18 15 18 29 68 117 136 326 395 550 557 577 597 602 615 671 826 845 869 
20 12 38 69 100 181 279 380 483 565 710 734 738 743 776 836 848 854 882 909 911 
18 61 123 136 138 195 231 331 380 466 559 617 735 820 877 889 935 947 982 
20 136 140 159 243 295 312 336 452 455 496 633 659 703 716 747 764 841 881 931 937 
20 77 172 192 195 208 222 315 411 464 619 624 637 644 679 728 756 770 867 898 955 
19 1 45 147 162 186 252 255 360 433 456 528 550 632 646 712 756 778 817 888 
20 7 214 225 230 257 268 388 389 415 449 582 600 621 652 655 658 699 755 860 896 
19 67 128 233 245 262 266 357 419 473 516 551 616 667 717 744 798 813 911 948 
19 108 172 182 208 241 292 294 308 335 357 380 403 405 412 581 644 707 711 830 
18 4 88 123 141 311 435 461 502 593 596 649 667 776 827 844 916 930 983 
18 13 108 187 255 314 320 406 432 490 581 593 732 740 770 821 912 969 989 
20 3 90 111 130 140 153 156 162 165 200 253 398 414 465 685 757 763 765 818 948 
18 120 192 200 248 251 276 419 511 523 535 561 589 685 806 838 842 879 898 
20 40 117 270 466 498 542 565 611 616 678 728 732 749 840 848 864 875 891 904 916 
20 4 24 45 86 101 165 242 331 380 417 489 585 668 692 732 742 771 793 799 905 
19 23 94 97 102 119 163 164 198 249 462 552 731 753 764 779 818 837 910 977 
18 12 83 170 348 362 366 367 402 468 570 648 766 808 817 860 903 937 979 
20 64 109 123 235 241 272 339 406 466 475 499 502 588 592 610 642 674 811 919 983 
18 30 46 169 271 300 369 466 483 530 532 674 712 731 749 765 849 980 989 
18 30 38 133 163 172 248 300 305 418 468 469 539 600 635 674 774 826 872 
18 26 38 48 65 85 108 117 175 389 399 409 561 635 785 806 868 939 943 
19 86 104 180 183 263 301 365 366 368 454 517 527 623 672 692 693 801 976 988 
18 19 87 103 151 277 300 336 385 478 526 620 685 730 771 842 876 888 946 
19 88 106 121 132 188 229 241 271 276 294 381 409 583 627 632 638 706 860 963 
18 16 85 129 206 213 292 325 340 341 343 406 615 619 676 798 833 919 968 
20 107 162 170 284 308 365 370 478 518 524 585 612 621 639 670 672 689 874 893 931 
18 65 114 154 155 166 173 305 412 485 528 553 573 618 691 749 885 897 991 
17 18 45 107 237 249 364 433 493 503 730 737 787 791 802 876 910 990 
18 136 177 195 201 219 266 385 404 408 523 758 771 824 846 875 899 907 908 
19 93 121 125 146 151 205 222 247 284 344 374 432 450 496 510 558 688 933 945 
18 36 42 46 145 192 275 329 354 367 390 523 553 574 601 639 785 908 926 
18 12 20 25 29 33 197 328 367 386 477 568 620 715 718 807 842 913 963 
19 15 203 214 280 298 393 503 599 625 698 730 811 863 895 898 909 915 932 937 
18 108 229 273 275 278 280 349 444 507 640 670 691 697 786 792 816 948 972 
18 115 116 122 214 299 389 421 460 470 483 608 683 687 703 730 766 813 875 
18 25 28 42 277 297 332 350 358 370 392 405 464 473 626 639 815 829 867 
20 39 90 155 162 215 245 285 346 439 456 467 498 510 568 704 735 747 892 927 960 
19 239 262 344 374 395 499 536 561 580 597 601 603 619 620 741 747 861 926 987 
17 71 256 258 269 278 286 306 525 573 619 658 710 729 792 817 857 894 
20 28 29 38 97 102 172 194 273 276 335 545 607 649 654 732 766 919 961 963 968 
19 5 31 69 105 175 208 298 361 423 462 470 585 590 648 659 680 895 933 976 
17 170 173 225 274 289 346 392 530 533 605 624 746 782 792 883 920 990 
18 14 85 119 263 307 374 506 545 602 631 646 673 732 783 867 960 986 992 
18 64 67 94 129 159 167 231 232 251 396 440 505 561 607 610 695 765 845 
19 24 29 37 43 63 235 311 392 435 499 539 661 707 722 729 784 877 957 958 
18 27 81 101 186 196 215 251 472 502 600 608 614 620 657 744 865 868 938 
20 22 30 53 68 251 253 337 386 490 672 673 739 804 817 866 884 909 933 947 988 
18 25 109 126 129 185 215 345 471 532 600 701 707 738 850 876 918 929 990 
18 7 22 24 33 57 116 206 364 365 458 494 514 542 856 878 920 945 964 
19 122 251 253 356 368 407 426 430 434 439 480 503 554 596 601 702 790 932 948 
19 94 95 254 324 338 339 452 497 547 722 783 819 860 923 934 945 954 962 976 
20 7 19 63 81 128 193 274 294 359 484 513 652 735 760 773 792 796 809 844 965 
18 42 99 107 150 153 179 323 348 389 519 528 613 629 654 746 776 804 892 
19 44 48 124 149 203 237 260 389 424 620 674 746 756 763 780 789 845 897 956 
20 56 62 63 81 218 250 282 423 511 530 536 609 612 619 744 757 764 769 804 953 
18 115 211 215 221 280 318 365 462 597 699 702 733 793 838 843 946 977 982 
18 121 245 286 307 337 347 435 519 551 568 571 719 737 806 834 876 913 979 
19 73 103 145 163 179 189 268 436 525 532 539 623 643 673 686 762 905 921 978 
19 7 181 253 284 315 319 364 450 475 479 528 585 641 758 788 801 844 913 920 
18 34 203 228 251 352 383 419 428 477 491 571 669 710 782 825 906 913 974 
19 24 26 29 48 110 178 399 411 654 693 697 756 796 800 807 848 939 987 992 
19 3 8 28 33 65 83 133 316 342 373 375 417 468 509 565 654 719 875 939 
17 57 187 191 208 322 385 448 464 468 473 600 629 678 759 874 920 925 
20 17 104 174 175 201 262 285 335 393 435 500 504 605 651 675 692 757 904 941 982 
18 59 174 177 298 405 435 540 625 642 658 752 785 802 873 917 938 977 980 
18 25 213 275 276 286 318 428 468 476 541 573 580 622 624 706 774 848 927 
20 40 94 97 201 267 272 295 302 450 546 553 644 664 697 703 722 758 794 857 970 
18 45 141 178 183 201 277 320 388 429 430 485 505 530 544 565 574 740 872 
20 18 40 84 180 212 286 308 437 512 513 578 587 650 690 843 853 868 877 922 976 
19 45 132 203 227 277 310 412 444 542 558 585 624 681 694 731 774 860 879 989 
19 19 47 115 175 234 297 304 399 551 603 617 701 777 804 830 873 904 927 931 
19 70 99 195 197 257 260 272 287 325 472 487 531 586 690 708 805 876 887 969 
19 10 69 138 185 256 319 402 450 581 584 642 666 672 715 738 836 893 953 964 
19 65 108 138 146 165 227 243 260 272 395 443 479 590 591 636 800 866 914 955 
20 4 63 134 150 179 201 312 320 379 422 478 604 606 622 638 672 680 700 704 724 
18 3 7 21 51 143 150 238 390 436 464 501 544 646 647 671 777 803 815 
18 56 57 68 110 114 121 140 231 312 576 595 597 724 784 793 798 906 942 
19 11 94 101 181 510 527 609 621 651 711 778 846 886 895 914 917 929 932 982 
19 24 107 108 132 137 177 246 268 311 362 462 484 527 544 683 717 738 799 865 
18 35 37 40 81 173 196 260 298 351 387 392 462 536 615 697 732 770 818 
19 38 47 137 201 301 395 402 466 477 481 523 628 656 692 774 784 786 895 960 
18 39 48 61 63 116 133 151 155 201 272 366 551 583 695 714 807 906 957 
18 52 103 147 159 251 306 351 353 404 458 522 569 604 746 748 801 875 877 
20 110 123 136 214 249 257 265 309 314 318 422 469 558 571 662 785 899 900 970 988 
16 145 262 425 533 549 588 597 604 612 686 738 781 789 803 813 938 
19 50 60 129 177 217 229 266 300 305 315 439 514 574 577 646 662 738 761 832 
20 19 132 138 300 301 304 306 336 378 438 446 457 587 610 643 649 883 893 917 959 
18 3 98 123 148 162 210 212 338 380 554 637 643 773 826 835 891 929 979 
18 59 93 159 251 328 418 507 529 545 561 563 672 692 736 815 816 870 903 
17 4 116 224 244 251 253 432 439 447 458 585 587 598 610 634 685 687 
19 198 216 318 324 331 364 372 418 422 494 614 740 741 771 790 808 830 864 934 
19 13 21 32 148 152 177 220 283 304 382 440 563 580 605 645 751 770 886 991 
18 44 94 96 158 184 207 283 315 336 443 548 570 575 617 628 777 901 918 
16 35 218 546 601 641 672 731 747 781 848 887 935 950 975 985 989 
19 147 211 246 256 309 357 476 498 509 538 572 657 680 698 880 881 907 919 959 
18 20 32 121 231 324 439 469 557 619 641 707 713 741 768 815 852 862 949 
19 86 98 132 193 458 470 516 527 570 590 613 654 739 741 770 772 850 883 924 
20 78 151 208 220 294 371 406 412 475 540 546 588 646 734 735 807 868 906 963 965 
19 24 62 117 137 198 211 212 221 447 448 509 528 571 690 701 743 826 915 973 
19 41 177 214 242 286 333 383 415 428 526 623 634 635 641 764 783 791 845 944 
19 32 109 175 209 239 468 486 492 666 682 725 787 799 817 839 898 949 969 983 
17 67 72 74 141 257 306 358 511 512 550 661 826 828 837 861 886 954 
18 222 255 278 287 294 340 415 417 437 493 546 711 751 776 865 881 986 988 
20 50 214 230 344 383 409 452 473 548 555 560 623 697 719 740 758 852 936 980 981 
18 236 289 321 368 384 445 508 531 747 768 769 784 826 850 902 916 948 964 
18 19 21 87 88 144 216 250 273 314 419 490 518 557 695 718 758 886 905 
20 27 121 130 182 253 275 308 465 482 512 540 570 618 681 705 764 880 902 935 989 
20 102 111 154 168 223 240 261 337 410 544 546 660 710 732 740 791 812 866 874 877 
19 18 64 215 230 288 357 380 414 434 460 476 550 615 684 696 707 773 860 878 
19 90 102 141 142 152 171 325 373 389 400 431 438 528 556 579 737 749 809 961 
20 123 133 153 174 271 364 399 462 470 566 583 603 706 709 786 811 835 864 956 990 
18 50 97 159 209 224 247 250 255 300 335 416 654 691 730 812 860 864 872 
19 261 293 319 336 337 366 384 414 423 434 446 514 521 530 590 856 869 907 957 
19 65 94 175 184 189 318 397 420 441 495 616 651 695 742 796 839 861 900 970 
19 42 59 101 305 334 439 450 480 513 550 588 605 626 628 839 898 961 980 983 
20 60 80 136 148 171 273 302 324 329 331 346 413 452 638 654 770 804 826 828 951 
19 1 51 96 113 200 254 323 409 489 526 563 586 738 782 805 821 876 892 981 
19 3 6 113 409 416 428 458 528 545 555 649 660 665 693 719 731 806 912 975 
20 72 119 161 263 282 488 514 547 568 612 631 662 690 767 823 881 901 923 970 975 
18 38 64 98 141 188 222 263 313 375 379 413 431 466 663 762 800 923 968 
18 36 58 82 110 136 283 342 419 490 566 627 655 705 736 810 817 857 992 
18 84 86 94 190 311 354 359 493 506 586 631 675 711 835 867 873 902 961 
20 37 88 126 232 245 269 333 344 354 355 362 382 418 525 538 562 818 882 894 929 
20 61 84 116 247 255 279 420 444 450 547 562 633 634 647 656 663 675 757 822 971 
18 70 121 131 137 204 235 288 298 434 493 529 540 804 816 855 895 900 924 
18 130 279 333 407 428 563 564 619 661 668 698 706 769 857 901 921 923 974 
17 25 134 171 199 250 314 341 348 421 472 501 521 553 688 812 943 953 
19 55 63 71 171 195 242 251 279 324 381 385 474 483 572 621 675 740 866 879 
19 153 165 167 207 246 247 261 326 430 460 471 534 658 666 717 829 844 880 950 
18 7 63 75 123 176 250 421 435 444 486 496 607 616 618 633 850 906 989 
19 14 18 86 121 123 157 181 371 422 440 444 657 704 767 816 826 870 888 977 
19 64 68 220 221 296 326 410 471 474 488 539 555 597 626 632 688 869 972 977 
18 69 83 144 248 264 367 409 425 455 456 675 742 798 832 852 860 894 924 
20 32 42 151 237 364 408 442 591 685 762 800 804 837 881 901 908 923 937 948 986 
18 107 139 309 363 401 451 499 546 651 688 699 706 752 768 919 964 980 983 
20 79 136 145 146 153 297 343 466 516 539 546 577 584 619 799 816 828 860 869 987 
20 4 23 60 88 253 290 296 395 440 461 478 606 642 684 703 724 778 830 833 918 
20 9 30 51 92 248 263 305 308 326 335 568 570 604 679 694 740 780 850 904 906 
18 3 38 119 141 243 315 381 406 612 626 645 656 662 690 719 731 736 868 
18 5 122 150 264 266 295 356 423 451 551 607 639 737 809 830 849 961 985 
20 18 58 114 206 228 320 419 435 448 473 498 576 611 701 712 759 771 931 932 984 
17 4 29 133 215 220 275 281 328 335 423 463 504 576 580 626 819 979 
19 51 74 160 173 243 256 287 324 385 430 487 520 619 709 753 758 772 801 895 
20 89 95 117 338 357 370 376 427 462 479 486 533 570 573 668 780 853 870 958 984 
18 17 186 226 233 248 277 316 396 455 480 487 638 692 761 806 868 964 991 
18 9 37 294 324 362 416 441 512 558 614 647 652 691 712 822 925 961 984 
20 100 213 337 344 373 401 431 453 474 499 511 531 601 610 612 664 740 869 878 937 
20 224 274 289 330 331 369 399 411 557 573 586 598 656 684 694 798 805 867 894 951 
18 31 48 65 129 169 210 241 353 372 428 458 489 513 649 683 718 887 906 
19 44 76 120 131 132 184 239 345 347 387 444 512 590 678 738 796 804 965 975 
19 75 93 206 222 311 371 496 700 702 775 796 833 856 865 866 891 934 976 977 
18 46 118 146 197 291 351 483 527 554 635 673 696 709 770 800 908 935 976 
19 38 119 120 184 188 298 329 348 368 370 371 372 463 541 627 662 692 885 904 
19 21 252 265 396 408 439 474 481 489 495 518 560 583 698 759 846 917 936 941 
19 45 141 216 238 259 372 439 442 470 476 522 666 698 767 783 915 921 954 963 
18 40 88 98 111 160 171 230 239 246 254 265 300 395 421 495 503 741 760 
19 47 121 129 163 181 182 226 285 384 429 446 539 543 661 709 799 816 854 973 
18 23 98 104 135 172 250 551 584 618 645 647 695 737 809 840 847 896 965 
19 72 149 150 172 182 400 420 456 459 565 594 642 732 741 758 851 884 933 946 
19 73 146 163 190 192 241 382 452 509 667 677 771 784 786 848 929 959 970 972 
18 138 166 235 297 377 407 415 463 480 560 561 588 606 618 694 786 918 949 
18 35 51 125 137 139 246 248 278 345 379 390 491 756 777 780 888 941 958 
20 115 150 154 181 184 239 272 282 355 374 400 415 548 577 782 845 880 908 939 956 
19 7 11 120 187 288 344 386 390 400 545 579 581 585 637 648 778 816 950 955 
18 120 134 161 193 206 222 234 285 390 527 547 622 717 731 809 879 927 988 
19 23 100 142 145 246 302 423 452 472 481 541 647 814 863 872 895 954 982 985 
18 54 138 182 218 281 310 335 350 353 355 368 370 384 498 651 804 842 940 
19 148 161 206 245 254 301 316 407 497 612 635 643 649 685 770 774 813 874 914 
18 2 6 13 115 126 319 344 474 502 615 643 644 682 700 744 765 780 819 
18 182 235 295 320 358 381 397 412 474 550 638 641 756 770 810 843 926 973 
19 33 37 73 113 154 174 211 233 280 327 422 499 508 514 740 784 836 942 980 
18 56 97 118 126 192 261 279 425 444 455 562 577 617 632 682 750 875 967 
19 14 62 151 153 162 230 412 455 503 530 613 660 668 674 790 822 867 952 978 
18 22 27 45 81 214 217 243 418 564 580 678 720 752 763 816 876 881 925 
18 44 175 187 196 314 335 348 349 413 461 588 700 711 776 876 892 917 934 
20 28 69 71 112 221 240 293 360 369 385 431 502 518 630 683 688 721 768 955 964 
19 55 131 160 176 180 244 277 424 430 451 509 552 561 637 642 901 911 920 930 
18 14 43 217 225 232 340 371 396 402 425 468 472 571 727 826 839 919 977 
19 30 55 91 244 269 303 318 340 364 409 442 488 578 651 685 720 758 800 906 
19 247 310 324 375 392 432 476 478 506 548 599 610 624 683 774 816 925 969 973 
19 3 137 148 190 227 325 342 346 358 428 441 461 532 537 584 622 659 865 876 
17 179 195 200 207 209 247 338 443 505 554 591 697 733 768 859 936 965 
18 38 130 138 149 151 173 189 243 349 458 556 641 685 766 772 821 898 983 
20 92 97 118 124 137 169 195 235 312 313 321 384 467 473 511 523 526 762 772 985 
19 146 183 267 400 437 440 447 456 467 484 545 694 710 711 776 810 876 917 951 
18 110 171 185 255 388 429 445 492 598 755 782 801 844 850 862 881 924 941 
17 60 149 246 289 339 363 381 415 556 558 649 656 679 758 823 878 941 
18 109 118 175 319 403 498 513 541 574 586 673 683 733 776 836 848 929 976 
19 10 37 51 131 135 161 237 270 313 415 525 655 691 787 834 860 861 899 942 
18 13 35 100 207 231 234 265 531 580 648 704 752 843 846 856 904 986 987 
18 91 246 253 271 330 337 374 391 457 468 471 556 648 702 854 857 939 947 
19 13 41 225 255 320 340 361 380 393 461 466 486 588 627 685 696 843 907 987 
18 145 308 396 442 451 484 582 591 657 664 698 738 751 844 925 929 950 981 
18 2 12 65 178 199 290 328 561 610 623 625 726 754 787 896 908 917 927 
17 71 112 161 192 336 348 373 386 403 467 592 755 806 820 826 833 988 
18 26 175 179 222 240 248 267 295 425 435 472 492 680 712 732 770 870 890 
18 40 119 135 160 164 177 252 327 503 545 692 746 755 827 828 861 943 989 
17 10 29 32 93 124 163 234 361 457 517 535 550 641 654 672 701 721 
19 30 31 36 104 126 207 231 243 244 282 523 525 740 762 785 886 888 902 961 
18 152 227 294 316 344 380 391 409 455 478 505 529 558 575 682 686 858 862 
19 20 40 118 136 142 148 206 288 438 460 496 520 543 639 766 785 878 906 967 
18 10 68 75 137 148 226 269 295 328 329 353 454 458 510 561 750 890 934 
19 38 165 176 194 202 628 665 709 731 748 751 786 810 897 905 923 947 952 975 
19 26 44 58 101 110 119 163 229 330 362 412 476 549 563 591 889 960 969 989 
20 69 225 239 339 344 445 493 513 521 540 596 612 707 756 761 777 811 871 884 988 
19 189 225 263 325 449 473 498 509 511 559 562 582 653 683 769 804 813 821 848 
20 104 173 232 348 353 373 385 456 487 533 534 549 582 620 621 691 698 732 859 922 
18 13 25 83 141 146 167 289 339 408 433 446 545 561 572 593 613 803 879 
18 32 63 68 98 240 360 372 419 445 615 676 710 738 805 933 936 953 966 
18 8 220 271 349 395 403 500 502 547 577 622 625 664 696 817 859 908 967 
19 56 91 107 208 224 266 388 428 493 500 519 536 615 656 676 711 731 739 916 
20 49 92 180 365 369 412 438 453 484 495 496 691 712 743 785 798 834 884 946 953 
20 12 43 120 183 228 242 301 453 456 493 510 538 622 674 677 736 814 826 873 978 
19 37 79 114 299 344 368 456 466 517 537 562 628 743 751 833 857 881 884 967 
19 21 111 116 197 218 269 277 387 430 547 656 665 679 722 737 871 884 925 954 
20 73 113 147 236 265 275 344 446 485 559 624 796 817 862 869 888 967 977 986 990 
20 35 101 143 168 328 411 481 522 641 649 687 760 762 815 857 873 893 905 917 953 
20 17 40 129 142 206 231 243 316 340 386 465 539 589 592 597 646 707 724 841 872 
17 96 127 143 176 200 243 285 340 381 460 640 745 750 897 931 947 990 
19 12 68 139 143 174 253 396 411 479 613 714 805 854 867 876 905 922 953 973 
19 4 9 58 96 139 163 168 211 263 277 375 528 566 596 623 713 746 760 789 
20 4 21 92 215 341 374 388 392 393 411 669 783 785 814 837 840 848 958 973 989 
19 115 156 277 383 424 493 563 590 622 653 686 707 766 832 834 837 904 948 985 
20 9 73 138 263 284 307 316 361 376 469 480 497 531 621 629 690 702 859 860 941 
20 81 94 174 264 284 304 370 470 524 549 585 589 730 814 832 868 870 891 920 990 
19 32 50 326 367 380 381 411 434 436 497 616 689 727 735 833 845 866 915 936 
18 49 64 277 347 353 379 529 561 588 596 616 642 676 698 724 889 908 927 
18 111 132 134 183 241 308 332 372 472 499 542 640 715 788 879 891 909 983 
18 60 83 184 220 350 354 413 490 512 528 552 590 626 650 791 800 833 846 
18 14 153 222 226 312 323 399 422 502 620 621 664 757 836 867 925 965 986 
18 6 75 110 184 336 339 400 443 457 467 501 643 705 772 780 811 812 893 
18 52 73 171 174 185 244 250 289 315 467 684 693 740 792 896 905 919 964 
18 22 71 72 149 252 374 377 409 482 559 590 599 682 730 841 846 889 918 
20 15 16 55 148 193 203 258 301 331 428 463 469 482 526 570 596 674 816 820 887 
17 28 32 44 74 125 139 146 167 200 241 337 410 455 522 698 843 938 
19 22 56 85 90 92 146 226 237 320 363 429 471 574 604 786 880 915 937 960 
19 47 66 117 143 207 284 298 412 449 552 556 575 605 657 658 702 715 827 877 
18 19 22 24 41 103 222 255 333 408 416 575 583 603 692 801 831 928 949 
20 13 17 72 78 116 251 349 423 427 558 634 724 744 767 778 808 884 924 927 945 
18 27 77 126 183 216 220 288 335 397 461 467 664 694 719 780 789 861 887 
19 21 62 175 226 251 268 350 379 574 648 667 683 755 776 906 926 927 932 978 
20 33 35 80 102 212 214 273 430 447 495 508 545 562 610 626 718 840 911 914 970 
19 139 147 196 198 235 345 351 400 427 428 489 582 586 647 651 726 733 762 930 
19 99 112 142 189 300 376 461 518 530 552 560 589 636 712 736 755 859 878 962 
19 4 68 69 121 157 240 271 311 324 350 396 413 449 482 609 692 827 865 968 
18 3 32 76 184 235 240 297 340 449 492 506 516 624 650 725 872 931 985 
19 8 358 368 388 462 497 612 628 637 640 692 752 836 861 868 934 961 966 980 
18 15 46 49 126 176 185 218 280 325 331 505 578 626 673 747 960 962 986 
19 107 124 135 157 183 199 253 267 371 404 406 440 614 679 707 746 841 890 935 
20 172 196 218 228 268 269 285 406 498 524 532 626 777 778 858 862 869 915 956 972 
19 163 180 183 211 219 247 310 331 371 410 461 468 513 520 534 684 835 845 943 
18 52 88 104 230 320 380 409 442 448 514 516 658 687 742 858 892 908 988 
18 73 135 137 198 238 268 299 385 426 456 473 601 627 651 736 804 928 984 
18 12 61 75 79 85 92 287 295 354 400 787 801 842 852 937 961 966 986 
20 8 38 122 163 178 296 341 358 363 366 388 409 438 452 531 665 693 706 913 944 
19 10 45 103 205 258 305 346 448 521 538 699 725 742 795 803 835 876 924 956 
18 48 66 69 123 158 177 243 271 353 374 384 385 708 710 739 801 865 970 
18 72 91 108 122 131 178 263 310 414 505 520 533 576 604 765 771 805 890 
20 33 68 113 120 135 144 216 233 271 359 406 479 501 540 663 733 823 892 910 962 
20 11 17 62 86 108 197 252 254 268 295 347 369 375 582 685 687 743 814 842 854 
19 8 16 33 85 87 109 133 174 179 197 206 263 393 480 591 614 744 854 936 
20 28 165 202 222 243 302 334 406 505 510 592 601 607 629 661 804 866 943 972 985 
20 179 196 277 331 350 451 507 572 573 578 599 619 741 785 819 834 924 927 938 951 
19 90 113 125 129 256 303 361 466 556 602 621 653 688 708 722 730 783 788 969 
19 44 47 100 141 165 241 311 355 375 444 489 504 635 694 862 870 886 972 973 
19 21 22 26 28 43 103 148 177 434 519 520 561 578 619 686 773 851 924 956 
18 48 171 253 269 309 342 362 445 472 500 558 704 725 762 822 833 907 909 
18 25 40 62 72 168 238 451 466 496 502 509 698 725 787 807 902 941 968 
19 7 14 212 215 307 327 345 352 422 480 483 530 640 737 746 754 842 950 975 
19 55 72 100 183 244 263 323 528 529 558 583 601 617 638 644 663 755 818 910 
20 55 115 120 128 150 160 399 483 581 584 630 646 672 698 758 839 894 931 955 956 
18 60 206 313 320 418 442 481 492 567 592 656 658 704 709 737 769 902 935 
19 12 17 22 49 275 340 362 397 404 423 460 528 558 607 651 658 757 867 876 
20 91 145 184 225 260 293 344 399 580 616 628 695 714 752 760 870 872 911 915 916 
20 83 149 161 245 306 315 335 375 414 426 466 470 500 514 678 801 903 905 913 976 
19 52 142 159 179 191 263 487 505 507 573 589 592 617 627 644 662 822 890 965 
17 65 102 133 138 142 170 192 218 226 276 279 376 520 664 742 917 923 
18 27 83 137 216 309 325 450 458 485 511 543 601 633 800 823 829 886 952 
19 18 104 131 330 361 367 476 486 499 500 514 544 678 778 789 882 909 944 991 
19 54 59 106 153 160 193 224 230 443 452 530 586 628 712 754 818 914 932 939 
18 38 42 55 79 99 285 291 433 436 491 540 703 740 784 820 897 920 964 
20 30 45 61 150 197 213 245 269 271 274 317 439 614 629 675 709 728 733 854 973 
18 71 91 94 107 475 539 562 604 638 645 674 741 749 795 844 878 905 989 
19 61 68 107 194 275 348 430 511 574 575 581 586 599 639 822 836 875 973 974 
18 53 121 283 328 343 405 478 493 518 551 576 624 703 705 722 736 856 900 
19 8 176 197 218 221 317 357 437 442 484 487 548 581 638 658 757 817 890 955 
18 4 59 92 216 229 308 365 434 468 735 736 742 771 813 846 887 925 963 
20 11 15 79 84 123 134 167 217 286 372 504 522 542 608 645 685 705 721 882 909 
20 24 103 217 218 250 276 345 455 464 497 514 551 671 703 842 874 886 901 917 929 
19 16 30 193 233 290 318 323 345 479 499 540 549 581 602 672 720 801 874 908 
18 6 113 118 131 186 203 281 341 442 457 471 472 597 636 685 696 869 901 
19 1 92 179 187 258 268 329 358 447 460 553 756 787 814 903 912 915 935 944 
16 23 90 110 133 145 223 257 281 340 383 444 490 734 823 888 893 
19 95 168 217 239 247 285 412 505 542 611 619 643 721 768 774 808 914 962 966 
18 11 28 164 178 195 219 382 446 493 582 653 663 675 769 806 827 930 976 
18 48 98 128 152 251 266 314 341 415 460 647 674 751 769 794 846 931 971 
19 52 74 197 296 315 441 450 500 510 514 550 584 608 687 810 817 855 917 922 
18 7 144 175 195 224 269 406 461 550 689 728 745 774 787 822 891 956 977 
19 112 176 192 214 263 285 294 329 407 448 462 520 648 723 753 821 891 981 989 
19 1 33 116 132 256 278 298 337 503 539 588 638 704 720 727 784 797 811 906 
18 98 150 158 219 224 377 421 558 570 574 609 633 683 745 763 863 881 928 
18 18 33 51 52 90 132 274 421 484 497 531 538 612 638 690 781 887 973 
18 28 91 246 249 283 352 358 375 382 412 506 540 566 683 808 858 930 989 
19 4 41 58 131 173 206 305 318 352 437 525 551 625 633 647 663 717 835 922 
20 23 42 58 67 115 227 372 420 442 450 633 699 701 718 750 762 860 866 916 991 
18 22 101 244 304 398 446 449 542 611 653 667 669 677 687 841 891 925 955 
19 224 237 259 361 388 392 469 475 499 521 562 643 677 692 754 849 883 926 952 
18 17 97 125 152 198 231 318 400 408 478 482 548 620 628 725 843 920 948 
19 88 107 113 237 271 312 338 444 455 480 509 555 563 679 735 810 920 930 988 
20 25 303 304 348 375 429 485 547 571 676 713 726 777 781 796 887 903 908 925 974 
19 23 86 189 192 276 312 361 412 420 500 587 693 703 821 857 867 905 917 931 
20 3 39 59 69 95 173 179 192 484 485 578 702 705 708 727 746 795 820 892 935 
18 9 21 36 159 234 254 310 346 532 539 589 652 711 731 926 972 975 983 
18 109 115 119 127 170 273 297 342 346 375 413 425 435 535 718 788 813 870 
19 28 61 64 157 197 273 371 497 629 639 643 696 697 745 772 782 873 904 962 
18 26 142 411 432 571 594 595 680 729 820 864 869 880 882 885 889 917 926 
18 24 75 151 152 227 450 464 479 514 535 587 589 699 778 801 829 922 940 
18 4 136 153 193 225 309 404 485 503 550 650 661 845 890 901 908 947 953 
18 202 212 217 261 291 310 343 380 483 502 507 535 617 735 743 824 936 949 
19 117 129 147 234 297 310 342 354 358 507 553 585 631 660 733 741 910 941 942 
19 5 11 66 261 266 292 295 307 340 467 505 600 684 697 721 728 830 848 868 
20 42 75 144 188 195 287 346 642 644 691 701 716 724 746 782 800 831 837 851 980 
19 33 38 39 45 156 164 210 281 338 366 542 549 687 732 743 771 846 879 896 
19 73 77 78 81 101 116 125 215 243 379 391 473 549 610 811 869 883 920 985 
18 37 187 228 257 329 422 508 565 587 625 635 662 678 689 691 790 856 992 
20 117 121 127 128 161 199 203 322 340 513 546 567 576 664 691 716 753 759 865 923 
17 4 33 72 77 87 148 168 178 240 291 391 442 566 717 779 801 859 
20 8 51 143 285 289 395 424 529 570 610 660 794 853 877 889 910 913 919 950 971 
18 62 159 192 203 335 370 410 516 517 571 589 681 690 727 811 850 897 922 
18 1 193 199 322 339 422 496 522 528 556 575 610 614 673 764 782 786 962 
18 56 166 258 271 286 315 324 501 505 522 564 647 783 816 826 843 905 957 
20 57 145 168 294 375 385 412 460 492 502 555 606 644 724 753 786 834 844 857 974 
19 17 87 121 184 206 353 367 464 488 490 501 561 578 589 613 668 707 913 925 
19 40 97 139 149 205 268 328 360 363 403 431 451 461 487 505 536 606 615 752 
18 22 67 69 136 140 166 340 367 512 634 651 672 676 715 808 902 974 980 
19 39 177 256 261 269 272 300 308 335 355 571 691 724 732 762 786 896 903 909 
18 97 100 200 230 345 458 462 499 538 672 708 734 738 740 805 884 967 990 
20 102 128 156 283 302 364 416 472 535 612 670 692 704 753 756 799 834 864 969 973 
18 26 43 49 151 178 274 276 280 395 573 607 665 673 706 756 776 953 960 
20 13 66 124 205 217 277 289 391 411 453 517 528 534 648 679 681 693 946 949 978 
20 13 19 126 143 185 260 411 445 455 539 599 600 658 675 682 688 731 842 905 931 
20 25 64 144 147 240 253 360 369 408 419 430 483 505 666 706 735 745 798 899 972 
20 27 137 287 302 309 322 400 421 469 498 580 639 673 701 734 740 780 881 890 925 
17 133 203 223 309 423 523 553 598 646 660 721 760 838 879 935 939 945 
20 7 12 66 170 204 213 223 250 315 378 406 415 441 503 543 644 655 657 898 959 
19 7 43 47 89 98 237 238 270 290 303 378 415 418 485 580 604 644 712 990 
18 83 134 150 228 320 326 396 476 488 523 590 604 706 790 861 907 908 927 
19 20 83 85 130 139 148 154 201 359 446 460 567 581 643 651 677 772 871 983 
18 12 70 71 169 186 226 235 380 500 531 674 689 707 747 749 762 767 781 
17 21 114 134 349 377 420 436 542 546 668 723 751 771 784 815 863 884 
20 100 212 246 291 302 335 342 459 470 481 482 511 581 620 725 758 772 775 897 969 
20 175 183 262 341 416 419 497 503 517 562 600 607 612 649 650 653 720 724 789 981 
19 115 123 237 400 422 432 461 466 492 509 527 563 597 604 623 905 908 935 984 
18 36 47 64 109 154 182 190 271 274 334 337 445 642 643 711 860 902 941 
18 67 197 205 221 235 253 274 687 692 693 721 726 728 751 805 896 910 981 
20 10 135 138 159 299 318 592 649 657 665 676 698 726 767 803 820 857 858 907 936 
18 35 74 127 205 300 321 382 484 575 723 811 818 873 884 951 973 983 988 
19 30 39 56 90 133 172 326 346 423 432 456 494 579 733 749 779 804 890 944 
20 25 64 88 125 150 163 192 201 210 233 241 449 504 513 567 687 727 743 745 837 
18 30 89 125 136 184 277 294 295 362 365 428 440 463 516 551 700 716 727 
20 1 50 60 87 88 105 173 215 335 343 404 437 538 608 649 726 755 884 902 967 
20 109 160 229 292 316 352 358 428 494 532 555 615 649 822 841 885 941 952 957 964 
19 125 150 172 198 286 289 314 352 489 571 574 619 783 926 937 941 951 960 967 
19 50 58 117 124 151 171 186 199 205 460 467 563 742 744 857 878 954 972 983 
20 109 122 176 182 200 225 255 258 313 373 398 441 465 467 500 502 558 587 724 739 
20 51 114 208 251 403 478 598 606 688 695 697 776 829 852 887 903 939 947 961 983 
18 70 73 92 177 300 347 381 405 422 498 506 548 603 685 770 881 983 984 
20 82 305 353 381 414 448 461 463 489 493 517 539 546 561 564 705 756 764 840 952 
20 52 69 75 105 182 227 254 257 258 314 323 371 507 634 669 744 838 844 931 983 
18 18 73 102 132 137 141 369 406 408 417 478 529 684 723 781 827 914 950 
18 39 156 233 240 249 253 322 328 329 406 415 608 631 699 774 801 870 972 
19 62 86 260 283 291 357 367 373 407 437 457 518 603 703 711 778 800 938 971 
19 8 82 113 309 466 472 489 566 614 616 730 777 780 785 792 864 894 914 955 
19 35 49 93 128 303 332 359 403 521 538 584 620 660 673 781 794 829 854 986 
18 64 69 133 147 177 233 311 324 358 394 611 688 716 780 802 803 837 924 
18 87 195 387 401 467 527 533 535 552 565 588 643 661 693 725 751 847 927 
19 66 170 210 266 295 333 361 579 655 691 738 761 793 796 800 856 864 940 989 
19 33 90 118 145 189 200 271 292 309 313 358 467 508 691 692 827 864 977 978 
19 57 72 165 272 306 396 405 429 440 566 569 628 650 688 698 730 824 897 976 
19 58 100 155 223 235 242 274 279 281 356 396 409 446 546 701 798 834 866 935 
19 2 68 73 109 217 222 279 303 365 376 472 546 565 566 594 691 729 796 948 
19 97 162 259 340 452 477 504 524 595 654 664 693 694 763 835 907 935 947 956 
20 255 299 312 320 330 402 464 480 549 596 725 731 739 754 771 807 813 816 830 940 
17 147 227 299 314 332 348 358 397 539 704 722 768 846 861 886 888 984 
19 170 191 405 439 455 483 527 541 561 582 592 688 718 788 841 873 886 920 992 
19 62 79 136 139 221 230 296 299 455 525 541 546 666 804 865 881 895 966 978 
18 119 139 174 359 379 402 452 546 575 673 710 754 801 812 824 871 887 896 
20 11 75 191 223 233 260 287 342 388 460 461 469 567 578 598 617 799 827 883 885 
17 135 167 194 271 310 351 487 496 569 574 602 803 817 876 907 914 922 
19 9 53 101 174 401 435 451 500 554 556 605 607 638 656 721 788 819 852 937 
18 1 11 113 201 222 247 281 285 292 310 399 570 684 718 887 892 898 954 
19 50 107 193 302 319 326 356 391 412 480 660 737 772 855 860 861 864 889 966 
18 24 45 89 214 284 317 373 424 433 486 511 598 648 774 845 920 932 945 
20 24 114 244 294 423 575 601 622 633 674 676 687 700 754 774 817 829 871 876 963 
20 15 21 25 52 85 183 230 284 388 408 420 427 470 534 588 618 701 862 866 893 
19 23 56 134 219 264 272 300 368 391 438 467 518 577 607 643 834 848 879 912 
18 15 19 47 82 119 207 330 340 447 512 517 525 607 787 826 915 923 928 
20 102 112 198 206 225 244 288 329 355 380 394 462 500 532 562 598 702 709 896 926 
18 8 10 86 118 197 331 432 523 546 547 572 592 723 766 839 845 950 991 
19 41 155 165 166 227 270 278 444 476 491 525 546 550 759 763 770 887 975 985 
18 50 51 109 146 294 410 461 492 520 662 701 743 764 776 802 874 901 909 
20 142 167 212 219 249 259 263 265 268 316 324 373 449 477 712 740 851 893 901 949 
18 39 86 145 160 185 266 275 377 581 620 652 675 753 847 852 939 940 961 
20 32 188 201 220 255 295 302 394 422 428 429 440 503 627 757 837 870 888 933 950 
18 22 90 95 164 199 394 404 410 446 543 597 623 764 766 783 784 984 986 
19 7 15 22 112 136 208 271 277 300 392 417 468 503 645 779 796 895 928 988 
19 25 49 153 213 265 366 369 416 599 600 640 652 698 798 801 804 826 955 958 
20 15 68 141 213 291 342 359 442 474 545 571 612 740 768 796 830 903 921 989 990 
20 2 48 61 104 136 147 257 263 277 278 318 376 378 748 758 876 892 947 952 960 
18 25 56 99 135 160 175 207 424 435 452 595 648 664 802 826 847 897 963 
20 9 46 47 75 97 109 125 186 257 301 387 410 424 575 672 748 777 858 882 934 
20 25 26 69 168 189 198 399 508 573 591 616 629 824 836 896 898 921 958 966 977 
19 146 220 287 369 455 502 569 584 600 624 672 676 682 716 843 886 895 920 964 
18 133 153 237 239 328 362 469 560 567 676 724 737 753 807 808 886 987 988 
18 208 302 315 332 339 364 456 493 504 586 594 647 779 812 829 863 868 904 
17 8 50 65 74 89 345 368 423 476 480 592 650 654 667 673 877 983 
18 8 20 204 271 293 298 314 322 348 392 413 461 499 554 789 910 962 982 
19 314 348 440 525 555 562 589 666 675 722 732 754 815 818 838 857 926 972 981 
16 71 98 129 180 238 386 405 489 525 609 610 628 715 716 842 984 
20 17 57 173 203 252 284 400 413 466 490 576 629 770 803 846 867 877 947 985 988 
19 27 68 69 182 210 227 267 298 327 377 545 575 616 737 807 860 915 934 944 
19 69 241 251 290 314 317 376 413 419 428 496 529 583 590 595 615 670 863 952 
19 70 119 134 161 201 220 226 227 238 246 252 289 292 352 378 635 734 870 988 
18 27 83 99 121 131 137 151 198 215 231 369 451 666 700 797 860 914 971 
19 1 40 213 227 244 288 313 474 491 522 602 614 659 678 795 824 887 898 989 
18 33 50 54 98 109 200 305 331 440 449 503 512 518 581 748 814 912 949 
18 4 25 29 125 264 399 413 440 516 523 529 547 588 605 718 734 745 819 
19 31 171 175 294 457 466 505 563 616 632 658 690 781 783 897 902 906 934 952 
20 117 135 154 157 159 235 266 281 316 348 351 371 512 522 582 585 705 745 786 819 
19 147 208 226 274 316 331 378 452 524 578 649 666 678 764 797 808 832 876 897 
19 33 61 96 122 165 218 253 254 293 348 357 428 591 688 808 929 954 973 977 
19 34 77 121 147 196 198 251 287 346 410 462 635 653 713 717 720 769 905 966 
19 54 75 119 166 207 243 361 372 511 524 534 560 563 602 704 734 800 862 972 
20 7 50 59 130 241 264 319 321 342 373 386 412 418 600 608 705 886 931 989 990 
19 60 77 94 96 103 131 146 176 326 344 362 463 504 524 539 601 676 835 904 
20 28 155 160 257 285 309 326 364 439 473 476 551 626 744 754 810 855 923 948 972 
20 85 134 146 223 247 272 315 450 518 528 553 633 735 738 751 863 889 904 948 973 
20 2 133 145 339 371 439 447 552 568 691 707 714 726 759 790 809 841 855 913 962 
20 35 73 75 92 190 288 405 423 460 497 516 521 523 656 711 729 838 895 976 983 
18 14 35 176 182 234 266 344 351 355 356 447 484 799 813 937 940 970 976 
19 177 303 377 388 457 464 469 488 529 532 543 629 836 860 882 944 945 953 976 
19 15 117 149 175 210 261 337 422 493 497 545 669 724 749 778 881 920 937 961 
19 23 66 92 120 332 458 485 521 532 569 725 742 770 817 839 903 904 909 979 
20 7 68 119 141 211 347 357 372 429 440 567 644 736 755 796 875 900 903 943 973 
19 100 163 200 220 287 299 325 438 442 444 523 531 646 772 816 829 837 943 960 
18 26 113 232 254 311 316 318 345 575 578 655 716 720 759 831 875 933 942 
19 184 245 318 384 391 436 456 499 608 630 635 647 706 729 734 754 784 896 971 
20 118 124 152 173 187 188 232 255 377 433 458 475 501 543 649 822 856 862 915 946 
20 147 346 416 430 454 460 515 587 617 670 738 745 748 751 786 800 889 904 914 954 
18 29 35 104 106 149 229 325 385 475 558 631 651 687 787 811 821 966 970 
19 14 78 93 102 135 176 178 231 343 371 398 574 664 705 769 796 837 903 955 
19 80 86 101 186 188 282 304 469 515 590 592 631 645 653 729 848 943 967 968 
20 63 203 262 387 401 422 467 530 583 611 639 666 680 737 739 752 818 835 874 887 
18 5 51 79 89 166 184 213 378 427 452 496 510 611 709 779 875 908 917 
18 46 86 126 137 224 236 285 297 359 531 555 627 684 805 820 885 910 961 
20 121 331 363 387 405 436 490 565 624 659 742 752 817 829 875 879 921 940 950 971 
18 53 199 235 257 292 428 445 450 451 490 510 512 551 570 674 808 922 936 
19 37 220 229 265 366 380 444 550 572 596 622 721 728 748 887 896 940 963 970 
20 29 33 87 97 171 225 231 243 247 263 269 329 555 750 763 791 879 914 925 942 
19 69 129 164 184 218 350 370 377 403 466 469 512 534 570 666 772 858 941 972 
18 13 17 136 162 225 337 341 358 359 435 498 615 781 812 878 920 927 974 
19 57 83 95 137 282 283 330 369 444 531 614 623 649 723 728 782 787 927 984 
20 30 52 170 190 332 439 441 453 523 535 684 723 755 824 825 851 891 928 974 980 
20 1 6 65 115 152 211 221 253 255 296 376 516 533 584 679 749 777 821 830 930 
19 18 131 185 284 309 372 476 502 527 559 625 682 686 687 735 764 880 917 920 
18 13 26 105 210 217 369 380 402 447 498 549 557 568 674 765 804 894 912 
19 129 192 213 336 347 380 423 547 588 594 665 686 748 766 817 860 904 915 991 
17 28 149 156 248 297 350 372 418 434 584 644 689 754 762 948 973 980 
19 146 159 163 190 215 241 275 354 389 409 533 557 577 578 604 686 691 701 772 
20 26 42 45 171 192 257 289 291 368 404 436 438 492 501 516 611 626 629 735 954 
18 31 65 126 321 344 367 372 405 423 493 530 582 592 685 691 704 710 833 
19 20 71 94 115 137 155 207 217 307 345 385 547 600 609 860 902 911 934 991 
19 68 93 102 285 323 366 376 378 415 446 520 588 652 716 771 839 850 959 971 
17 47 96 117 123 264 314 474 546 593 633 717 727 819 829 834 899 983 
20 3 50 59 283 366 383 422 431 545 565 572 585 635 643 702 749 852 892 895 913 
18 53 74 80 129 144 146 182 193 329 572 780 787 801 876 884 903 922 973 
18 71 81 89 149 155 199 255 261 279 299 385 407 536 614 739 763 838 866 
18 3 7 41 114 134 255 261 278 353 375 445 659 718 753 832 851 887 889 
20 61 106 142 143 149 194 225 322 397 527 577 616 625 666 760 789 814 847 885 990 
19 28 113 116 136 209 229 299 354 369 383 431 635 639 680 722 932 951 953 954 
17 29 188 191 257 262 285 293 402 404 438 529 645 752 765 781 813 947 
18 78 79 306 327 397 421 435 485 535 685 751 810 850 870 880 913 949 952 
19 57 72 73 140 342 454 518 536 612 626 642 664 666 689 694 769 871 884 940 
19 166 169 176 192 201 218 219 274 327 415 531 537 587 600 657 764 813 821 948 
20 48 54 76 130 152 153 161 232 332 389 450 461 574 596 632 812 862 934 958 973 
18 3 88 135 177 242 254 263 269 284 295 358 365 594 625 660 756 764 892 
18 69 111 127 129 234 237 250 399 418 437 499 509 538 563 664 669 774 982 
18 81 130 172 183 255 350 428 430 550 575 586 624 678 791 885 906 936 940 
19 46 51 77 191 204 261 509 582 646 746 808 840 858 912 935 936 966 975 984 
18 33 197 252 254 283 407 446 484 501 531 535 631 656 665 767 855 868 904 
18 40 116 172 210 211 308 443 555 557 579 701 732 761 798 902 933 937 958 
18 93 122 174 185 189 233 236 292 430 431 443 522 702 733 756 874 882 979 
19 2 15 75 135 158 189 192 276 364 414 596 656 660 668 783 791 830 955 966 
19 83 208 235 282 302 409 519 537 556 605 656 664 764 803 810 844 871 875 966 
20 52 160 183 243 309 331 359 363 374 394 401 452 528 637 653 697 878 897 949 989 
19 11 54 125 137 206 253 315 357 446 514 597 638 668 714 800 802 815 835 966 
19 19 62 77 333 420 500 516 611 616 624 688 715 768 781 804 823 860 880 935 
18 38 45 54 140 156 157 166 216 227 246 279 385 445 697 735 781 788 864 
19 49 57 118 340 387 401 550 559 564 610 650 821 827 850 873 877 943 978 980 
20 17 33 120 143 192 234 353 428 455 545 693 712 727 810 840 870 904 922 925 954 
20 22 61 109 185 189 194 217 303 338 343 503 521 576 589 885 923 924 930 933 949 
19 103 162 225 227 380 383 390 404 461 491 585 605 608 857 896 898 903 939 971 
18 71 127 156 243 275 388 470 508 519 565 566 586 639 692 870 922 939 969 
19 122 124 137 191 217 243 292 324 335 422 447 516 592 614 633 721 728 748 982 
20 45 174 254 367 374 445 470 479 503 504 517 571 606 766 788 835 926 963 981 988 
18 64 72 128 183 235 373 438 515 537 588 616 635 795 812 861 884 922 977 
18 6 272 273 356 366 398 443 448 463 495 519 538 563 585 597 651 709 947 
19 47 75 163 192 317 334 357 416 456 468 471 578 637 641 659 796 819 960 988 
20 50 51 68 141 153 290 305 418 504 519 564 624 652 666 730 732 769 823 866 925 
17 24 168 199 249 283 448 524 555 631 673 679 700 717 777 932 947 960 
20 6 75 114 131 240 258 269 336 403 539 562 603 615 668 683 727 763 821 848 878 
20 80 111 142 173 179 182 209 437 578 682 690 710 712 750 752 814 816 832 875 908 
18 9 134 283 346 393 436 449 483 543 672 733 792 795 816 823 849 870 981 
15 82 102 107 348 365 374 407 427 460 478 533 606 612 898 943 
19 35 86 180 303 319 429 582 600 649 669 785 798 859 888 910 924 947 976 991 
20 41 102 109 213 216 287 318 403 423 466 514 527 561 652 739 870 918 958 964 978 
18 134 282 312 378 391 434 441 466 580 605 613 631 632 684 701 715 718 967 
18 34 110 222 238 319 339 465 579 626 686 714 745 816 823 879 917 954 974 
20 25 56 90 124 141 149 164 197 358 470 621 637 661 704 734 772 781 900 962 976 
20 6 27 42 68 99 194 207 216 290 327 330 438 737 773 787 813 829 881 912 931 
18 106 138 202 230 240 381 390 413 447 457 509 522 695 715 735 812 826 895 
19 11 55 123 238 265 299 302 308 332 403 421 463 506 595 626 639 790 821 895 
18 30 112 128 198 420 496 560 637 656 686 688 741 775 806 860 865 901 977 
19 20 49 104 174 206 249 258 343 422 558 606 621 657 691 697 785 861 881 979 
20 76 193 209 261 301 404 419 424 426 436 469 499 540 570 615 631 734 840 902 957 
19 13 47 53 63 71 138 209 290 291 355 510 534 646 756 788 828 842 864 927 
18 97 189 198 324 341 360 443 489 507 586 613 629 701 729 801 818 859 937 
19 28 63 100 116 129 254 274 318 453 459 504 531 534 553 695 725 794 952 969 
18 49 112 145 250 263 282 298 312 380 396 504 655 714 725 789 852 862 951 
20 70 127 132 143 145 190 239 363 380 438 536 583 607 634 635 798 813 846 878 967 
19 21 43 77 78 111 114 115 248 317 351 401 461 477 702 803 840 858 918 943 
19 53 189 198 283 287 452 467 474 475 493 522 532 558 588 591 616 929 949 973 
19 18 43 52 99 135 248 316 383 459 514 601 645 762 784 787 836 843 859 867 
20 7 91 194 381 414 529 601 626 662 693 694 719 747 759 814 875 883 924 951 958 
20 6 127 257 302 447 453 529 543 639 652 661 668 779 842 859 861 879 883 908 955 
19 23 80 183 274 287 394 450 492 608 615 681 711 728 794 813 866 887 931 934 
18 72 104 177 217 319 439 566 588 643 680 683 709 763 847 867 912 920 982 
19 5 9 34 63 163 348 429 441 459 525 601 641 681 686 695 758 901 932 954 
20 3 48 85 159 214 255 273 277 500 616 638 682 683 698 761 782 805 809 947 978 
20 15 23 135 238 302 344 363 508 515 523 547 641 687 689 748 779 796 815 873 946 
18 10 76 90 101 124 149 169 182 368 415 436 536 542 761 788 807 813 928 
19 31 54 83 100 129 187 345 375 437 454 492 495 512 629 694 754 849 945 955 
18 7 85 105 117 211 303 305 384 432 471 478 616 667 669 810 817 852 894 
19 113 308 312 343 419 455 463 506 509 619 654 671 678 731 785 824 840 901 945 
20 126 156 228 284 353 385 460 464 473 532 593 615 671 727 748 904 924 937 948 969 
17 20 75 215 233 245 413 467 612 623 638 650 669 696 811 849 904 981 
20 42 111 131 189 451 475 535 599 619 682 694 717 767 769 872 927 940 947 964 990 
19 9 48 172 199 201 229 246 247 289 335 452 550 600 624 644 653 671 781 980 
18 65 73 89 172 218 262 281 503 597 601 645 690 717 731 783 882 901 979 
19 26 105 198 204 272 289 313 470 662 682 698 767 803 821 858 861 865 869 932 
18 42 46 65 66 147 181 201 204 219 380 414 514 669 685 692 822 911 968 
19 20 220 294 321 425 439 451 470 510 585 648 694 706 730 817 825 866 931 988 
18 4 5 63 72 135 265 289 380 389 431 543 564 566 580 593 692 776 836 
18 72 92 104 120 231 269 324 332 359 381 423 465 481 656 810 884 908 987 
19 23 24 272 365 444 487 622 725 742 796 817 832 845 853 877 879 925 951 976 
19 8 18 69 114 243 255 261 300 333 459 510 745 755 777 843 884 955 978 991 
18 53 106 218 259 270 278 320 358 377 420 457 527 570 596 658 713 747 915 
20 53 64 115 144 199 252 273 303 313 400 480 539 691 718 731 831 889 941 947 962 
20 52 87 126 131 153 260 262 269 346 395 398 437 466 615 648 799 817 855 858 898 
18 7 59 156 199 231 304 318 325 343 450 458 555 629 685 766 773 912 965 
17 74 112 210 263 367 424 528 658 680 694 755 759 764 823 845 857 941 
20 19 27 62 96 98 123 161 174 235 321 386 388 401 407 410 606 667 757 886 907 
18 19 86 252 303 411 414 467 507 569 606 613 637 638 753 771 924 982 983 
18 35 117 167 273 282 303 318 348 353 516 570 615 652 686 738 836 917 970 
18 133 153 162 235 359 384 385 395 421 431 441 446 517 602 650 671 870 949 
19 18 59 183 191 219 358 403 506 538 635 672 687 737 751 788 818 918 928 978 
19 181 306 329 425 545 619 620 644 670 693 729 780 827 844 849 852 860 960 972 
18 40 61 118 139 148 201 227 291 315 331 494 583 633 674 724 728 854 895 
20 20 63 142 143 207 229 244 296 433 466 471 489 552 708 746 765 814 823 840 947 
18 111 200 222 237 291 310 373 427 448 527 583 586 604 613 626 738 820 988 
19 43 46 57 61 90 173 212 307 493 494 531 539 599 627 825 872 926 968 970 
19 130 164 441 479 520 589 599 609 627 685 686 720 752 818 828 860 892 895 957 
19 10 46 65 69 159 176 276 390 450 552 556 598 736 809 815 880 905 968 979 
20 47 93 155 348 404 447 448 452 483 510 523 531 592 663 679 758 768 830 890 983 
19 4 28 55 170 266 327 331 397 399 416 473 489 534 610 642 718 792 801 893 
18 2 29 189 294 336 387 427 470 526 550 556 560 594 645 712 736 919 941 
18 6 24 99 124 188 220 315 430 489 563 566 580 839 843 859 885 899 928 
18 40 101 133 164 220 287 297 411 416 417 519 553 606 660 716 875 876 910 
19 53 88 131 224 227 246 364 381 401 470 624 653 739 762 843 868 882 884 906 
19 45 65 83 300 304 332 374 428 453 509 514 656 729 772 812 824 955 958 963 
18 100 108 200 281 308 344 431 491 512 562 586 620 672 805 839 912 930 967 
17 4 84 181 191 251 321 349 392 446 505 517 533 554 632 672 765 941 
20 30 63 72 87 106 108 110 202 370 372 378 446 473 505 509 630 807 864 916 970 
19 33 47 81 94 107 139 172 195 218 220 239 319 442 475 680 767 814 972 988 
20 3 75 110 159 349 421 425 454 500 520 560 648 741 787 819 844 916 923 949 966 
17 100 130 164 253 257 315 317 364 382 455 491 506 515 736 754 789 820 
19 8 17 116 125 139 234 287 381 437 445 491 496 523 528 543 807 933 944 947 
20 9 37 125 135 170 247 329 338 401 499 500 558 559 653 675 678 685 793 800 868 
19 2 44 48 68 198 257 285 298 386 398 436 446 496 532 717 720 721 779 869 
20 9 75 115 174 182 187 281 366 368 395 441 548 558 713 753 757 823 909 934 979 
20 24 81 89 110 260 270 279 309 373 377 378 391 510 658 660 733 795 804 909 924 
18 75 129 156 168 176 194 209 210 270 349 356 362 760 848 850 960 977 992 
19 23 166 175 273 293 297 313 316 327 511 555 660 677 692 717 750 795 810 931 
20 8 26 69 146 172 232 266 310 369 417 446 497 503 553 556 635 741 763 867 930 
18 148 151 157 188 339 368 380 434 436 484 659 730 771 804 831 903 928 947 
19 41 68 84 241 386 463 509 536 562 570 593 609 670 701 784 811 818 858 948 
20 73 130 173 191 406 414 434 492 510 511 527 575 613 657 796 815 849 852 927 959 
20 40 190 269 274 315 353 363 418 425 472 475 487 508 594 615 739 766 846 884 955 
20 35 109 113 169 218 353 391 407 429 463 466 500 582 679 742 747 759 789 930 947 
18 27 55 113 220 360 395 546 557 609 660 710 760 762 794 858 863 940 982 
18 31 80 112 165 176 183 198 243 244 423 680 704 717 743 747 822 855 963 
18 21 107 112 136 158 293 295 328 437 530 572 576 587 599 895 904 925 952 
19 71 110 137 156 169 307 378 417 483 555 710 751 757 772 791 798 902 954 981 
18 70 96 129 132 249 322 409 417 451 472 532 694 699 722 834 882 906 925 
18 138 149 200 236 332 346 358 415 454 609 738 765 792 823 829 871 966 984 
19 13 125 155 198 216 243 361 380 386 476 559 566 581 644 699 738 757 972 991 
20 22 44 108 119 130 152 180 192 226 229 287 288 405 485 505 618 750 756 859 939 
19 31 51 232 243 279 322 343 437 494 548 624 703 725 776 797 847 868 924 977 
18 78 99 137 168 251 257 262 304 401 499 592 617 630 777 843 857 915 924 
18 11 26 100 161 187 330 399 403 475 490 539 590 603 658 663 674 675 878 
19 48 57 107 124 152 204 330 346 413 421 435 454 538 634 663 693 754 800 952 
20 10 12 13 42 43 73 140 289 318 335 399 523 571 605 634 667 709 719 869 895 
20 13 51 74 82 92 114 176 217 236 357 400 482 523 531 574 663 845 891 948 967 
20 39 42 118 164 167 180 189 191 225 237 298 497 510 547 617 775 817 831 932 959 
17 1 31 119 125 165 186 283 292 313 354 404 498 570 665 671 746 960 
18 127 144 174 184 192 243 248 280 320 425 539 549 590 636 656 757 867 955 
19 1 124 172 198 215 294 384 435 477 489 526 585 661 752 756 779 883 899 941 
20 4 11 47 78 87 152 182 187 331 427 514 576 581 582 615 702 724 868 942 986 
20 12 130 135 147 162 232 233 411 428 446 485 529 554 723 810 822 844 877 927 934 
19 35 119 132 134 292 306 332 418 425 440 506 509 542 604 752 823 950 981 984 
18 19 76 96 255 264 280 298 490 531 556 610 631 675 735 784 796 938 958 
17 48 82 92 130 170 334 358 371 389 468 519 610 665 756 798 847 879 
18 37 65 108 130 232 234 239 286 293 365 500 525 569 697 719 739 910 938 
20 35 63 204 378 403 503 581 629 704 710 717 778 781 792 825 836 902 968 986 989 
17 43 171 240 290 376 388 459 572 584 619 645 681 768 837 869 877 959 
19 220 295 308 324 354 401 436 442 456 461 495 523 537 576 587 871 912 951 965 
18 2 147 208 299 342 436 465 562 636 655 684 686 723 773 817 836 847 887 
19 64 140 192 239 279 401 416 434 446 469 555 601 675 773 807 865 932 947 983 
18 40 181 226 466 516 536 544 545 550 621 623 687 842 868 870 888 960 984 
20 58 199 259 263 325 400 595 669 677 680 706 723 777 835 853 882 884 930 963 971 
19 7 64 76 136 220 227 250 343 348 356 428 468 519 567 639 643 721 883 945 
19 1 68 223 227 330 348 360 400 465 469 476 502 537 578 607 750 876 906 920 
19 114 139 340 348 352 397 413 437 507 572 719 720 754 767 803 843 854 931 938 
19 1 48 276 383 481 510 563 637 687 698 702 724 745 761 766 783 795 906 963 
20 5 11 40 88 90 203 233 255 336 337 565 568 680 684 743 755 798 856 902 940 
19 27 92 124 191 192 208 218 284 291 299 381 577 619 726 752 753 776 835 962 
20 119 176 207 210 239 257 304 363 411 437 510 556 581 620 763 778 843 871 884 967 
18 46 123 135 171 221 247 257 422 444 475 585 716 786 844 883 934 959 971 
19 64 110 127 139 155 217 232 267 405 437 443 469 472 493 668 672 730 899 909 
19 25 36 144 178 213 229 270 320 498 561 585 633 661 732 779 839 938 972 985 
19 86 202 218 284 316 332 420 439 465 501 525 649 655 696 718 775 828 861 977 
18 21 147 150 185 222 242 351 365 405 411 506 508 517 683 693 718 770 939 
20 7 49 117 124 250 302 320 429 458 507 608 659 689 746 795 868 902 918 928 933 
17 17 127 141 172 176 202 209 325 339 383 450 484 572 623 886 899 964 
19 24 190 214 243 258 402 413 444 518 570 651 659 664 678 691 843 865 917 989 
17 16 31 110 226 279 323 401 492 558 664 665 678 802 880 945 954 992 
19 12 14 46 47 61 75 102 126 161 188 227 452 488 538 609 627 653 942 950 
19 88 116 142 238 276 288 452 456 497 585 740 761 767 780 807 887 901 913 962 
18 9 21 27 54 56 120 133 247 342 408 411 461 542 633 792 808 874 975 
20 84 128 191 225 256 294 297 340 351 396 399 404 474 509 667 744 891 911 949 974 
19 10 40 59 286 294 331 337 391 421 483 490 566 714 853 856 873 882 919 920 
18 30 41 109 262 269 313 517 580 592 600 648 704 707 862 885 922 947 958 
19 73 108 128 180 229 333 405 418 614 653 660 661 681 721 745 824 893 913 919 
19 69 88 124 194 201 305 361 402 417 445 457 480 516 520 581 624 685 879 893 
18 34 46 133 239 295 437 451 484 533 564 722 755 759 771 792 859 907 925 
18 13 80 114 127 192 240 323 366 423 460 562 588 675 677 725 757 837 967 
19 8 38 59 78 145 174 199 217 243 262 302 323 430 443 453 647 756 880 977 
20 17 60 77 106 121 164 170 240 316 348 402 452 463 469 606 635 670 732 832 960 
19 32 68 108 132 197 246 250 310 355 490 528 561 565 677 707 750 772 799 975 
19 36 39 113 166 215 240 251 324 328 350 375 383 506 578 602 682 694 787 951 
18 67 243 291 320 348 379 385 394 485 533 549 573 589 739 741 840 846 862 
20 77 81 197 200 214 220 225 301 373 384 394 491 546 598 683 820 838 881 931 988 
20 40 161 257 268 297 313 357 391 412 435 567 575 782 827 828 843 858 878 940 988 
19 9 59 130 235 236 255 278 290 383 390 407 431 437 444 565 650 714 767 983 
19 14 31 56 178 214 231 239 260 468 561 563 570 589 652 657 700 762 923 952 
19 99 166 202 242 383 420 527 545 585 605 650 665 784 798 810 841 885 892 941 
20 14 35 186 209 338 355 361 376 411 545 574 618 634 700 722 739 782 803 835 940 
20 28 102 110 200 224 300 342 350 441 445 471 509 654 769 821 927 929 945 972 986 
17 24 46 92 120 154 180 278 318 345 412 507 549 684 748 894 981 991 
19 52 90 230 242 283 298 335 342 604 608 717 722 727 900 923 939 960 964 976 
18 150 151 188 190 199 278 300 348 349 368 582 602 723 793 831 848 884 929 
19 4 19 150 225 280 294 318 342 356 426 460 621 670 696 712 732 804 851 924 
20 98 144 171 230 259 264 291 324 330 443 561 599 646 737 772 797 860 938 951 958 
18 29 308 320 374 375 400 448 457 468 544 545 569 588 602 610 777 788 792 
18 120 158 181 220 294 388 439 471 482 542 711 723 751 795 881 883 896 950 
18 48 80 106 130 131 171 231 498 502 511 513 578 612 814 863 868 926 966 
20 15 84 118 135 301 380 391 399 410 416 419 437 445 547 554 651 652 795 943 970 
19 1 58 70 157 174 182 211 263 278 395 547 683 703 722 758 806 816 882 969 
18 9 45 60 149 150 160 165 180 274 285 426 630 655 674 753 894 951 985 
19 58 95 158 265 339 529 561 573 585 609 611 628 700 704 755 796 816 940 984 
18 62 98 230 340 376 453 459 511 567 655 680 773 789 856 931 968 974 981 
19 65 71 203 230 323 324 374 398 419 421 511 525 549 579 688 697 813 904 986 
18 16 59 65 66 71 79 141 218 335 435 636 653 692 868 909 913 921 981 
18 3 36 62 121 167 261 484 543 590 635 649 684 758 766 836 859 910 992 
18 25 45 56 101 156 192 219 372 394 436 487 592 622 736 762 788 790 874 
17 124 201 246 359 380 464 496 554 632 661 710 743 758 795 827 848 990 
18 43 86 88 419 453 506 540 612 661 683 685 712 794 843 851 878 912 948 
19 94 115 219 255 296 299 308 397 429 496 522 539 576 808 875 899 924 967 979 
18 38 142 205 208 225 233 334 394 407 414 429 526 635 670 747 775 984 992 
20 26 137 217 257 325 436 448 459 491 502 570 599 619 660 806 883 896 909 976 989 
18 16 64 108 125 137 146 265 455 531 551 582 656 706 708 721 781 782 923 
20 127 180 212 325 337 435 513 554 557 589 619 652 681 735 869 882 916 957 963 990 
18 13 111 187 209 216 219 265 284 338 453 491 542 653 669 688 780 781 798 
19 19 215 224 291 447 453 468 533 557 558 681 795 825 831 846 850 919 947 966 
18 16 132 165 263 264 333 359 381 399 413 524 564 727 741 769 836 922 979 
20 113 198 248 263 324 346 512 531 540 547 630 645 687 703 713 718 805 894 903 984 
19 46 47 48 86 132 231 258 433 446 471 499 672 681 768 826 903 907 932 969 
20 1 106 164 257 260 275 336 361 388 395 485 543 550 571 625 650 745 791 837 934 
18 34 36 60 143 215 285 302 342 480 697 723 780 839 855 859 861 891 963 
20 26 91 176 217 239 246 373 389 399 408 456 468 479 491 693 708 713 736 875 911 
20 79 83 102 153 189 199 228 295 315 364 385 490 495 522 567 590 719 774 941 990 
18 139 199 206 279 349 366 385 447 495 521 598 644 766 805 815 820 908 981 
18 29 56 83 139 213 243 270 295 299 379 418 515 701 709 768 794 812 884 
18 46 139 252 319 416 424 444 517 582 655 671 752 761 766 833 927 929 943 
18 10 15 29 79 103 246 279 418 473 508 520 562 669 724 845 853 902 949 
20 69 107 143 188 225 229 429 483 516 548 629 691 699 812 826 845 939 941 961 974 
20 15 25 61 222 262 448 458 529 551 605 613 630 649 706 729 781 783 864 946 980 
18 24 62 111 148 180 188 189 193 210 288 293 331 664 673 792 825 835 942 
19 56 57 71 120 186 192 277 442 510 525 559 578 611 749 771 811 893 896 992 
20 31 94 255 267 283 298 338 388 392 400 448 527 618 781 788 791 814 874 959 978 
20 79 157 205 239 282 295 317 318 402 412 473 569 583 609 685 780 850 864 873 991 
19 74 102 216 299 457 461 487 510 568 675 716 731 773 798 822 828 904 923 985 
19 61 131 183 261 277 475 481 550 576 679 767 855 889 894 909 925 938 944 973 
20 90 134 166 180 207 388 422 440 451 567 597 627 648 777 845 852 872 923 975 980 
18 8 42 49 56 246 252 261 413 441 455 461 499 510 523 684 689 701 913 
18 70 134 169 192 206 212 267 350 451 466 531 542 618 635 692 699 761 944 
17 89 174 209 242 339 414 430 547 614 648 659 686 728 732 757 769 924 
20 39 84 182 359 407 433 518 532 564 599 652 698 750 751 752 867 879 895 900 950 
19 19 210 221 261 263 295 331 358 396 524 541 547 685 702 819 836 845 899 955 
20 11 55 265 356 394 477 510 512 515 564 616 685 739 757 774 788 795 845 884 973 
19 33 120 158 223 271 291 346 430 443 635 645 648 725 746 778 814 816 825 975 
19 218 239 251 398 418 503 565 759 818 843 849 874 883 901 928 933 934 941 969 
17 7 80 165 170 171 241 255 350 386 633 675 837 853 895 963 970 984 
19 86 129 258 260 365 383 406 409 418 534 562 666 674 856 899 905 918 929 991 
19 53 118 123 158 257 312 341 374 438 443 527 635 662 708 736 883 915 965 991 
18 12 52 75 159 197 299 323 334 460 463 485 534 561 585 652 752 892 943 
20 28 45 49 61 109 155 156 293 394 400 477 523 633 679 710 813 826 876 883 949 
19 53 99 100 139 182 203 292 382 440 490 556 684 714 761 782 868 945 972 990 
18 9 38 52 152 222 373 391 478 528 551 621 817 826 890 906 909 925 927 
18 17 37 39 80 116 215 261 335 451 462 495 529 565 619 723 731 778 856 
20 12 37 97 102 178 207 244 308 322 456 460 477 548 571 700 819 820 857 884 918 
20 88 100 154 205 264 266 314 326 428 486 592 633 658 665 730 798 806 833 910 975 
19 11 12 22 96 161 196 208 266 300 329 410 564 600 606 608 689 732 750 810 
19 7 17 117 212 303 341 346 382 394 397 405 407 445 456 721 793 843 931 979 
18 4 121 139 173 276 280 311 360 483 493 514 558 767 824 866 922 963 974 
18 61 79 89 177 186 286 294 302 306 312 333 359 479 513 517 644 721 845 
20 8 25 157 202 283 410 415 429 465 474 499 528 557 573 582 643 719 841 854 969 
19 5 99 132 242 294 392 500 510 576 630 658 732 750 765 782 843 850 895 955 
19 36 46 207 213 245 261 401 407 434 529 652 662 695 865 876 912 916 919 946 
18 5 51 55 59 76 105 128 215 220 265 421 423 443 468 472 534 612 847 
19 9 102 218 225 259 285 455 470 478 559 568 610 630 648 743 800 815 842 984 
18 9 27 39 114 123 265 272 279 295 310 333 395 521 625 667 846 944 959 
18 116 207 304 322 351 374 401 447 449 451 504 542 781 836 869 906 969 973 
18 58 115 218 226 262 273 303 459 491 567 573 609 624 625 638 643 679 852 
20 53 85 128 193 204 363 374 408 434 444 534 568 717 723 724 804 820 838 894 916 
18 32 150 205 344 596 621 730 786 787 805 815 821 873 885 898 901 932 985 
17 132 306 309 375 430 443 445 564 584 597 627 655 729 895 905 913 943 
19 23 76 168 196 319 350 373 418 445 454 579 607 658 660 751 819 944 959 985 
18 35 193 239 401 423 424 448 450 457 466 473 498 529 682 730 756 926 941 
18 30 85 194 201 205 245 323 419 444 449 517 533 625 668 823 839 958 976 
19 60 71 122 195 263 352 574 589 636 637 689 747 781 803 810 812 842 894 972 
18 31 34 94 199 203 229 298 314 343 478 480 497 509 664 665 833 840 865 
19 32 47 121 182 233 289 355 366 418 529 549 571 775 777 784 785 842 929 966 
20 4 121 249 298 319 326 408 505 519 570 574 607 649 661 673 681 721 823 865 945 
19 95 112 152 156 188 293 367 405 620 641 643 662 682 723 794 810 826 888 979 
18 204 237 264 344 406 449 495 528 587 628 638 683 691 849 855 880 903 934 
20 36 118 129 256 328 337 353 401 454 566 652 717 746 776 810 839 843 859 945 957 
19 17 38 52 54 59 198 252 314 402 523 607 641 649 666 674 693 705 827 920 
20 49 50 53 251 299 307 333 362 365 411 465 469 493 532 549 651 668 688 789 945 
18 28 246 266 398 434 475 526 561 579 608 706 713 726 777 833 941 946 970 
19 11 50 119 170 225 299 359 420 484 542 677 760 772 813 833 908 945 957 965 
19 86 295 385 413 434 530 574 579 619 640 685 731 734 774 804 807 895 898 927 
20 66 70 86 106 135 139 216 237 257 451 467 550 566 631 813 876 880 902 958 972 
20 93 132 150 260 265 271 277 371 506 558 591 595 671 761 768 825 838 851 858 881 
19 10 13 36 142 189 239 436 438 561 602 614 650 664 798 842 862 899 916 957 
18 16 17 156 173 231 261 271 372 419 491 547 665 679 680 777 797 925 931 
18 113 270 278 293 295 365 438 507 560 708 756 761 794 810 822 825 843 951 
19 37 47 134 166 182 196 326 350 428 446 449 589 683 688 759 781 841 899 931 
18 53 96 100 155 189 276 280 330 362 393 399 567 758 847 850 863 922 931 
19 51 140 154 249 302 303 304 306 317 429 689 706 707 729 740 805 846 862 944 
18 8 17 29 56 100 134 249 375 382 470 685 692 702 703 890 894 947 981 
19 20 84 162 203 260 273 281 335 357 390 511 573 584 667 748 758 793 905 922 
18 26 36 48 153 167 274 327 420 445 456 575 590 650 740 743 886 938 957 
19 7 52 57 102 111 117 263 283 287 447 491 578 579 602 727 849 872 896 970 
20 7 33 42 107 117 131 144 149 171 235 251 301 305 326 433 492 588 875 934 958 
19 38 90 156 189 455 522 583 693 697 801 816 824 879 881 897 900 926 957 984 
20 35 83 158 289 353 355 357 403 493 495 641 642 662 714 784 801 927 929 958 972 
18 62 92 99 108 320 348 373 389 403 418 471 577 628 669 782 825 828 961 
17 30 243 404 444 447 451 513 540 568 579 606 641 642 725 758 788 906 
19 44 72 117 193 205 345 367 414 481 491 510 586 595 605 758 766 812 864 869 
19 226 235 276 306 331 350 367 430 486 532 569 623 626 767 787 826 857 936 989 
20 130 190 192 219 241 267 283 313 339 601 616 636 663 723 779 788 790 809 900 906 
20 30 184 294 448 494 502 517 530 582 636 666 668 742 805 821 907 951 957 960 976 
18 43 193 219 265 314 366 445 458 503 524 553 585 675 879 905 909 964 988 
20 142 150 157 264 401 412 424 464 471 486 495 548 567 580 658 692 754 885 941 979 
20 13 15 25 34 38 51 75 209 316 376 389 393 515 519 577 621 624 768 776 878 
18 57 63 263 270 277 352 434 468 549 550 552 553 608 622 638 677 845 872 
18 8 25 55 69 133 152 267 309 430 431 501 767 770 779 862 924 929 989 
19 61 95 134 182 408 411 458 517 521 610 640 674 788 825 865 878 912 936 960 
20 202 221 247 329 331 358 449 477 620 654 664 704 723 742 758 780 825 880 916 961 
19 28 276 308 325 343 347 408 458 483 508 562 698 777 816 818 819 820 869 984 
18 37 150 205 257 320 329 331 345 445 461 542 574 842 846 860 970 977 979 
19 42 62 80 130 132 265 303 516 572 639 706 717 731 743 767 786 788 831 991 
18 9 49 105 125 230 235 246 251 446 451 659 724 744 745 802 815 906 973 
20 44 55 101 227 256 292 328 372 413 418 507 519 555 609 653 720 807 808 864 939 
20 9 50 83 180 196 216 252 255 319 367 552 559 599 645 682 720 746 756 831 863 
20 26 28 50 80 107 145 182 183 226 321 324 332 388 715 727 791 797 910 911 935 
19 2 28 169 212 237 238 247 403 426 442 450 553 602 652 771 813 824 902 923 
20 83 92 126 241 392 416 446 452 486 551 558 571 583 621 757 782 796 810 921 967 
20 63 69 123 143 223 252 312 414 419 433 538 585 644 704 710 763 797 800 876 975 
18 173 287 304 379 386 430 465 489 529 535 543 590 612 617 624 664 840 904 
20 53 60 63 74 156 163 218 236 269 398 399 406 479 495 545 609 678 739 855 921 
17 40 47 202 222 267 297 381 509 528 538 584 656 757 792 795 814 924 
18 6 110 224 279 308 357 386 471 497 542 561 584 625 656 666 852 910 934 
18 9 10 38 46 58 69 140 247 254 306 398 525 567 569 580 701 862 982 
19 50 198 216 217 219 233 264 440 454 471 511 524 740 741 821 835 866 875 955 
20 69 138 143 160 253 419 436 450 500 565 583 636 652 673 719 720 736 753 823 860 
18 24 102 103 149 182 184 262 363 382 432 487 569 574 628 744 857 887 924 
19 5 144 214 335 412 498 505 508 523 528 570 580 644 673 674 774 776 835 849 
19 3 55 192 196 266 301 318 390 414 470 537 587 677 680 695 757 801 804 926 
20 79 120 192 219 250 314 352 355 389 397 441 622 666 701 739 814 832 846 925 938 
19 95 131 142 155 167 202 328 376 426 446 484 497 561 571 573 599 691 700 907 
19 30 32 82 113 267 297 389 436 510 571 613 653 663 718 724 788 872 890 966 
18 8 18 239 268 352 353 354 406 419 446 575 681 728 731 762 770 859 909 
19 42 47 124 136 173 189 204 206 309 375 438 564 592 696 722 735 837 915 975 
19 6 102 120 134 146 240 248 300 321 382 482 639 658 720 729 804 907 941 951 
20 93 174 255 399 437 502 518 522 538 649 662 740 790 823 837 880 913 925 940 981 
19 37 90 98 183 209 235 493 498 505 520 537 549 643 651 673 725 785 948 989 
20 46 50 83 84 152 325 332 415 557 630 643 652 720 796 797 819 830 833 910 965 
18 69 133 136 201 227 229 248 272 284 354 454 609 667 731 860 945 953 974 
19 39 84 275 301 304 363 368 394 436 536 539 589 590 686 737 776 843 845 906 
18 224 265 301 341 368 448 477 489 544 582 615 672 676 711 784 835 931 934 
17 1 55 65 154 167 171 240 271 287 295 318 384 389 490 643 645 691 
20 103 127 246 283 290 355 541 564 611 648 670 692 707 714 732 833 917 954 971 992 
18 52 77 120 141 158 264 266 331 338 418 481 544 575 588 793 816 818 888 
20 23 107 168 299 325 334 395 508 543 589 668 692 769 814 820 834 885 912 923 976 
18 3 83 112 119 125 134 241 257 289 514 561 644 731 753 770 775 802 874 
18 124 189 220 281 292 387 388 416 472 616 636 657 702 736 769 850 903 906 
18 68 79 84 115 159 167 224 286 428 489 529 616 657 661 683 720 805 962 
18 58 64 92 124 476 503 531 588 635 637 669 708 814 819 847 887 894 919 
20 89 90 135 149 169 254 324 358 482 492 540 561 624 733 735 806 810 946 959 991 
19 149 197 202 288 303 315 352 380 421 423 496 516 573 599 622 675 730 805 861 
18 22 53 170 191 210 245 270 314 351 402 509 543 591 595 629 847 851 985 
19 8 70 142 167 169 179 182 247 402 587 689 720 728 795 827 836 894 913 939 
20 10 41 80 98 185 206 247 256 292 313 346 363 460 513 558 635 760 764 794 964 
19 47 91 219 238 265 293 294 361 384 438 698 755 775 794 811 920 926 944 990 
19 15 87 160 168 247 250 267 379 446 490 550 583 641 718 787 809 843 929 979 
18 34 42 279 290 295 298 368 381 446 536 539 547 551 655 665 740 749 923 
18 53 132 179 275 306 374 618 623 766 793 816 856 877 903 909 929 980 990 
19 26 92 144 195 213 336 426 518 590 595 619 659 661 669 672 735 807 824 914 
18 88 93 176 247 265 331 360 381 422 462 483 569 628 720 733 861 928 989 
18 100 157 159 211 244 250 270 434 487 576 624 634 703 704 720 838 872 917 
18 78 138 170 171 223 224 282 311 363 396 439 523 626 691 708 739 792 890 
19 2 69 114 193 200 320 347 411 419 435 459 487 520 595 858 879 888 942 988 
20 14 182 219 277 432 442 448 471 483 516 535 576 577 640 698 788 912 919 959 968 
19 167 197 278 279 281 324 516 521 577 627 722 752 758 760 835 852 872 873 879 
20 24 98 112 117 231 290 299 323 345 346 355 433 478 484 549 573 654 743 937 953 
19 21 169 251 343 347 371 405 493 547 552 630 660 672 682 683 809 816 923 958 
19 23 45 63 64 66 76 118 213 231 287 347 388 406 407 421 550 629 646 736 
19 40 41 108 181 340 402 416 425 448 520 557 567 584 596 614 682 686 804 817 
19 35 136 165 197 283 286 346 374 413 432 491 532 549 725 868 913 933 988 989 
18 2 64 88 99 113 154 191 245 359 401 435 495 578 594 659 663 839 974 
18 106 125 156 245 334 354 519 532 686 733 734 756 765 769 794 873 908 967 
18 2 21 49 102 262 281 386 444 580 696 782 826 833 857 907 920 923 930 
19 21 26 49 224 230 256 314 391 441 445 455 464 490 570 680 706 900 958 986 
19 32 149 181 189 280 299 342 345 356 367 515 538 571 609 704 833 888 914 938 
18 7 8 115 134 146 156 180 203 248 324 402 418 460 500 766 884 948 974 
17 33 118 121 186 206 228 242 271 457 519 659 669 707 752 781 803 825 
19 157 192 270 295 388 505 531 586 639 642 670 715 721 746 807 854 887 897 946 
19 25 103 143 146 325 351 362 393 428 458 464 647 655 656 753 819 853 877 903 
19 12 18 45 52 114 115 157 268 276 315 426 567 570 589 660 672 786 788 892 
18 172 201 266 268 304 329 334 396 416 554 669 706 732 777 822 853 892 895 
19 50 98 128 142 254 287 334 369 386 393 468 469 509 696 782 785 876 933 990 
20 25 45 67 76 137 181 241 322 372 437 656 667 713 715 802 824 861 922 944 986 
18 28 30 45 115 206 209 293 350 402 557 585 600 603 645 663 763 968 988 
18 63 82 89 97 105 133 145 237 333 386 478 545 550 589 653 741 874 914 
18 98 144 247 334 336 473 475 521 522 560 620 668 684 762 799 807 880 933 
18 34 48 61 68 169 356 385 468 525 532 581 624 634 671 816 894 912 925 
20 18 53 170 180 198 214 247 248 268 285 306 309 326 328 380 523 711 721 754 761 
17 131 156 191 205 300 327 427 433 531 563 624 790 857 874 908 920 986 
19 176 214 261 277 338 345 365 372 422 509 533 539 568 607 756 844 852 936 980 
20 25 67 112 119 190 306 326 340 364 408 410 444 484 667 690 715 810 814 816 926 
18 15 142 239 267 444 472 492 593 629 661 735 765 793 823 848 869 872 923 
19 15 174 184 235 282 283 402 413 440 565 612 687 732 774 784 865 948 951 991 
18 95 118 187 332 468 487 533 550 638 652 681 694 726 765 824 878 884 950 
18 161 325 365 372 512 549 554 561 588 617 639 791 829 859 872 923 924 926 
18 113 145 218 254 309 358 359 404 465 473 510 554 643 682 739 790 862 989 
18 181 238 256 337 368 394 458 507 514 544 580 624 632 674 745 805 866 895 
20 10 21 58 103 210 233 238 268 287 355 426 428 469 508 558 578 643 851 865 886 
20 2 14 59 64 84 94 161 251 253 312 432 450 481 515 529 653 666 832 906 911 
19 36 139 209 328 349 350 374 403 447 449 496 614 771 838 851 881 903 984 986 
19 12 37 38 82 122 125 266 326 359 395 498 675 686 703 710 748 910 913 932 
18 58 84 99 252 368 439 523 548 727 738 817 855 897 905 912 913 919 937 
17 26 71 183 198 212 271 335 342 347 453 467 479 662 685 748 802 853 
18 3 136 232 337 384 390 396 449 456 487 517 620 671 775 802 804 855 873 
19 91 105 172 194 206 247 279 329 406 451 493 517 669 775 811 855 872 914 962 
18 73 136 205 283 302 303 367 382 414 454 505 529 663 814 832 902 910 921 
19 88 91 190 194 226 303 336 341 367 492 544 573 598 649 704 710 747 836 878 
20 30 31 64 82 109 126 158 355 438 441 473 491 540 673 768 773 859 860 867 891 
19 4 19 69 73 82 209 262 360 401 406 665 712 736 815 827 896 899 920 990 
20 12 96 173 233 241 321 413 419 433 454 487 527 578 620 624 780 795 840 853 985 
18 54 74 314 420 475 500 506 513 611 617 627 634 703 757 802 820 835 977 
18 36 133 204 277 307 418 424 460 536 569 586 606 639 682 769 783 795 859 
18 80 189 207 243 288 374 409 429 460 502 534 584 596 663 711 795 801 802 
20 10 61 146 170 200 257 332 371 434 506 509 566 731 804 809 887 892 927 940 962 
20 57 122 205 213 253 350 377 388 390 553 651 675 746 780 858 859 878 942 991 992 
20 103 113 140 261 310 331 357 409 519 579 606 666 799 806 835 855 869 884 944 973 
19 53 72 88 171 403 467 581 599 661 684 687 712 755 795 850 851 858 875 958 
18 117 142 150 171 322 348 379 385 514 555 563 592 654 752 785 788 891 945 
19 13 69 88 99 137 160 434 439 440 454 489 510 511 631 659 782 790 840 960 
19 16 77 207 221 244 307 317 339 358 514 517 598 659 685 688 694 748 847 887 
19 49 55 121 143 195 224 231 287 289 384 531 546 590 597 633 656 683 830 850 
19 18 75 103 189 225 252 272 379 387 403 477 512 548 585 613 645 662 743 965 
18 6 30 110 117 260 335 400 403 425 527 613 636 767 812 926 930 935 946 
20 105 187 264 321 412 444 472 473 500 533 540 585 602 614 764 837 917 944 962 969 
18 107 197 219 347 350 354 445 496 497 499 513 646 696 731 792 815 839 875 
20 24 33 56 126 295 311 335 360 519 544 570 599 623 645 684 685 838 851 917 985 
19 10 18 127 257 262 268 302 318 365 444 488 617 650 679 882 923 929 960 979 
20 17 244 254 381 402 403 408 427 467 486 537 616 637 695 714 755 838 874 893 979 
19 50 61 81 254 291 322 339 397 426 441 484 503 571 650 731 903 904 948 954 
19 69 71 73 83 105 252 293 319 340 420 498 525 682 688 704 831 837 909 917 
20 57 82 96 158 161 178 197 202 257 260 322 465 497 587 596 737 935 940 962 970 
18 9 25 67 187 191 192 198 242 399 562 579 697 718 823 841 957 968 986 
19 59 148 201 254 336 356 366 582 648 681 686 693 707 767 785 856 934 961 979 
18 161 405 410 481 497 518 536 609 638 769 778 840 873 877 879 897 907 944 
20 79 134 221 245 261 314 381 424 427 475 646 649 655 673 711 753 813 822 875 906 
18 127 151 211 237 286 373 435 458 486 771 774 805 837 865 886 887 950 966 
17 30 31 40 157 183 258 335 402 449 488 607 611 616 618 675 681 924 
17 1 90 208 351 413 440 498 557 563 592 602 612 671 786 852 920 955 
18 6 92 168 175 208 329 348 377 392 393 399 424 463 561 623 789 795 976 
20 46 93 221 282 307 312 407 409 427 447 513 590 708 713 741 744 807 847 897 953 
19 84 96 135 174 179 209 237 405 434 543 561 567 596 654 724 774 796 825 856 
20 41 69 73 131 134 218 258 261 366 375 403 588 645 711 721 910 928 945 966 971 
19 81 108 111 205 338 431 508 573 584 598 682 692 728 743 762 841 857 859 871 
20 9 100 152 168 243 330 348 369 388 440 475 667 704 726 802 832 846 888 943 980 
