166
0 0 1 3 1 5 3 4 0 9 10 9 2 9 12 0 4 12 4 13 12 2 22 2 19 10 19 20 16 22 3 12 15 26 22 19 11 17 9 34 8 17 38 19 31 43 22 21 18 47 36 20 46 20 22 13 32 47 57 53 56 46 35 53 34 33 30 44 55 30 69 40 54 0 65 74 38 35 67 40 49 69 19 50 58 5 26 61 77 82 14 52 53 56 4 46 54 11 89 40 3 2 70 53 54 92 100 65 35 52 32 90 20 107 61 105 78 6 28 119 107 60 112 28 35 117 44 15 87 59 5 117 34 128 130 21 132 128 64 139 97 127 124 35 62 126 126 93 106 26 32 31 133 113 92 104 77 138 131 23 52 113 121 55 87 23 
494
7 29 38 60 62 102 158 163 
17 12 33 41 46 47 54 94 97 109 112 121 131 156 157 158 160 166 
16 36 39 76 77 78 88 92 96 104 114 120 131 132 133 152 166 
8 54 65 84 93 94 106 117 142 
10 17 26 28 30 47 57 67 69 107 130 
4 7 19 29 125 
5 12 22 132 150 158 
18 6 8 20 33 35 38 56 73 79 87 92 96 107 115 147 158 159 163 
2 62 125 
10 8 11 47 55 56 57 63 72 142 158 
7 50 69 71 76 95 110 135 
10 12 68 69 105 106 116 122 124 130 144 
1 149 
12 6 47 52 56 57 71 83 87 96 119 147 148 
2 3 108 
13 3 28 34 41 59 85 110 112 128 148 151 156 165 
13 7 12 24 29 53 81 88 107 120 135 137 163 165 
2 101 126 
5 2 48 59 63 115 
19 2 18 33 38 40 46 59 67 73 78 83 89 113 143 155 160 161 162 165 
16 2 7 10 22 27 36 53 61 86 88 108 123 126 155 157 162 
2 28 78 
11 10 22 36 58 63 89 107 113 114 117 144 
3 68 97 161 
8 12 26 113 121 144 145 146 156 
13 9 10 15 45 46 48 59 93 102 120 141 153 160 
7 17 36 77 98 99 155 160 
15 18 20 27 62 77 89 100 112 117 129 130 142 148 150 151 
16 14 62 66 71 72 77 78 79 80 92 97 115 120 124 131 166 
11 1 6 14 18 39 44 68 101 122 158 160 
8 3 8 23 57 74 89 130 142 
17 3 5 16 17 31 35 40 52 56 59 68 71 82 97 109 131 140 
3 55 133 149 
7 17 31 49 51 99 105 145 
11 7 10 24 37 48 60 68 74 85 130 162 
13 2 6 8 21 26 31 38 41 68 113 132 141 150 
15 7 10 14 30 60 82 87 88 106 107 113 117 132 145 160 
7 23 29 57 70 75 128 138 
14 1 6 28 32 41 45 47 74 95 111 114 120 155 159 
19 5 8 19 27 30 32 37 65 75 81 86 94 101 123 127 142 143 149 163 
9 23 44 51 80 114 127 141 152 163 
7 32 69 78 88 96 98 127 
13 17 48 53 56 103 105 109 111 122 152 153 157 160 
17 10 13 15 21 48 51 55 67 83 121 128 130 131 141 144 152 156 
11 1 3 8 51 60 63 69 95 106 107 118 
16 17 25 45 54 65 66 78 83 97 106 115 125 131 136 142 144 
12 4 57 58 69 74 80 92 103 112 119 161 165 
15 4 27 41 56 59 77 81 86 109 122 128 129 131 133 135 
12 7 8 15 16 24 68 71 91 116 124 128 157 
17 8 23 52 55 59 71 76 98 100 101 114 118 130 141 147 156 161 
14 13 15 19 43 53 57 61 66 74 99 100 101 117 122 
6 22 26 35 65 134 162 
12 6 9 49 57 64 66 70 91 131 134 150 157 
13 10 29 31 37 85 113 125 129 130 131 159 160 162 
2 40 68 
19 2 10 15 29 36 43 70 79 88 99 103 109 115 122 138 146 147 155 165 
9 7 18 38 45 54 57 60 69 124 
4 5 53 87 111 
10 3 27 79 87 88 96 114 157 160 165 
14 58 66 71 75 119 122 125 126 131 133 138 141 143 166 
10 3 8 40 52 56 71 78 87 104 140 
19 6 23 24 25 29 42 69 80 101 105 107 110 128 129 135 136 140 146 159 
1 28 
20 1 5 24 25 52 55 58 59 76 78 89 112 115 119 123 129 137 139 145 158 
1 143 
20 6 17 25 29 38 47 52 60 61 76 80 83 89 96 104 106 120 140 154 156 
1 117 
6 20 73 84 88 98 104 
7 36 49 68 83 100 108 137 
12 15 32 46 49 54 57 79 84 103 127 152 161 
10 2 11 21 41 48 67 121 151 152 156 
9 65 72 79 92 94 104 130 138 141 
16 8 13 18 23 27 38 46 53 80 82 85 105 113 124 142 165 
15 4 10 18 30 73 79 89 108 120 121 123 131 137 148 166 
7 1 45 75 100 101 116 135 
9 2 8 9 18 22 81 104 110 165 
3 16 46 105 
15 4 6 29 30 55 58 84 88 95 103 108 113 126 131 162 
9 50 66 68 102 109 115 118 143 147 
16 3 10 17 25 59 60 63 71 84 98 106 107 109 113 133 154 
4 14 42 86 148 
5 81 91 105 129 148 
19 18 21 38 40 42 63 86 90 91 107 108 115 119 121 126 142 145 149 161 
4 36 93 102 142 
4 40 71 85 122 
20 9 11 14 16 39 59 61 66 67 77 86 91 94 100 110 111 119 120 133 147 
9 11 51 59 64 132 139 140 146 164 
7 31 32 45 50 80 101 163 
10 1 16 46 52 66 74 140 158 159 165 
16 7 9 17 21 23 38 48 53 56 60 83 96 114 133 137 138 
16 2 6 15 21 22 35 56 67 92 120 121 125 135 140 142 150 
8 31 81 83 98 99 107 141 147 
13 5 6 27 46 52 55 56 67 79 123 130 155 164 
20 11 12 14 16 22 32 35 46 58 60 61 68 78 84 95 98 121 124 133 136 
1 133 
18 4 5 13 39 78 84 87 91 92 104 120 141 148 157 158 160 161 164 
2 70 88 
8 40 46 56 64 107 135 137 151 
17 9 11 35 54 56 58 63 81 84 103 112 113 128 129 141 159 161 
9 10 28 94 96 99 117 131 144 155 
2 34 145 
15 16 26 31 36 37 56 80 82 83 85 96 104 119 130 145 
19 13 19 24 34 43 48 73 108 109 117 122 126 128 136 148 154 160 161 165 
9 2 28 69 75 80 95 125 151 157 
12 19 27 54 61 73 75 82 90 104 105 109 135 
8 14 29 41 72 80 105 139 155 
8 2 13 41 55 63 105 114 147 
4 82 100 123 142 
18 3 5 15 38 40 47 55 56 63 74 87 102 113 116 140 146 156 161 
9 8 28 33 56 57 101 117 152 154 
2 36 45 
12 37 52 60 67 72 78 80 106 120 124 128 160 
11 1 16 24 34 51 61 69 71 120 123 143 
4 86 143 157 163 
12 6 55 66 75 83 88 110 115 134 139 150 162 
5 57 85 92 119 166 
10 19 54 55 57 59 98 106 116 126 152 
2 19 30 
16 14 27 65 70 72 88 97 101 102 107 117 127 132 155 157 164 
8 1 7 32 51 57 106 143 151 
12 6 20 37 56 63 81 87 115 142 154 158 159 
8 37 78 95 97 101 114 128 141 
16 9 11 15 28 39 59 71 93 96 115 119 123 124 135 140 161 
11 20 42 85 87 88 90 91 120 121 132 148 
2 29 120 
11 20 30 39 59 97 99 104 113 121 147 149 
19 1 19 31 32 41 51 53 62 68 70 86 95 103 106 118 129 133 144 165 
5 7 72 73 111 166 
20 8 33 37 42 57 63 64 66 70 73 76 94 106 109 111 117 120 134 149 154 
18 15 20 21 24 34 41 46 49 50 68 81 94 97 102 106 126 156 161 
6 4 98 106 139 153 163 
9 18 37 41 42 57 79 108 111 155 
13 5 16 18 39 56 57 65 77 85 86 94 104 132 
11 5 9 11 18 58 108 116 121 127 140 163 
14 29 43 47 61 74 81 97 99 103 115 137 148 157 166 
16 1 4 10 16 23 29 38 65 93 107 110 114 119 127 133 138 
19 2 5 25 38 39 53 60 64 73 75 81 92 94 112 121 144 145 152 153 
14 19 24 31 44 48 55 74 105 126 130 141 148 154 161 
14 3 9 14 21 49 58 62 63 83 108 112 136 141 166 
11 8 30 31 32 40 70 80 96 128 137 138 
13 29 33 34 39 47 55 70 74 79 85 86 94 132 
17 6 38 43 51 53 58 60 76 86 92 110 116 133 141 143 160 165 
12 5 22 25 48 54 56 94 113 114 120 135 162 
4 74 137 140 152 
18 11 29 52 54 57 58 59 65 86 89 93 106 112 114 116 123 126 157 
10 2 8 37 64 88 105 113 114 139 160 
9 10 16 17 36 63 76 83 122 150 
7 2 14 18 84 101 140 145 
18 7 19 20 48 51 57 65 74 78 84 86 100 108 124 125 149 153 157 
11 25 33 49 68 71 72 73 120 149 157 161 
4 6 20 96 122 
10 15 30 38 62 86 91 98 114 121 154 
12 12 25 67 83 87 99 106 119 135 139 145 155 
8 2 3 60 109 121 129 132 160 
17 2 3 18 22 65 74 79 94 112 117 119 134 135 138 139 150 157 
2 60 79 
1 115 
9 13 57 68 74 124 137 148 153 158 
3 44 55 119 
14 7 22 29 40 50 57 61 65 85 98 129 155 157 166 
4 20 28 73 94 
13 16 18 19 33 35 45 57 73 107 109 149 151 159 
1 98 
13 3 6 11 37 43 60 79 93 101 120 123 160 165 
5 61 77 78 86 111 
4 46 93 108 130 
14 10 17 43 57 72 75 84 88 112 144 146 149 157 158 
7 29 48 64 73 81 84 88 
12 2 13 29 40 50 68 80 81 86 90 119 128 
17 1 11 21 26 29 31 51 54 56 67 71 72 87 94 106 133 142 
12 5 19 31 44 51 117 119 125 137 147 153 156 
3 56 111 147 
3 9 119 144 
2 14 127 
12 10 15 35 64 89 90 91 98 106 132 135 156 
14 17 18 24 44 45 70 86 95 100 108 113 119 121 161 
18 8 18 32 38 41 43 60 64 77 81 105 106 113 114 116 123 133 164 
11 9 22 38 60 97 105 114 119 144 150 158 
1 29 
11 50 62 64 78 91 111 114 116 117 131 151 
3 29 78 154 
1 24 
17 4 11 36 59 60 67 71 72 83 87 92 97 108 120 150 154 164 
4 45 106 140 162 
1 146 
15 18 31 61 64 71 78 103 104 115 121 125 136 147 161 162 
5 65 72 80 101 125 
6 3 38 79 91 102 158 
5 28 44 46 68 132 
10 10 18 21 44 65 67 83 95 151 163 
13 2 3 30 52 57 66 72 95 99 111 117 131 147 
14 9 33 51 54 66 75 77 86 96 120 137 146 150 162 
1 150 
4 28 51 82 85 
2 160 165 
13 14 61 63 64 68 93 94 104 120 123 127 134 157 
15 11 18 33 43 54 76 79 85 86 93 108 114 131 139 147 
2 28 63 
11 20 31 32 56 59 62 88 99 109 117 131 
10 7 54 66 71 89 92 101 111 127 163 
10 1 22 23 36 43 80 97 108 110 141 
1 23 
4 76 91 157 162 
4 91 106 121 135 
15 8 9 25 45 64 70 84 108 112 134 144 145 146 153 166 
10 6 11 13 30 38 44 84 87 100 119 
10 4 40 43 55 71 108 109 112 144 162 
6 28 62 76 88 95 143 
19 53 56 57 65 75 84 92 94 95 107 108 111 114 126 130 141 144 155 162 
14 9 11 22 25 26 39 52 53 78 81 106 129 154 156 
2 85 135 
7 4 30 89 131 133 135 140 
9 1 3 32 62 69 82 109 132 154 
18 3 14 29 32 43 55 73 74 76 90 100 103 105 110 118 152 153 164 
2 72 122 
3 29 80 138 
4 6 20 61 129 
19 4 6 28 31 36 47 52 74 81 113 115 116 123 131 138 140 147 154 160 
1 8 
3 96 101 145 
1 6 
16 1 8 22 23 29 66 85 86 104 105 114 118 125 132 141 147 
17 9 10 16 26 34 37 63 77 78 92 104 113 134 142 143 164 166 
3 49 123 152 
1 17 
10 14 34 51 56 84 86 112 139 145 158 
6 9 57 60 101 118 146 
2 5 18 
6 66 82 94 127 137 149 
12 18 25 34 44 82 88 93 119 138 146 159 166 
20 6 9 11 24 38 44 46 48 51 57 68 76 98 123 127 146 154 155 161 166 
17 2 8 14 21 22 29 31 33 34 53 64 67 79 129 150 151 159 
15 2 8 12 16 20 28 35 63 88 102 107 111 140 144 163 
4 10 33 111 123 
13 7 25 26 30 45 54 57 70 114 124 127 144 156 
4 50 111 123 138 
15 16 23 28 55 75 87 100 103 121 122 123 154 158 162 166 
13 2 13 15 43 49 79 81 90 123 136 144 153 165 
6 12 24 36 102 147 148 
10 34 44 48 60 62 69 77 120 158 164 
14 1 7 23 40 44 47 56 61 94 132 138 151 153 155 
9 5 34 78 84 92 94 110 117 147 
11 7 36 42 61 70 102 126 129 136 140 150 
6 10 62 96 100 117 128 
5 10 73 91 157 163 
16 12 35 43 47 84 86 97 106 117 124 128 139 142 144 161 162 
10 5 9 34 73 92 136 142 146 147 160 
16 20 39 41 47 83 87 92 101 108 123 143 145 146 149 158 163 
9 3 19 70 80 87 123 133 140 144 
8 2 8 39 65 93 105 132 135 
7 4 24 42 70 92 103 132 
2 38 101 
11 9 12 20 44 73 91 114 120 138 152 161 
5 3 16 30 94 121 
16 3 12 15 18 21 25 35 38 58 68 73 77 86 120 135 136 
2 108 163 
4 12 32 114 154 
4 39 46 83 156 
17 4 22 23 28 33 37 67 99 110 111 114 123 141 143 145 157 160 
7 3 47 72 106 109 130 136 
18 32 49 66 69 70 71 83 86 92 105 108 119 129 133 134 141 146 161 
3 48 61 163 
7 7 23 68 76 80 85 133 
15 11 16 23 33 41 46 59 60 63 84 90 119 129 143 151 
6 19 28 53 54 67 114 
11 8 21 22 72 73 79 105 139 146 150 152 
2 51 144 
6 19 47 97 107 124 150 
1 110 
11 9 14 47 58 73 129 140 141 145 146 158 
15 4 5 16 17 22 37 69 71 73 98 113 131 136 140 163 
6 4 11 46 61 71 151 
9 49 65 84 123 124 126 129 130 155 
17 1 2 3 12 13 15 22 50 58 62 66 83 109 123 124 143 166 
4 72 95 107 113 
12 10 17 40 48 52 58 78 87 100 138 161 163 
12 23 40 66 69 91 109 112 121 129 137 138 162 
13 8 23 39 42 52 53 67 76 85 113 126 163 164 
14 14 19 25 28 47 64 88 92 106 136 138 145 156 166 
12 24 50 53 88 94 106 108 110 131 145 146 160 
6 15 17 22 74 81 88 
9 14 24 26 29 76 98 113 138 150 
5 15 44 54 104 130 
13 14 35 47 52 93 95 101 121 123 133 138 142 166 
9 15 39 48 60 64 104 107 129 139 
8 8 28 72 75 110 126 138 156 
2 77 114 
20 6 19 25 33 50 56 62 68 73 75 87 118 126 127 135 155 156 159 162 164 
10 14 69 86 88 94 104 120 121 154 159 
8 1 10 12 32 54 96 144 163 
7 8 25 60 105 117 120 148 
9 7 12 31 82 84 93 135 147 150 
19 4 5 25 27 46 50 53 63 72 82 84 94 99 117 120 121 128 137 162 
8 10 18 22 58 88 108 124 163 
15 1 17 23 24 32 34 53 62 82 89 104 107 151 158 164 
9 3 20 46 66 76 89 122 158 162 
6 38 72 88 110 139 164 
5 105 118 119 160 166 
15 21 25 47 60 71 79 82 85 101 105 129 137 141 144 158 
1 166 
12 2 19 21 54 72 80 84 93 112 119 132 140 
15 5 11 21 59 67 84 85 88 91 92 96 117 121 154 161 
15 14 21 28 32 41 48 59 64 76 78 80 92 130 146 148 
1 84 
3 31 98 151 
11 12 17 25 61 62 65 80 90 143 146 164 
1 34 
2 77 150 
12 20 21 66 96 108 121 123 125 135 142 145 165 
19 12 26 31 33 38 40 47 58 59 104 106 112 117 126 143 144 145 155 162 
1 10 
8 1 22 59 67 126 128 136 151 
3 24 115 121 
4 22 57 97 147 
1 69 
3 31 73 95 
12 10 35 57 63 72 83 88 93 99 113 131 156 
12 18 47 60 82 85 107 129 132 133 146 157 166 
7 5 30 97 109 113 138 164 
9 14 25 51 66 79 81 100 112 114 
4 51 66 128 145 
19 4 16 34 48 52 57 64 65 77 87 94 103 125 131 138 145 146 153 159 
8 5 18 41 44 69 105 112 137 
4 30 56 88 112 
11 37 42 45 55 83 86 89 92 93 136 153 
16 26 35 68 82 92 93 94 96 101 114 118 122 125 127 145 156 
5 22 24 100 131 165 
7 7 23 30 46 74 127 143 
5 2 36 70 149 166 
4 47 65 75 124 
14 7 14 16 29 30 45 67 80 99 102 104 120 153 161 
16 2 7 11 28 39 63 90 102 103 104 116 125 126 130 134 161 
4 48 65 69 131 
16 8 14 15 41 43 61 62 64 76 93 102 125 132 136 151 154 
16 22 37 42 57 62 66 69 79 81 83 105 121 123 131 153 166 
16 10 19 25 33 37 43 47 68 74 98 102 107 112 116 153 166 
17 8 30 33 35 37 69 73 79 81 86 94 138 140 141 143 154 164 
19 9 10 20 32 36 37 40 42 66 71 93 100 108 109 111 127 128 137 153 
4 46 67 81 133 
8 6 26 43 60 65 67 94 108 
18 10 34 40 49 62 74 80 82 91 92 101 102 104 106 116 135 139 153 
4 2 39 82 104 
15 18 30 37 50 54 55 62 72 76 119 123 129 135 144 161 
10 25 39 40 105 113 114 139 155 160 166 
1 52 
19 18 19 25 32 38 42 45 68 76 78 96 105 111 112 113 123 136 147 166 
13 8 41 45 57 69 71 87 95 102 122 123 139 162 
14 13 56 58 76 83 96 99 111 126 127 129 150 152 161 
8 54 59 61 63 81 85 86 121 
14 6 7 22 24 62 71 87 98 114 125 135 136 149 165 
2 9 49 
1 79 
15 10 14 24 25 30 62 65 66 84 86 112 114 115 126 136 
7 23 32 50 51 71 95 99 
7 42 59 63 101 115 126 148 
14 11 46 59 67 102 105 106 111 112 123 124 129 137 146 
15 16 20 54 59 73 80 81 91 106 117 131 143 153 161 165 
17 8 12 22 27 40 54 65 75 85 97 102 115 136 143 151 160 166 
14 9 33 54 56 75 82 83 93 97 131 134 139 149 165 
10 26 29 45 54 70 96 112 129 143 165 
10 13 19 26 40 47 77 90 97 118 155 
6 6 15 42 54 141 145 
17 36 44 48 49 51 60 70 71 78 91 92 100 107 113 114 117 166 
2 37 46 
20 18 26 32 44 49 51 56 66 69 75 89 90 101 110 113 136 145 161 162 164 
10 13 20 38 95 105 109 113 148 151 164 
11 17 42 44 61 63 97 103 139 144 154 160 
13 6 19 29 40 41 45 62 91 96 111 119 120 131 
4 129 131 132 154 
10 13 27 32 44 63 71 73 88 117 137 
17 4 26 38 41 43 45 47 49 60 66 83 85 100 139 140 148 157 
1 140 
5 7 50 73 122 130 
7 2 54 69 84 113 117 151 
16 6 9 40 60 61 67 81 103 116 136 139 147 155 158 165 166 
8 24 60 73 94 107 110 134 139 
14 5 11 23 24 30 38 45 82 109 113 121 122 130 155 
18 9 22 46 50 51 54 56 74 85 90 93 105 116 122 130 138 153 160 
10 38 46 49 89 96 103 109 119 153 154 
7 11 28 33 51 116 140 165 
17 7 9 12 17 38 56 67 74 85 94 115 117 118 120 140 149 159 
4 84 89 121 146 
4 78 86 95 140 
12 2 20 33 41 57 58 72 73 77 88 119 142 
4 47 48 92 104 
18 5 25 45 47 63 74 75 82 83 90 98 114 116 121 127 130 142 157 
19 15 22 27 34 49 50 51 63 70 110 114 125 127 131 133 141 143 146 157 
9 26 54 66 87 99 100 116 141 166 
5 58 78 133 148 152 
7 53 55 57 84 92 132 144 
2 51 164 
10 11 26 30 35 39 45 73 85 94 161 
10 4 35 38 77 79 114 116 134 147 156 
2 55 103 
3 7 63 95 
7 29 80 87 95 153 155 161 
6 25 32 48 102 108 155 
1 25 
11 8 22 45 49 56 81 82 84 108 131 154 
13 1 3 30 31 33 44 46 59 87 96 107 111 160 
9 37 45 68 86 88 95 116 134 150 
3 20 96 127 
5 52 108 122 145 165 
4 3 59 81 146 
18 1 33 39 43 65 68 72 94 95 98 102 110 133 134 141 153 163 166 
16 5 10 11 22 32 33 51 54 59 86 115 125 127 136 152 166 
11 23 38 48 54 70 81 118 129 145 152 154 
6 24 32 47 72 89 148 
15 1 13 14 47 48 61 66 76 85 89 102 113 123 131 149 
12 6 12 45 52 56 65 77 95 108 139 143 165 
7 17 18 27 41 48 113 157 
6 24 55 88 97 121 136 
14 2 8 15 23 38 44 51 67 85 100 123 143 151 154 
2 129 138 
5 52 54 62 88 146 
18 5 6 19 36 40 41 48 77 80 83 84 85 91 95 99 117 160 161 
12 27 61 88 103 123 135 146 151 159 160 161 164 
1 49 
11 17 32 52 53 72 91 104 121 122 131 133 
12 24 25 26 66 70 94 95 106 108 112 117 125 
7 5 34 42 45 102 149 166 
6 10 15 45 87 108 140 
16 27 32 43 47 64 71 83 87 109 119 122 123 139 141 150 159 
12 23 37 53 60 61 67 105 110 119 132 152 158 
11 63 65 69 73 78 88 93 122 135 148 153 
11 26 29 48 54 69 94 111 126 134 142 153 
19 5 17 20 37 46 53 63 64 67 72 74 76 111 114 118 130 133 149 159 
15 16 19 22 27 34 74 77 105 116 118 139 144 146 152 159 
14 6 15 17 36 40 43 61 88 122 140 146 148 153 160 
18 15 25 34 40 41 49 51 54 57 90 116 118 136 139 144 162 164 166 
7 29 57 109 131 133 136 153 
12 2 13 15 24 28 43 73 76 84 114 135 152 
11 52 58 62 92 96 115 117 128 131 149 161 
2 10 53 
8 15 57 58 74 96 125 135 141 
12 16 26 28 32 39 46 95 107 123 142 143 153 
10 20 33 52 68 82 84 107 121 135 138 
16 18 23 24 27 39 57 64 68 92 95 114 125 153 161 163 164 
13 40 49 65 90 94 98 104 108 114 115 127 130 166 
5 3 20 25 64 104 
10 4 62 82 84 117 128 144 146 147 149 
10 1 32 39 50 52 96 98 120 144 166 
11 4 47 54 76 83 84 111 117 123 131 133 
16 45 48 51 53 58 61 79 82 85 87 101 133 138 140 158 161 
15 2 3 5 12 15 16 43 49 67 70 76 79 153 155 166 
3 57 129 163 
16 16 18 27 40 44 45 56 77 87 104 106 119 152 156 161 164 
7 2 6 18 69 72 87 141 
7 45 52 83 93 113 126 149 
13 1 6 39 53 64 67 78 84 105 132 138 162 165 
9 6 22 54 77 111 117 127 141 144 
18 17 20 26 43 51 72 73 83 88 94 97 109 120 132 136 139 151 162 
7 4 21 42 65 69 131 153 
17 1 5 18 19 23 35 50 53 55 61 77 89 106 124 133 147 161 
14 6 15 20 22 29 46 77 82 103 105 107 131 146 153 
7 27 55 105 108 133 137 160 
6 22 62 81 83 92 97 
7 14 19 42 56 67 83 108 
15 1 3 17 21 29 66 112 116 122 127 134 145 152 154 163 
7 17 35 49 55 100 128 154 
16 9 22 27 32 34 36 39 46 47 59 87 111 115 116 152 156 
16 13 20 21 29 31 33 36 45 61 63 86 97 129 144 149 157 
19 4 5 17 19 24 28 49 52 67 68 75 84 113 119 125 131 133 140 145 
15 3 16 34 39 53 56 85 107 110 116 118 138 141 148 156 
4 18 27 129 151 
13 22 23 45 82 88 94 99 111 125 141 149 150 165 
20 8 17 20 24 28 41 55 63 73 77 89 91 103 123 124 125 126 132 159 164 
5 58 122 126 143 162 
1 62 
13 6 16 58 74 77 86 92 111 121 126 135 139 155 
15 8 11 34 62 65 84 86 91 104 115 119 127 136 153 158 
1 105 
5 7 9 23 28 146 
1 45 
8 14 43 70 82 88 89 158 159 
14 11 29 33 34 48 55 75 78 99 100 122 143 147 160 
7 67 71 73 80 101 120 164 
7 54 70 84 87 97 101 124 
10 2 16 39 58 62 67 108 111 131 164 
14 2 6 22 31 42 53 56 95 122 126 139 145 156 157 
8 2 45 53 61 91 99 118 156 
16 4 5 17 26 29 35 42 68 89 92 116 138 153 156 157 163 
16 3 18 30 38 49 52 58 67 74 77 84 98 104 112 115 155 
15 9 21 29 44 45 56 59 63 84 89 93 125 134 143 159 
20 1 6 31 33 36 39 52 63 67 68 83 84 87 94 95 115 116 124 146 158 
7 50 64 83 89 98 108 126 
19 8 20 32 39 42 51 101 105 110 111 123 130 131 138 140 146 148 151 152 
17 2 13 17 19 24 25 27 58 74 81 95 129 131 132 134 157 166 
6 36 79 89 112 129 162 
20 13 26 34 37 45 51 58 72 80 107 111 115 116 135 138 139 140 150 159 162 
13 23 68 69 79 80 86 87 91 94 101 130 140 163 
17 7 29 35 36 39 49 50 59 60 65 73 81 89 95 101 152 156 
2 86 158 
8 23 24 28 65 92 113 124 127 
