957
0 0 1 0 1 4 5 3 3 1 8 6 4 7 0 10 2 16 1 5 20 12 3 0 10 16 14 27 12 10 3 30 23 9 5 3 31 24 31 26 21 27 35 37 4 40 20 33 29 23 41 37 3 47 9 51 51 34 11 59 48 30 25 29 17 5 16 15 9 42 63 31 19 46 66 72 39 29 43 23 55 8 38 81 19 71 59 77 80 13 35 56 3 48 56 23 83 4 67 74 22 88 88 88 60 68 63 100 57 22 101 8 88 16 92 46 69 27 100 59 98 62 103 93 85 72 23 114 14 83 69 52 100 29 14 126 8 106 82 43 34 68 103 21 6 42 60 40 0 43 36 23 112 130 74 12 112 83 56 49 0 61 90 35 67 119 157 54 3 11 44 163 51 28 91 148 111 35 106 128 40 139 98 40 19 21 25 14 59 111 68 18 69 44 143 155 40 95 116 110 48 77 64 200 176 21 61 105 47 116 9 97 10 188 26 17 166 72 141 37 191 33 157 89 125 178 73 148 116 133 3 98 33 123 37 4 52 131 34 223 163 133 20 216 13 84 184 2 24 166 250 146 66 35 233 112 63 121 34 186 23 179 201 64 79 152 253 241 165 51 106 84 104 222 228 9 62 29 197 48 158 126 198 73 124 14 104 168 224 198 116 60 121 110 270 213 69 183 231 37 198 199 34 275 61 72 28 33 145 13 117 149 67 81 58 110 294 199 216 20 61 16 237 194 126 280 159 213 148 145 158 233 304 65 283 224 120 305 24 155 75 12 195 148 256 202 296 225 73 98 120 3 40 350 161 179 249 162 308 344 298 221 112 79 64 319 219 346 346 118 76 260 50 80 4 309 107 249 364 108 331 8 31 253 223 337 292 264 190 89 188 101 347 178 214 5 66 391 360 389 203 264 218 69 395 194 112 146 220 282 193 27 185 157 138 408 108 329 189 13 101 191 72 88 143 225 68 49 22 154 236 399 226 155 314 219 402 60 378 213 30 175 135 261 1 98 70 317 7 390 413 411 179 450 325 423 276 405 242 227 151 149 291 343 161 251 82 5 78 142 411 214 130 344 33 261 274 301 76 179 309 197 38 302 275 168 223 467 261 324 369 447 257 365 79 5 193 338 95 247 284 102 17 363 289 18 246 203 53 108 233 411 332 154 486 500 513 310 6 151 507 64 356 325 180 133 339 327 385 228 478 293 495 355 30 141 436 411 34 359 222 96 377 464 409 391 413 66 295 461 333 400 416 326 125 512 75 328 320 249 320 430 371 487 445 159 285 197 0 379 164 130 534 228 375 6 29 312 92 384 433 580 421 137 325 85 4 173 507 465 315 221 323 400 416 73 374 224 104 270 361 519 523 147 480 524 77 460 457 421 425 335 596 362 76 78 544 344 389 76 205 162 587 63 101 477 67 407 365 433 380 100 375 540 595 245 545 233 45 230 151 625 238 120 337 475 49 630 276 242 524 268 596 193 381 118 191 13 635 371 96 604 538 254 406 603 240 50 504 613 584 17 510 650 616 650 432 384 124 346 119 118 200 73 628 391 629 589 517 656 549 394 570 531 395 35 31 234 638 691 665 657 568 491 52 9 194 241 624 399 70 536 88 164 187 590 583 364 549 437 35 164 213 424 192 652 123 563 302 589 10 94 225 354 134 251 388 551 678 99 276 142 668 740 613 30 352 572 603 202 84 3 105 365 243 752 678 437 241 644 390 623 659 255 552 759 39 355 237 699 699 608 41 515 64 759 571 707 310 507 270 365 583 605 522 350 756 471 525 782 97 382 543 619 228 138 117 785 227 532 557 253 657 170 642 570 94 752 467 423 483 370 424 686 490 738 212 105 524 137 790 398 726 717 332 419 796 48 66 210 575 546 585 546 595 486 273 35 228 471 593 394 789 214 739 489 454 59 79 300 813 774 308 315 67 220 44 826 179 724 377 306 367 143 775 849 592 231 215 242 526 154 624 577 691 427 135 19 783 533 734 751 881 659 804 328 755 742 858 623 105 522 460 884 41 455 352 842 538 849 222 540 365 558 209 245 726 473 387 532 569 12 765 696 54 49 75 11 607 367 807 16 209 284 463 306 232 426 265 661 588 730 319 574 112 612 636 659 878 536 110 79 783 518 178 104 711 837 569 575 397 540 351 17 839 89 577 
590
4 255 494 668 798 
12 13 64 86 277 279 348 466 491 511 548 920 945 
2 202 554 
12 124 277 302 327 335 361 402 444 588 616 715 747 
15 25 173 233 286 320 341 393 553 556 630 704 737 836 860 886 
7 331 461 643 676 756 773 932 
19 26 74 174 176 182 211 269 290 316 472 487 496 617 653 715 813 844 857 940 
11 35 269 315 331 349 520 801 805 841 842 922 
1 321 
6 27 221 622 773 809 888 
1 223 
14 19 147 184 241 283 311 337 368 496 724 740 778 843 904 
6 86 421 505 817 829 844 
14 107 178 218 262 345 418 478 596 639 800 828 838 844 904 
4 5 112 293 633 
18 28 81 145 175 218 273 318 329 334 375 383 455 518 587 616 700 846 873 
19 51 109 169 259 268 272 312 341 401 421 432 496 552 589 702 784 905 930 932 
15 70 84 313 377 413 430 462 554 565 687 741 751 802 809 848 
3 109 235 899 
1 533 
8 77 105 177 509 602 649 661 821 
18 10 142 169 179 230 264 301 321 341 349 355 495 613 618 672 841 904 936 
7 23 158 223 430 659 823 946 
7 214 255 445 461 564 601 642 
5 255 307 450 704 774 
13 68 161 238 304 615 616 684 745 816 821 837 849 948 
11 76 235 274 446 482 485 736 747 788 837 953 
12 16 32 53 125 427 513 526 602 641 840 870 936 
1 366 
17 84 136 144 187 203 277 280 314 354 368 370 411 414 442 584 731 916 
15 17 46 74 128 130 230 282 422 423 527 557 576 700 753 795 
7 88 101 449 537 576 884 909 
10 149 171 374 418 453 563 575 685 690 753 
18 29 81 105 121 145 236 347 397 457 549 570 581 598 602 683 775 777 807 
12 136 232 241 282 319 521 606 628 686 879 904 906 
9 200 367 412 469 567 692 733 765 854 
8 92 159 379 479 513 527 612 950 
15 126 266 359 443 459 494 544 559 679 706 754 757 856 871 946 
6 194 211 349 492 577 622 
10 138 196 223 396 511 567 582 591 747 834 
17 35 84 150 192 346 356 471 587 616 670 697 718 855 876 908 942 952 
20 30 40 44 45 75 135 159 183 199 344 378 460 476 494 681 750 765 806 848 950 
18 56 72 85 143 152 210 254 302 334 479 501 524 553 628 666 797 811 928 
6 273 547 699 741 900 957 
1 565 
17 8 75 153 179 301 334 430 529 711 751 786 819 831 861 914 915 951 
11 40 93 218 309 544 590 651 826 837 849 888 
5 212 294 435 838 938 
7 19 157 313 353 411 427 453 
3 287 724 733 
7 143 191 237 247 298 425 926 
19 187 191 288 297 311 363 380 426 504 591 618 640 724 729 771 775 827 861 916 
7 354 490 581 794 813 890 954 
12 156 178 192 247 428 533 593 636 661 779 901 918 
4 543 723 891 936 
16 58 81 99 107 172 188 201 428 472 485 570 586 672 815 832 888 
16 103 115 260 326 333 361 380 496 607 650 667 716 747 809 843 939 
4 278 283 284 695 
19 47 113 227 240 264 284 304 343 490 561 562 618 715 750 753 791 806 807 816 
9 27 142 251 286 525 560 654 772 786 
17 53 55 58 89 127 365 399 492 493 531 708 777 822 853 894 902 903 
20 32 67 150 191 263 294 349 355 361 373 403 467 490 572 603 641 782 847 876 879 
18 62 76 170 209 285 298 327 354 381 405 556 570 585 640 660 713 757 774 
15 147 193 208 219 325 329 382 494 496 515 538 540 549 774 852 
1 240 
17 51 79 82 110 223 274 303 377 430 540 544 548 669 686 741 814 877 
15 37 67 124 132 156 215 217 258 471 492 521 680 696 772 883 
3 239 397 890 
11 92 98 386 544 599 631 650 653 745 759 795 
17 143 272 326 354 471 489 520 584 668 677 711 718 752 800 857 861 954 
9 3 221 256 296 358 540 642 740 777 
11 63 86 167 270 356 379 686 739 918 924 944 
18 21 52 53 260 325 437 470 482 498 522 535 612 644 648 720 731 763 773 
5 154 261 274 528 803 
15 86 103 145 155 425 481 661 671 684 741 780 801 815 863 904 
14 60 65 102 107 243 272 344 366 384 453 660 799 881 903 
16 59 109 128 145 177 297 348 355 588 606 657 700 710 746 855 929 
20 34 148 176 262 276 363 400 480 501 516 532 574 606 612 626 635 642 700 758 863 
12 211 335 393 454 597 650 719 733 749 790 792 821 
10 351 472 508 572 581 651 654 706 707 945 
8 198 407 438 485 511 639 761 892 
18 152 171 181 197 255 271 328 342 388 423 584 588 634 648 681 772 903 923 
12 137 190 229 275 456 535 596 632 651 671 781 854 
11 50 129 264 349 394 448 484 647 734 934 947 
17 12 41 60 76 89 125 193 244 274 437 497 572 588 631 776 838 912 
4 405 809 827 872 
2 422 584 
1 771 
19 1 19 76 97 185 209 306 458 543 606 660 707 729 731 823 825 857 859 910 
2 194 459 
10 163 195 392 520 553 778 800 825 860 902 
1 928 
20 25 141 170 237 332 352 396 449 471 508 546 626 670 695 770 837 851 901 903 942 
10 12 130 145 317 346 380 646 706 752 882 
11 21 140 205 283 317 409 483 559 619 807 854 
8 62 73 469 492 550 700 768 928 
10 44 88 89 127 201 443 636 708 749 873 
4 251 299 409 649 
3 103 441 751 
16 51 79 229 263 461 485 544 559 565 681 684 711 749 895 944 950 
7 21 97 106 128 249 617 727 
16 5 24 31 146 271 371 427 472 473 540 629 699 721 846 855 880 
19 7 35 51 134 153 165 175 385 411 452 465 505 539 561 649 746 751 899 934 
13 238 239 311 385 416 420 457 489 572 595 639 672 716 
3 74 309 789 
20 48 145 170 176 214 233 316 330 350 449 481 488 507 533 625 710 738 754 833 944 
10 2 190 279 285 513 684 734 746 878 903 
6 37 53 57 82 154 215 
6 226 332 495 630 649 791 
10 79 195 241 253 273 291 446 568 867 873 
3 88 150 391 
4 273 413 460 701 
11 16 121 161 197 230 264 556 565 731 747 898 
14 3 39 131 222 392 429 441 446 513 544 659 674 765 778 
18 43 115 119 126 234 301 341 392 410 414 422 452 499 696 819 833 872 928 
4 85 338 546 925 
2 9 267 
5 126 165 621 712 824 
16 10 54 149 163 266 368 393 475 528 542 564 593 700 868 923 932 
7 116 191 395 462 526 527 659 
9 119 188 297 485 503 535 577 730 922 
9 227 306 328 466 493 604 786 875 957 
5 81 204 357 363 572 
4 7 478 751 866 
10 203 287 301 315 331 397 484 703 796 934 
17 99 157 169 242 268 445 483 500 606 620 683 802 843 850 851 857 952 
11 5 121 218 221 250 282 564 679 730 841 930 
4 60 357 484 733 
15 57 71 199 221 286 434 477 504 508 567 623 655 657 764 946 
9 216 250 304 399 477 631 676 778 809 
1 72 
4 42 177 556 883 
18 30 53 81 96 183 263 287 308 365 393 434 475 509 527 640 680 783 937 
5 110 262 289 341 418 
11 98 312 330 459 532 536 614 790 807 860 936 
6 95 536 687 913 926 956 
3 209 360 755 
12 82 179 213 226 248 348 366 410 594 733 737 738 
5 32 707 795 812 957 
12 75 81 106 251 357 375 629 772 782 796 797 895 
18 20 46 112 226 326 338 442 497 537 554 639 645 647 679 718 746 762 924 
19 47 61 79 99 491 522 547 625 647 686 698 715 745 756 762 810 852 853 940 
17 93 121 210 250 322 342 360 480 485 493 709 780 782 785 850 891 909 
8 246 418 421 506 555 674 756 882 
2 148 266 
5 217 377 563 808 814 
7 190 275 412 515 533 604 867 
9 190 191 248 369 586 592 666 903 912 
3 162 169 567 
16 61 290 297 366 376 391 394 398 407 482 583 708 730 839 910 930 
11 1 59 67 163 219 221 225 319 431 587 885 
1 776 
2 648 888 
5 20 74 241 772 799 
2 262 682 
19 121 125 169 182 183 184 413 414 482 499 500 547 555 593 640 649 803 822 886 
20 33 116 155 157 161 187 252 344 391 425 429 472 517 527 605 637 716 781 788 891 
17 91 152 167 218 219 228 229 266 333 552 574 575 579 652 666 845 849 
15 31 92 144 161 228 242 346 355 594 617 640 719 762 895 938 
19 3 32 172 261 316 353 356 376 402 447 458 479 502 590 665 702 728 808 860 
12 17 134 309 314 384 403 406 670 689 799 847 904 
9 94 213 233 427 463 498 584 838 897 
3 223 227 315 
3 147 502 561 
15 7 59 175 268 310 351 411 516 624 649 720 734 846 852 880 
2 69 939 
12 22 83 160 174 212 227 379 394 565 652 780 800 
13 144 230 249 283 333 401 402 412 460 494 628 849 923 
13 43 78 264 359 363 505 757 759 798 810 847 862 928 
16 32 43 165 270 435 450 494 529 541 553 603 696 833 874 895 902 
14 32 182 261 291 379 391 576 577 722 829 866 892 939 957 
17 34 76 118 125 232 288 292 430 444 640 660 671 695 773 821 822 881 
6 255 304 591 775 824 878 
15 13 47 158 192 329 390 394 417 539 590 620 718 768 864 872 
19 69 72 77 215 301 302 367 396 464 596 629 630 684 691 700 822 831 879 951 
17 13 140 167 208 230 245 262 283 334 462 522 528 586 736 888 908 919 
4 48 707 808 883 
12 19 31 142 294 507 547 665 695 754 791 795 892 
12 139 174 177 277 469 512 564 648 679 864 870 875 
4 302 424 656 893 
4 79 231 721 755 
20 10 47 114 142 182 193 342 448 465 629 671 703 761 810 836 852 906 943 950 956 
18 19 93 102 117 159 203 216 312 400 432 514 614 707 756 790 799 800 842 
15 114 164 220 308 310 313 355 386 483 511 748 753 844 847 909 
17 22 51 77 86 306 367 444 462 497 515 543 569 725 740 853 865 936 
4 107 125 587 905 
15 52 212 288 512 565 603 609 619 625 692 762 780 789 796 808 
15 15 21 45 88 107 150 361 543 597 599 662 675 729 731 798 
17 9 84 95 97 154 197 232 309 450 476 497 714 773 775 798 904 933 
9 101 172 233 329 342 496 616 787 834 
20 107 121 132 164 167 172 248 249 372 399 451 572 617 631 638 696 772 826 842 927 
18 15 62 118 218 228 233 277 322 346 401 511 559 765 792 805 826 848 914 
2 31 252 
18 5 35 72 88 147 174 220 271 382 516 540 550 594 711 849 868 898 932 
19 90 101 136 170 175 193 230 235 335 346 354 539 540 566 670 678 681 721 924 
4 106 519 812 836 
17 251 306 367 409 416 652 676 711 730 774 778 789 845 913 935 943 945 
18 6 167 194 293 316 335 397 584 606 635 646 674 679 698 742 766 803 834 
18 92 272 394 439 445 457 471 552 589 600 676 703 728 730 741 751 951 955 
14 28 97 219 282 304 426 580 585 593 616 713 844 912 940 
5 72 220 340 809 896 
12 43 119 183 279 287 330 389 527 528 698 891 932 
5 1 108 159 396 576 
16 9 67 151 318 342 476 481 487 502 504 507 535 732 814 822 840 
13 71 127 268 284 358 370 384 473 525 680 819 882 904 
4 165 220 686 956 
17 12 68 136 140 157 197 204 290 323 325 397 439 468 482 599 623 904 
13 95 104 266 282 303 372 472 480 701 708 799 864 944 
4 27 590 701 811 
14 43 98 154 184 187 227 297 566 699 789 810 896 948 949 
16 7 67 160 202 322 329 433 571 742 750 754 776 819 883 951 955 
13 6 151 205 252 259 281 523 532 615 818 913 938 939 
8 203 227 338 375 399 527 772 936 
3 84 422 877 
15 12 15 65 136 216 315 424 536 599 680 724 746 840 873 957 
14 8 37 60 141 352 374 386 424 739 806 809 844 855 881 
1 862 
14 103 212 250 406 409 421 495 499 560 568 654 700 874 946 
20 80 115 150 153 189 219 302 336 367 398 402 455 612 648 675 708 821 874 898 934 
18 21 39 53 146 180 191 217 252 259 355 368 447 558 759 775 822 840 905 
16 69 79 106 137 200 231 261 284 362 382 468 513 515 708 783 921 
12 101 102 153 192 221 271 383 741 750 807 808 918 
2 36 174 
9 12 138 305 343 415 574 609 732 820 
5 51 202 772 844 947 
20 158 197 269 320 372 493 538 562 592 612 634 670 684 734 743 776 848 865 890 922 
15 102 171 185 226 242 266 384 390 540 585 616 787 887 890 947 
3 3 275 394 
14 23 107 160 168 250 422 440 662 674 695 732 741 806 843 
17 87 131 148 186 263 273 297 428 480 525 626 650 654 660 788 802 939 
2 654 740 
17 53 66 89 221 222 329 432 448 456 477 482 621 646 697 854 901 932 
3 11 555 707 
8 291 297 394 695 706 726 844 924 
9 96 283 383 394 499 539 685 872 946 
9 6 13 281 496 618 671 728 809 891 
15 36 56 128 253 525 526 556 586 636 651 661 674 723 727 764 
16 24 215 218 219 298 349 627 649 664 700 721 780 857 893 901 912 
2 255 902 
3 253 530 934 
15 33 110 117 124 153 293 321 363 402 425 428 454 667 825 859 
11 22 187 238 450 475 553 575 625 724 885 888 
3 163 590 637 
12 19 121 132 143 148 165 291 374 426 584 681 767 
12 54 87 121 123 128 140 437 497 556 669 707 746 
2 4 684 
7 277 350 387 439 461 602 622 
14 107 134 147 244 346 370 529 539 558 577 593 594 617 854 
10 167 212 225 375 448 451 720 732 810 866 
16 5 54 182 194 370 391 401 426 572 715 734 788 805 813 935 953 
17 17 22 51 126 243 248 297 357 372 431 446 455 501 694 865 892 936 
7 87 271 310 592 662 760 804 
15 96 109 111 243 257 330 341 348 524 562 578 613 619 790 878 
8 114 251 368 390 418 464 760 850 
20 3 52 62 123 138 174 270 304 376 444 448 478 489 506 562 570 584 615 812 944 
19 189 254 278 307 351 364 447 510 525 566 622 671 693 743 773 834 893 895 916 
16 6 122 140 155 215 271 390 431 496 508 573 625 653 849 858 919 
11 20 38 56 229 231 343 376 499 534 833 923 
10 50 98 126 259 265 525 585 640 802 849 
8 73 126 349 628 639 921 922 947 
16 92 114 184 211 286 356 389 413 423 430 626 777 779 810 858 866 
12 9 15 186 354 357 459 511 588 744 819 843 940 
3 375 619 714 
4 141 525 609 745 
14 38 89 122 128 245 331 389 499 591 683 717 768 772 877 
10 24 245 360 433 459 525 755 813 853 854 
6 113 312 417 424 740 765 
1 741 
3 118 243 570 
16 69 106 268 287 339 396 431 518 537 546 554 590 777 789 817 820 
4 180 447 720 726 
20 63 91 213 260 332 445 449 467 494 519 629 683 699 767 776 851 889 909 931 952 
20 19 66 142 149 152 188 201 265 301 309 354 448 503 592 639 676 785 920 930 955 
16 191 232 278 332 384 398 491 505 548 579 618 674 776 884 895 928 
11 30 38 117 200 237 256 289 402 441 628 932 
19 39 48 97 98 128 329 361 363 365 379 475 510 533 556 562 577 745 765 909 
9 13 26 68 133 139 249 497 543 544 
10 25 99 126 149 367 389 397 606 636 722 
5 112 125 290 367 460 
11 43 172 222 408 458 560 602 647 803 867 885 
13 29 101 102 143 274 320 333 485 800 803 827 876 939 
16 71 190 313 320 343 348 409 521 569 633 683 706 758 788 823 880 
17 52 81 82 117 182 238 332 414 500 546 553 680 683 818 837 864 937 
7 24 444 587 646 730 790 940 
10 87 200 369 458 594 606 638 761 797 908 
18 115 125 198 404 442 478 499 508 509 519 528 541 549 552 611 645 653 892 
11 46 147 175 377 391 417 489 505 534 635 802 
16 92 155 247 260 310 317 370 538 568 618 622 627 751 868 921 943 
7 297 357 379 610 635 756 773 
19 76 154 176 213 291 306 370 399 434 565 613 614 628 672 764 835 849 851 867 
2 735 762 
4 119 384 526 697 
18 68 166 171 229 234 278 309 363 408 412 626 630 639 649 657 812 877 945 
11 118 166 328 452 696 747 848 852 901 933 940 
4 17 556 646 699 
19 19 22 64 73 169 175 198 207 260 262 339 384 413 520 629 696 779 813 946 
6 271 289 373 453 840 887 
5 51 308 347 489 782 
1 423 
14 8 39 100 123 258 274 451 530 552 569 658 758 820 908 
13 131 249 344 396 442 519 524 540 713 766 811 893 939 
19 12 75 82 144 193 215 222 258 335 363 371 471 472 552 688 694 814 830 946 
17 13 35 157 221 261 326 501 606 624 674 685 737 773 817 855 916 949 
20 18 40 65 113 231 240 333 334 379 415 428 431 525 527 543 689 706 724 849 893 
7 274 345 400 716 871 884 953 
4 87 119 120 255 
5 120 192 331 716 884 
12 24 32 290 405 421 494 505 535 647 746 775 813 
7 120 253 474 512 644 943 953 
2 392 575 
6 265 451 456 462 841 924 
9 124 148 281 323 326 521 557 591 885 
19 26 33 44 112 165 257 271 283 311 353 412 416 553 715 739 842 875 913 948 
5 33 139 289 702 844 
8 12 95 376 395 482 625 634 688 
8 87 107 446 572 626 787 798 840 
13 104 142 211 257 285 286 357 358 672 820 867 902 957 
12 40 47 386 444 498 504 581 667 699 706 727 873 
6 142 174 203 633 753 816 
15 114 166 308 355 381 394 396 462 563 636 667 697 761 854 918 
9 263 349 396 587 635 669 777 862 955 
13 147 171 280 320 517 520 556 560 616 634 731 788 955 
2 137 845 
10 147 188 262 294 297 476 492 699 731 764 
2 134 956 
5 11 204 303 348 707 
2 30 143 
11 33 40 213 332 374 588 617 644 717 918 923 
10 37 338 462 508 543 639 651 711 723 883 
13 2 27 67 163 389 390 437 481 560 645 692 713 743 
9 76 121 126 269 446 602 749 815 824 
9 87 226 248 257 372 551 614 619 910 
1 833 
8 206 215 296 320 332 482 620 804 
9 48 98 230 242 492 521 684 703 868 
10 22 210 223 257 534 589 856 867 901 908 
3 59 192 442 
2 115 271 
8 19 58 117 139 326 462 841 873 
3 483 830 929 
17 7 73 139 177 192 203 279 297 429 477 554 574 575 643 776 790 818 
8 28 31 223 362 387 709 729 818 
6 87 334 339 421 750 941 
18 88 185 240 261 274 294 348 373 415 448 546 574 633 680 684 762 805 901 
15 50 65 134 139 167 343 392 441 444 463 464 667 690 732 760 
7 21 130 266 290 475 744 952 
14 50 110 118 179 216 252 459 507 531 544 716 819 834 863 
18 66 158 167 174 176 211 269 309 321 369 371 448 476 564 634 813 838 936 
10 17 92 279 363 446 468 611 799 825 882 
8 34 80 197 404 441 675 683 739 
14 302 311 318 358 367 466 499 520 596 616 664 672 762 949 
19 49 85 136 177 290 315 402 406 468 566 606 612 621 630 649 679 714 888 914 
9 8 19 157 217 231 403 544 896 937 
19 38 87 149 170 172 280 465 583 600 643 658 666 713 720 753 782 818 842 887 
10 29 208 280 373 445 485 578 677 694 734 
17 8 25 185 247 276 280 286 346 369 395 443 514 555 557 641 734 939 
7 141 273 437 499 817 819 853 
6 290 539 627 630 790 842 
20 22 48 104 204 230 248 275 311 339 389 443 508 552 649 659 673 742 786 878 931 
12 228 249 264 416 496 536 559 572 591 603 882 884 
9 76 122 284 330 385 400 417 647 781 
3 74 503 818 
13 86 94 179 219 277 282 400 595 603 614 628 650 755 
17 22 60 65 84 98 165 241 285 326 454 469 475 490 540 720 844 931 
2 723 787 
14 79 98 107 123 209 239 256 270 316 369 427 643 732 934 
14 72 251 309 383 402 406 492 548 722 808 874 876 885 954 
16 6 18 39 84 125 241 264 361 429 479 523 602 759 787 937 940 
11 160 307 356 409 411 445 499 537 616 635 726 
4 134 147 360 751 
15 5 168 304 364 409 429 443 464 476 589 616 701 893 939 955 
7 85 109 131 223 247 333 534 
7 32 135 342 763 852 856 898 
20 91 113 119 226 251 266 306 340 370 409 469 525 641 681 692 732 761 866 889 938 
10 222 304 318 352 550 555 677 800 866 901 
2 776 941 
2 539 901 
3 54 122 808 
4 199 483 694 856 
18 22 31 69 127 147 168 239 358 359 362 366 465 559 625 648 665 807 957 
10 155 215 509 577 605 678 704 828 862 924 
3 111 729 953 
19 60 71 78 113 153 211 321 331 542 628 629 673 731 739 792 880 906 939 942 
13 197 283 316 416 425 435 437 643 686 767 772 871 873 
7 216 411 486 651 720 747 812 
14 11 173 245 247 277 521 547 555 652 800 817 822 842 889 
1 242 
4 110 592 638 950 
13 57 79 352 376 424 471 488 567 585 671 721 907 940 
14 133 170 178 183 192 200 228 277 318 460 760 777 809 912 
18 7 151 152 178 185 274 291 453 458 532 642 672 681 750 791 802 834 877 
13 116 187 225 486 502 508 562 685 705 730 810 828 938 
19 44 48 87 139 204 326 407 421 425 483 489 602 659 788 793 820 824 921 951 
4 212 768 837 905 
8 285 432 537 544 651 732 898 930 
7 45 373 382 406 590 689 947 
14 114 235 299 474 498 552 589 615 624 645 706 742 797 895 
5 165 351 377 626 864 
15 34 75 215 375 420 451 538 558 574 613 720 725 867 936 954 
10 54 71 122 275 457 516 588 616 932 955 
1 701 
10 140 390 408 426 489 652 704 788 789 866 
11 29 74 155 249 267 404 481 569 624 785 836 
9 44 70 122 143 435 584 658 860 926 
5 63 222 588 651 676 
5 177 433 535 874 877 
2 435 836 
10 88 193 196 296 326 513 589 606 788 876 
4 92 296 556 774 
11 26 34 137 150 555 579 643 777 825 875 896 
20 41 51 54 55 62 140 141 152 261 270 320 387 492 588 589 606 691 711 769 938 
13 65 137 244 351 434 502 512 571 582 671 750 762 811 
8 105 367 432 463 464 466 661 933 
15 80 105 125 171 199 241 292 318 367 433 542 738 801 835 856 
11 81 97 189 252 505 526 608 755 862 923 947 
12 48 108 166 233 304 426 485 498 585 666 692 945 
9 12 284 343 426 489 564 784 790 933 
13 54 163 210 290 357 422 485 490 505 651 817 903 922 
16 75 141 187 290 291 318 350 360 392 530 619 661 662 674 818 927 
1 268 
15 87 107 120 159 186 189 303 304 421 647 681 823 868 931 941 
6 82 196 258 390 576 800 
20 37 76 85 151 231 236 319 366 419 438 453 471 590 630 642 708 774 823 872 929 
3 189 583 655 
19 2 29 77 102 128 344 386 394 490 503 556 559 612 655 768 779 826 890 925 
6 244 293 348 866 886 938 
4 275 455 470 899 
20 5 150 192 261 283 286 338 388 416 454 469 487 608 687 698 887 911 917 919 942 
17 29 136 170 175 221 239 244 342 403 478 496 547 601 814 819 823 853 
2 213 362 
9 56 265 266 315 409 663 787 833 938 
7 11 100 167 536 622 928 949 
5 181 205 362 501 890 
16 101 117 185 193 209 275 373 400 536 572 616 718 722 917 929 943 
5 62 628 651 702 931 
3 69 106 943 
20 2 24 71 100 102 172 193 205 314 332 412 497 512 580 590 652 722 728 853 932 
4 233 438 704 757 
16 127 190 229 256 293 379 388 434 573 576 647 652 665 748 750 919 
12 116 165 190 210 331 400 603 630 691 787 861 933 
12 70 74 178 233 322 402 433 496 538 663 783 858 
16 50 120 165 186 193 261 309 374 385 415 475 504 600 704 803 901 
20 16 51 67 141 180 191 335 381 385 423 482 483 555 565 670 759 762 822 872 941 
16 44 118 146 174 253 294 307 446 586 591 592 692 706 740 874 884 
12 63 329 334 360 410 439 654 672 739 828 887 897 
16 10 88 195 243 263 279 358 388 417 515 588 617 625 739 788 876 
18 15 85 280 295 337 341 388 398 452 488 513 522 549 673 698 710 763 917 
11 4 187 367 381 475 780 781 784 788 922 955 
14 22 64 78 86 231 326 486 569 578 617 625 685 753 800 
9 123 144 152 276 539 782 818 834 877 
15 18 49 104 115 178 306 343 349 390 501 542 564 634 641 653 
17 45 50 63 90 99 150 152 187 224 336 337 373 502 553 706 795 934 
10 186 192 235 479 483 530 537 543 646 765 
18 86 87 161 255 315 347 367 369 370 452 590 680 763 815 832 871 925 946 
9 114 155 276 333 482 672 724 737 771 
17 14 42 133 139 170 189 235 269 355 413 446 546 646 668 697 873 943 
16 68 95 219 266 355 360 481 529 545 610 658 685 703 710 760 800 
9 40 96 194 298 545 632 638 656 845 
4 259 477 741 951 
12 135 160 232 291 313 320 336 489 538 628 684 687 
5 73 167 419 691 863 
19 7 77 81 86 300 358 368 376 537 544 575 604 695 738 789 790 822 905 952 
18 15 39 87 90 189 289 300 359 466 471 483 549 554 648 701 783 791 802 
18 114 120 158 159 168 171 193 224 330 421 531 592 642 700 717 780 821 932 
4 97 108 780 781 
6 275 433 630 759 849 945 
1 600 
11 42 132 142 176 191 361 396 516 561 601 749 
11 44 203 269 319 328 337 431 540 635 696 783 
20 3 41 162 240 318 551 575 624 653 679 681 689 709 710 719 741 750 792 796 942 
6 113 229 349 676 725 728 
6 188 244 293 423 521 618 
11 35 79 134 415 427 621 637 666 754 916 920 
9 81 299 571 621 640 671 817 888 895 
8 183 251 406 630 772 815 842 941 
15 98 225 260 347 400 440 477 496 562 635 652 663 698 745 811 
19 40 57 205 237 277 278 294 295 345 379 410 428 440 532 549 651 702 899 957 
13 44 109 115 257 353 441 601 645 659 761 818 872 916 
15 58 73 163 214 299 308 353 406 504 505 510 651 669 763 921 
4 22 229 270 768 
9 19 300 356 405 464 573 698 854 954 
11 81 132 176 317 333 469 482 622 640 857 896 
12 75 142 227 236 303 307 678 694 797 807 830 911 
18 5 117 189 203 284 305 355 411 468 574 634 646 684 721 806 817 879 882 
8 148 176 261 662 716 770 844 914 
14 17 83 108 165 424 552 587 622 644 660 821 836 877 952 
10 27 77 241 252 346 376 522 587 589 942 
12 138 216 219 378 412 480 581 718 736 784 868 930 
14 76 149 177 186 233 271 391 421 629 644 773 782 818 903 
12 41 199 273 326 329 507 553 645 647 788 896 932 
14 17 56 101 170 312 315 364 444 540 612 642 769 779 912 
12 39 161 221 393 403 463 528 533 566 929 939 953 
11 104 287 297 436 657 682 761 789 798 945 947 
15 41 77 149 179 205 336 397 473 495 582 743 744 883 935 945 
16 23 38 45 170 210 274 286 330 345 350 636 665 751 782 788 791 
15 63 120 194 226 324 332 341 372 533 574 604 683 691 729 850 
18 36 45 59 88 237 300 333 377 384 570 584 618 633 652 702 751 793 848 
8 159 249 279 428 535 549 812 856 
14 1 84 107 153 155 216 270 347 379 383 541 620 645 888 
15 12 16 65 90 224 240 298 329 475 504 548 587 688 713 737 
7 74 266 288 372 600 746 843 
5 270 387 390 794 804 
15 86 111 112 208 257 362 431 490 587 621 633 645 668 706 838 
3 249 277 811 
18 47 67 75 88 246 259 344 440 551 584 612 620 648 698 790 899 925 933 
11 67 84 86 94 147 325 464 509 629 809 862 
15 55 74 124 140 225 296 459 508 509 546 655 690 788 792 866 
1 606 
19 38 118 246 277 396 409 420 427 432 439 538 627 749 827 860 866 875 877 928 
5 157 275 420 485 728 
20 31 177 236 257 303 318 382 432 505 589 626 654 674 702 739 786 863 875 920 947 
13 97 170 248 293 596 615 642 702 737 747 893 903 904 
1 280 
6 87 210 276 681 858 946 
5 84 286 580 665 788 
13 8 42 189 198 200 216 385 426 450 495 521 841 948 
2 201 699 
10 59 228 286 330 371 464 485 633 799 813 
4 180 651 942 955 
1 582 
19 2 64 117 137 188 222 238 244 288 383 530 558 579 744 751 829 836 926 949 
3 498 718 726 
11 23 89 167 247 346 391 446 673 744 820 948 
14 38 70 92 184 354 367 376 391 421 441 478 589 813 850 
9 153 216 312 516 574 618 635 651 782 
11 30 45 111 119 195 243 280 391 730 823 911 
8 38 136 232 418 461 568 578 721 
14 101 196 243 245 306 339 358 402 544 702 767 860 937 955 
9 43 77 123 173 609 637 870 928 933 
19 47 101 129 232 283 288 322 337 378 394 395 433 463 586 700 732 742 766 770 
10 16 37 256 307 468 487 496 690 779 844 
10 37 104 109 346 424 541 646 691 737 791 
8 38 155 251 372 550 597 719 940 
8 17 40 43 53 293 315 550 580 
2 55 955 
6 91 118 362 487 816 941 
1 112 
3 705 725 909 
20 3 28 82 283 292 302 415 479 489 492 505 527 553 555 589 628 695 755 794 953 
13 14 86 183 293 561 572 590 592 683 697 772 895 935 
16 187 202 301 373 537 599 637 682 716 836 844 869 874 899 946 947 
19 17 42 61 109 134 147 204 211 275 331 371 474 594 638 642 709 723 925 926 
7 132 218 248 399 488 508 812 
10 5 31 115 129 201 325 334 365 603 616 
12 60 118 221 276 328 393 507 537 568 583 829 936 
14 12 28 49 108 186 190 205 278 376 436 469 570 749 794 
18 10 181 236 321 381 385 386 429 476 506 575 577 604 720 731 810 866 941 
5 73 421 596 609 797 
18 10 47 86 213 249 295 296 350 352 360 574 587 595 669 687 716 732 744 
5 48 51 199 263 398 
5 415 465 496 683 696 
2 207 463 
14 13 128 234 237 293 319 450 516 529 550 695 725 754 842 
13 8 75 81 102 301 343 499 611 648 742 789 791 854 
12 35 48 52 238 324 349 364 515 832 841 929 956 
10 97 246 335 417 466 468 491 566 672 717 
15 40 186 194 373 442 448 482 537 697 750 794 858 941 948 956 
5 41 271 448 520 590 
17 9 61 124 128 146 167 379 380 392 479 571 656 739 749 759 899 902 
9 21 231 272 371 415 510 657 877 899 
13 89 97 208 275 288 302 371 433 619 696 768 906 932 
18 59 104 112 133 180 192 216 289 371 460 547 603 725 727 792 817 876 883 
11 20 203 207 361 377 393 397 726 759 831 873 
4 7 108 325 748 
5 106 146 520 523 552 
16 4 15 97 190 343 374 401 452 469 512 567 577 593 762 792 826 
6 129 441 494 702 750 899 
4 328 610 695 901 
12 39 47 133 185 236 253 337 376 390 415 788 936 
11 21 43 74 115 188 261 279 404 469 733 734 
2 137 265 
3 207 535 718 
18 124 159 169 247 299 311 312 403 415 449 458 560 629 760 878 888 905 916 
7 34 89 107 230 301 418 640 
11 49 175 323 463 530 739 803 814 827 838 883 
4 413 789 829 835 
17 64 100 102 263 274 280 333 341 399 487 575 606 752 771 811 816 891 
20 3 169 182 209 257 306 342 349 469 508 511 532 560 577 678 735 775 829 848 955 
20 142 169 228 232 287 290 330 416 603 624 631 639 664 678 706 734 744 882 920 946 
9 79 95 541 612 639 752 858 883 899 
17 21 42 160 207 247 263 290 423 458 564 580 604 638 700 712 805 915 
3 134 312 327 
17 77 105 204 211 231 270 306 375 447 455 537 608 620 632 675 828 846 
3 120 270 755 
17 67 87 127 169 215 260 290 421 459 473 492 531 688 722 736 795 923 
20 159 198 219 223 296 370 397 425 427 470 472 484 545 599 642 721 732 810 895 902 
19 65 107 344 382 539 562 598 624 657 683 732 806 815 831 862 865 887 890 937 
5 121 492 644 675 926 
3 550 610 914 
14 107 110 113 138 142 328 337 548 640 793 828 879 889 904 
