1000
0 0 2 1 4 0 4 0 0 2 1 5 9 3 0 0 5 11 17 19 8 5 12 19 3 19 25 2 18 24 20 10 22 29 7 24 28 13 1 30 38 28 19 25 41 13 0 45 28 33 45 33 5 14 44 28 8 22 43 57 31 57 4 38 49 43 49 66 59 62 49 36 43 3 41 62 5 31 38 66 63 73 51 75 66 81 69 85 26 3 38 70 39 19 50 67 25 97 78 25 42 75 90 52 63 36 24 107 28 104 66 1 53 82 100 71 97 80 42 91 42 114 55 16 24 40 50 82 51 25 43 73 120 38 79 113 91 93 93 31 34 6 19 48 93 9 64 90 58 43 114 73 7 144 119 46 46 143 42 147 88 131 70 85 152 155 38 49 15 116 131 158 112 172 96 12 111 154 98 89 76 1 46 50 166 148 29 98 101 22 78 134 131 168 180 135 141 196 36 24 85 38 73 186 61 73 65 171 21 199 105 90 204 207 5 130 61 120 159 0 29 10 26 184 202 30 40 112 191 227 29 83 42 145 227 195 179 200 137 239 143 70 65 127 27 84 162 219 88 210 181 127 122 58 63 63 144 170 164 175 104 260 155 203 120 19 211 223 75 86 56 232 117 220 201 166 35 215 221 241 233 257 133 13 34 26 125 169 99 262 283 194 98 126 287 149 269 161 72 67 234 240 122 163 156 263 9 269 150 101 214 2 63 141 257 183 206 286 166 161 237 63 132 51 105 55 318 11 53 60 294 33 85 198 242 223 268 319 175 81 174 119 130 331 324 146 50 269 317 185 92 316 343 13 286 210 171 170 5 49 214 28 271 296 159 65 173 349 161 350 55 309 1 217 123 199 348 140 200 161 16 343 60 74 130 304 161 282 57 62 62 265 346 13 50 136 202 2 244 160 64 376 230 213 20 65 405 104 100 120 268 71 19 177 194 25 137 235 383 126 260 408 21 126 55 158 51 283 104 145 60 149 127 40 183 361 143 287 22 431 37 396 430 172 386 75 71 318 422 92 270 26 75 327 400 258 195 192 412 277 153 136 56 2 389 322 254 431 370 67 416 410 210 82 27 392 290 320 204 226 249 56 363 392 2 39 103 196 246 370 50 467 95 326 343 153 261 439 368 28 347 486 452 235 5 388 262 485 415 374 180 88 440 242 253 51 62 304 147 49 46 282 468 151 492 180 390 445 115 92 404 300 358 414 415 439 19 132 329 407 63 505 299 37 532 24 127 75 305 413 141 295 241 457 79 402 310 446 201 61 2 12 173 460 396 229 10 273 357 449 92 331 257 131 72 168 526 477 425 80 61 78 527 509 558 156 430 131 62 313 306 66 414 532 388 569 33 458 546 267 537 210 560 491 519 271 435 113 286 103 103 177 361 612 168 257 366 241 269 35 451 399 36 26 210 615 493 46 141 215 590 457 7 369 157 344 45 293 167 144 538 1 583 195 233 417 110 378 228 594 251 320 652 280 586 48 643 611 172 22 652 657 498 89 426 562 457 116 13 276 256 671 511 601 617 593 159 126 271 532 322 96 632 587 435 614 333 684 528 347 164 386 197 570 486 478 198 239 76 501 352 203 544 45 293 78 486 354 326 365 344 324 250 588 351 574 114 362 297 21 356 371 572 682 444 637 563 116 378 482 109 443 270 654 90 512 296 13 44 29 734 358 52 649 388 256 149 105 13 25 395 132 159 148 449 463 493 84 127 640 115 381 745 762 670 604 484 70 496 606 88 227 84 139 697 696 635 431 484 462 454 402 28 773 666 773 392 552 219 784 95 376 580 132 298 645 227 545 748 794 640 483 436 719 64 73 752 596 712 32 110 235 261 179 85 341 635 317 118 752 98 572 112 419 596 788 152 169 566 485 685 72 694 159 815 16 102 492 300 44 276 242 430 42 633 627 73 523 330 197 189 264 52 357 58 54 185 478 273 428 43 24 796 48 653 119 711 351 239 118 58 99 783 764 461 618 311 400 447 295 277 483 421 44 421 189 185 170 50 453 303 513 92 865 177 657 556 206 538 21 853 721 202 785 422 585 671 545 139 812 757 542 68 376 856 155 430 141 0 653 293 188 909 420 468 39 869 656 813 623 414 394 421 486 773 215 642 300 327 104 484 689 597 927 843 688 539 86 281 948 381 424 381 118 845 137 784 27 745 305 81 549 644 132 39 410 329 175 643 926 924 417 88 511 34 842 422 605 470 930 311 860 698 719 441 111 365 502 177 391 519 474 692 989 705 391 448 363 0 696 
1000
18 762 767 835 838 846 847 854 858 861 864 881 891 912 915 930 956 958 977 
18 761 762 766 773 808 815 823 837 871 873 875 882 907 908 942 958 972 986 
18 776 786 796 800 801 887 911 914 916 917 928 930 935 944 965 988 993 1000 
18 751 755 762 763 776 805 832 840 868 873 875 896 901 926 960 962 968 979 
18 754 758 768 787 808 830 837 857 872 879 900 910 962 964 973 985 989 997 
15 783 789 791 830 876 890 920 921 933 941 956 959 974 979 997 
18 762 771 780 793 833 847 872 876 892 904 911 950 953 955 965 969 987 999 
19 773 782 785 796 812 814 823 836 846 849 873 887 911 920 945 960 983 986 992 
16 750 756 779 826 830 836 861 867 886 892 915 927 937 942 980 991 
20 754 768 808 829 838 846 857 860 861 871 874 888 891 916 926 932 965 970 976 991 
18 760 770 773 831 848 866 867 872 876 880 881 888 896 897 919 941 942 969 
20 776 783 797 819 833 834 838 860 892 900 918 930 943 946 965 975 979 980 981 999 
18 761 772 774 777 778 797 869 876 877 878 880 882 890 899 925 943 983 998 
18 767 773 796 797 803 821 827 853 866 869 874 877 906 932 951 970 984 995 
17 756 757 765 805 817 820 823 878 882 883 900 938 941 952 967 972 975 
19 750 785 793 794 806 817 849 887 891 906 912 913 917 924 933 938 941 945 949 
19 750 764 779 802 841 859 870 877 884 903 904 915 916 932 933 944 949 953 960 
17 756 765 783 805 831 841 851 861 885 889 916 918 932 959 960 968 998 
19 758 761 765 779 781 828 835 839 871 889 918 919 920 953 958 967 972 992 997 
17 764 767 775 783 801 859 862 869 899 918 930 945 967 976 988 989 995 
18 764 769 797 815 828 843 876 884 886 895 899 909 922 925 954 959 991 997 
18 764 776 803 816 827 857 860 864 866 873 877 895 901 912 924 930 937 952 
17 759 760 761 795 816 847 871 872 873 908 929 938 954 968 974 989 997 
19 759 760 771 796 812 840 858 869 872 875 888 889 893 896 903 924 936 953 973 
18 757 771 787 800 827 831 832 846 880 901 905 915 930 935 945 958 960 982 
18 757 798 813 817 823 836 854 867 874 883 887 901 910 918 951 987 990 994 
19 766 794 799 806 818 823 827 831 848 863 864 881 885 927 928 933 946 974 987 
20 761 770 811 812 813 815 818 819 831 866 876 877 901 906 919 929 935 962 964 969 
20 750 761 763 775 794 799 813 817 822 830 864 872 884 899 903 934 936 941 969 977 
18 760 791 796 798 829 859 862 882 900 922 931 932 956 967 974 981 997 998 
19 757 761 762 787 828 845 853 855 857 868 895 901 930 964 965 967 971 981 994 
19 751 754 764 786 813 819 823 828 841 842 848 850 853 868 892 960 977 983 998 
17 751 768 782 790 841 851 852 854 866 883 919 927 928 974 989 990 994 
18 754 759 765 776 796 819 823 845 847 851 902 905 919 930 949 959 988 989 
16 805 822 829 843 845 850 891 896 902 922 932 942 959 979 984 989 
16 762 778 786 798 812 821 886 897 900 905 929 942 958 965 966 986 
19 753 756 773 783 796 804 805 814 823 850 864 884 885 898 906 929 931 976 989 
19 752 778 788 792 823 831 833 845 850 853 876 910 912 913 927 955 961 968 995 
17 779 787 797 808 863 866 877 896 911 930 931 932 947 968 980 981 996 
19 759 791 807 816 827 845 855 859 875 879 881 885 901 930 941 955 961 964 988 
17 750 752 761 763 772 786 787 791 792 838 883 884 885 925 932 967 977 
19 757 761 795 799 823 830 834 845 880 901 911 913 914 918 925 958 974 981 987 
19 758 759 819 831 833 845 852 864 871 880 902 922 934 948 951 961 966 976 982 
20 764 775 787 797 806 843 855 858 868 893 908 910 927 929 946 950 961 965 983 990 
18 752 775 776 785 790 792 840 842 844 858 881 891 902 910 942 951 959 987 
17 751 753 767 801 805 848 853 878 909 915 932 936 968 971 972 985 999 
17 764 777 784 796 797 806 808 830 831 850 857 879 880 920 939 964 998 
19 760 785 790 793 796 805 806 818 845 861 862 878 880 896 904 908 962 968 981 
20 756 763 765 781 805 806 832 858 872 874 879 886 904 912 922 936 945 975 981 988 
18 777 784 799 809 830 835 849 862 890 914 924 945 950 961 965 969 990 991 
19 757 758 773 775 778 795 816 817 822 861 895 910 916 931 937 941 952 978 979 
18 756 762 775 778 799 813 826 830 832 837 889 893 908 928 935 947 954 968 
17 770 796 821 856 857 872 881 885 904 954 955 968 970 972 975 981 983 
18 752 762 768 793 797 819 855 869 872 874 892 905 911 953 970 976 981 984 
19 752 780 799 801 810 811 821 877 883 886 887 889 912 922 934 962 968 973 977 
17 759 771 775 793 799 805 818 837 840 851 863 881 883 903 927 947 995 
18 759 761 805 808 818 820 827 849 853 864 867 891 906 929 953 956 964 969 
17 764 784 814 830 848 859 866 876 882 886 887 892 894 901 937 955 993 
19 751 780 783 788 830 831 850 868 884 891 925 939 954 970 972 980 986 993 999 
17 751 786 793 797 832 836 837 856 858 879 888 893 896 914 923 969 980 
20 759 768 774 781 795 801 811 818 824 844 853 861 879 896 904 929 952 958 964 971 
20 775 778 782 809 811 815 845 854 862 863 868 880 912 919 924 933 949 950 964 990 
18 778 798 802 811 832 845 870 873 877 887 904 911 913 934 969 973 984 987 
17 764 778 784 797 802 806 815 861 877 880 882 903 907 917 931 933 943 
18 757 770 781 790 820 822 870 879 893 898 902 912 916 921 953 978 985 994 
18 759 763 773 777 786 788 811 828 835 863 888 900 919 934 935 936 962 996 
19 779 792 793 801 823 829 831 843 844 866 889 903 908 915 916 923 924 963 977 
18 750 759 802 807 808 810 819 826 834 876 889 890 891 907 913 933 946 996 
17 753 778 785 788 802 804 835 860 862 906 915 946 950 984 989 998 999 
18 818 828 847 849 872 875 876 894 910 919 932 951 955 971 978 979 984 985 
16 804 811 817 877 882 884 904 912 920 930 936 941 967 971 973 979 
19 777 802 817 826 834 844 851 859 888 890 893 921 941 949 954 965 979 994 995 
18 751 762 764 770 826 827 845 847 871 886 892 897 899 916 923 954 965 987 
19 767 769 815 827 829 843 847 848 858 863 867 912 918 919 933 966 975 990 999 
18 754 791 801 811 833 840 855 862 868 883 899 905 918 923 931 957 973 993 
18 756 761 769 812 824 825 828 861 863 871 874 906 922 928 936 947 948 997 
20 753 760 771 805 807 809 824 855 874 876 884 887 897 900 908 916 933 963 967 969 
17 760 771 773 790 802 809 859 861 869 880 890 898 899 913 916 944 973 
19 755 807 811 820 824 835 837 846 869 896 906 909 915 920 933 948 963 964 970 
19 762 782 785 794 815 816 867 874 882 897 907 918 929 945 946 953 961 985 999 
19 759 771 775 777 778 789 794 848 853 886 891 904 909 912 914 933 945 969 982 
20 762 796 803 810 811 812 844 851 853 855 865 868 869 892 893 902 960 965 969 1000 
20 782 807 852 876 879 881 899 902 909 912 923 926 935 937 952 956 964 965 976 985 
18 781 785 788 793 795 796 800 811 813 821 823 830 880 916 933 956 966 986 
19 752 758 773 796 821 832 833 837 839 851 856 864 930 935 937 948 951 973 1000 
16 752 758 769 772 797 818 871 879 884 897 908 913 921 967 972 989 
19 753 760 773 774 779 787 797 803 816 867 872 888 909 927 949 953 958 991 992 
18 774 797 804 815 821 828 850 868 908 917 920 921 929 935 941 962 972 984 
18 756 757 760 767 781 792 800 817 838 859 879 887 902 921 949 967 969 997 
18 750 755 756 767 778 807 817 824 837 866 892 895 906 918 935 943 949 951 
19 768 776 785 786 788 790 794 801 802 810 872 903 924 933 945 951 957 976 990 
18 756 771 791 798 806 823 838 842 855 886 898 926 942 943 950 955 969 973 
18 754 772 784 785 788 792 793 802 827 847 872 887 916 923 937 940 984 987 
19 766 787 800 814 839 847 853 861 862 912 922 925 942 956 960 962 985 996 997 
20 761 790 802 812 815 816 827 832 837 841 846 860 878 883 919 924 936 947 979 997 
20 760 764 775 790 798 839 852 864 869 877 880 881 882 900 916 924 931 933 944 992 
19 778 783 787 791 794 821 825 836 855 861 868 874 875 914 915 921 928 937 997 
19 755 767 769 779 788 795 831 842 864 880 881 884 889 913 916 936 955 978 995 
16 764 767 791 793 815 856 859 863 885 905 924 933 979 992 996 999 
18 760 765 786 797 799 814 818 823 849 854 863 879 890 901 949 959 972 995 
16 763 765 771 780 802 823 825 867 873 889 913 931 954 957 975 992 
19 759 765 767 774 777 804 820 838 843 848 854 889 902 905 960 970 972 979 980 
18 758 803 825 826 828 832 839 840 847 859 860 870 879 903 912 933 978 994 
18 760 771 783 795 797 819 822 828 830 855 864 867 876 916 922 944 987 996 
17 763 766 784 816 821 822 886 889 909 919 933 934 939 945 969 990 1000 
19 758 765 786 789 797 803 864 886 893 904 912 918 925 931 946 954 958 984 998 
18 756 758 792 807 819 839 848 851 853 858 862 884 927 929 938 942 958 967 
17 750 784 812 816 837 839 842 855 859 863 864 868 931 935 952 953 972 
17 779 789 790 800 810 839 853 868 901 905 923 944 950 954 977 978 985 
17 750 766 773 789 806 821 839 844 849 862 871 874 936 965 984 991 997 
18 755 762 772 780 811 832 840 865 870 875 877 909 927 929 949 969 972 999 
18 772 831 857 865 879 880 895 902 909 934 951 955 967 976 980 984 986 997 
18 753 768 774 779 794 819 824 849 860 863 881 882 891 916 930 940 954 982 
18 761 763 768 778 781 802 811 821 851 855 878 882 937 952 978 982 994 995 
18 769 786 802 829 833 861 865 870 876 894 901 923 931 938 946 957 988 990 
18 750 765 777 780 820 835 858 870 872 874 881 883 927 976 978 983 997 998 
19 751 758 797 817 829 852 856 858 860 879 881 898 901 928 930 959 964 982 993 
19 754 767 768 777 791 805 817 845 882 905 911 924 929 930 945 951 952 974 989 
19 752 760 765 782 789 802 810 850 865 892 893 907 921 926 945 946 959 967 992 
20 770 774 775 814 834 835 858 865 890 906 908 913 916 931 934 937 952 968 978 1000 
18 755 763 766 774 780 785 788 798 805 835 839 844 869 891 896 941 974 985 
16 758 771 787 797 799 863 891 905 918 927 937 943 946 948 952 991 
19 751 779 790 791 797 801 815 830 855 856 864 888 907 908 911 912 968 970 990 
18 759 761 771 785 834 850 859 864 866 887 894 912 913 920 937 941 970 977 
19 752 761 776 797 805 815 831 836 859 860 861 870 893 894 916 960 975 986 988 
19 758 791 803 822 829 838 846 866 869 881 894 898 919 936 967 978 981 989 991 
19 752 759 771 794 796 813 828 833 854 895 904 918 959 971 977 988 991 994 1000 
18 764 778 791 797 818 823 828 845 858 865 867 880 893 896 920 969 976 992 
19 781 809 810 813 829 848 851 859 869 889 891 897 907 913 926 927 946 996 997 
19 764 777 789 807 818 822 826 842 890 930 935 944 954 965 966 969 978 988 990 
20 779 787 795 802 825 849 851 855 865 869 883 886 887 890 924 943 946 948 957 984 
17 808 818 835 862 865 873 891 903 906 908 920 928 951 978 981 982 992 
18 754 763 766 769 770 795 801 812 825 827 838 842 924 943 969 973 974 983 
18 777 784 785 837 857 885 892 893 899 900 904 910 927 944 949 966 973 993 
18 757 782 784 798 801 851 852 857 859 864 879 887 893 927 940 948 955 989 
19 770 786 808 826 829 841 843 854 863 881 893 911 926 927 940 942 945 980 1000 
18 770 784 791 796 803 809 817 829 879 904 912 919 922 943 949 963 968 993 
19 751 758 803 893 896 904 914 926 934 936 957 960 962 964 970 974 979 982 998 
19 755 763 789 804 829 850 855 858 878 884 911 918 948 967 972 975 978 980 984 
18 759 764 781 786 813 822 825 835 838 839 882 890 893 896 905 912 988 992 
16 771 804 806 810 821 831 835 841 853 876 890 916 929 964 972 1000 
19 772 775 782 827 842 852 854 856 869 883 900 912 923 925 928 943 957 984 990 
20 768 771 776 782 800 818 827 830 848 870 872 894 916 920 960 963 965 975 986 992 
18 751 766 773 794 807 808 829 859 860 867 880 882 920 923 942 981 989 999 
19 758 807 814 816 849 878 900 908 913 917 924 930 934 945 958 971 972 982 992 
17 770 791 792 796 806 819 845 855 859 868 876 880 886 895 909 913 984 
19 758 768 779 784 809 859 865 870 880 906 910 946 956 960 978 983 990 995 997 
19 753 789 792 817 826 866 877 881 888 891 899 900 901 905 926 948 980 992 1000 
18 750 757 777 787 792 798 828 842 853 878 882 888 908 922 924 946 970 997 
19 755 766 813 823 851 861 880 904 920 934 935 941 942 954 956 957 964 973 991 
17 751 779 793 807 833 835 839 845 877 903 911 922 944 962 965 967 991 
19 764 778 812 827 847 849 859 864 867 869 881 893 897 914 935 938 940 966 992 
18 759 762 769 771 776 794 841 846 851 865 893 894 933 936 968 980 982 987 
18 753 777 778 785 787 791 798 801 820 823 842 844 891 896 904 905 962 964 
19 755 756 795 800 824 839 849 858 863 872 880 890 918 924 925 935 955 960 967 
18 759 760 771 806 819 826 829 856 860 864 876 877 943 946 958 975 981 993 
16 767 769 778 779 810 830 861 907 911 915 942 954 967 968 983 989 
20 770 785 816 818 827 849 874 901 917 919 930 932 939 945 966 970 973 974 981 983 
19 774 776 801 818 822 864 865 883 885 902 914 928 929 934 946 949 952 990 997 
19 757 761 762 774 782 794 817 821 846 849 859 869 874 912 957 968 991 996 997 
19 758 760 764 776 779 785 793 827 838 893 918 925 949 950 965 980 982 997 998 
16 753 760 772 791 839 850 857 861 863 882 918 952 956 961 976 987 
17 761 768 771 780 799 886 896 903 913 919 945 953 976 977 981 989 992 
19 768 770 783 797 798 802 823 832 860 888 895 919 926 931 948 950 952 990 995 
18 753 763 795 796 805 837 865 868 877 882 910 911 918 933 947 977 980 981 
18 767 786 814 815 817 838 848 888 899 905 921 935 939 946 951 962 974 987 
19 762 787 796 811 829 847 867 870 878 896 910 913 928 932 938 946 970 975 985 
18 759 779 786 803 821 823 883 901 904 927 935 946 954 961 964 969 971 975 
17 752 766 770 781 791 792 813 826 831 868 879 894 934 940 953 961 978 
17 779 785 800 825 851 856 865 934 937 950 956 959 962 963 970 980 990 
18 762 773 774 804 838 846 850 856 894 900 907 909 923 925 929 941 957 996 
19 762 765 774 806 810 838 843 848 852 888 897 913 918 927 935 955 970 972 976 
18 777 793 827 830 841 848 859 864 879 887 899 904 915 938 952 992 994 1000 
19 751 766 780 799 824 837 840 866 869 886 895 914 925 935 936 937 947 981 988 
18 768 773 778 811 813 827 853 880 888 908 910 925 929 938 956 958 960 961 
18 755 770 778 819 832 852 879 886 893 896 897 901 908 931 943 961 996 999 
17 768 785 790 793 797 813 836 859 872 886 892 899 936 938 944 950 993 
18 752 760 774 809 810 820 853 854 865 871 889 893 899 921 925 939 958 983 
18 774 790 817 834 840 848 867 886 904 905 912 915 922 934 939 981 995 998 
17 751 769 790 794 795 833 861 867 872 896 917 941 945 962 979 980 990 
20 750 781 787 790 797 799 827 832 844 864 904 919 927 929 932 937 961 975 977 983 
18 764 767 771 773 774 775 777 813 832 864 881 905 947 961 963 987 990 993 
18 764 775 777 796 802 803 826 842 851 855 864 883 900 908 929 939 940 983 
18 755 787 808 824 827 836 848 849 852 857 877 883 903 908 929 945 966 999 
19 754 773 810 812 834 838 846 856 859 871 884 911 934 944 950 953 955 973 1000 
16 757 758 805 810 833 844 860 883 906 907 925 929 952 963 996 1000 
19 754 766 778 817 827 851 862 869 879 889 891 894 909 925 929 940 947 963 971 
18 756 782 804 809 846 855 857 872 888 902 924 939 955 956 963 972 984 993 
16 791 799 804 823 854 869 875 887 899 908 936 941 942 960 963 973 
18 751 769 785 807 810 843 871 877 884 887 912 923 924 941 952 981 987 999 
20 770 778 782 784 795 796 800 812 820 834 839 865 886 902 905 928 929 933 943 959 
19 753 764 798 806 834 883 885 897 905 907 914 927 940 950 951 967 970 978 996 
19 775 785 789 796 808 810 886 888 890 901 904 914 924 926 948 958 983 986 994 
20 776 781 790 794 795 798 808 814 815 846 897 901 933 947 963 967 970 971 998 1000 
16 753 775 793 802 804 807 818 845 896 907 933 953 964 976 984 999 
19 750 773 785 786 803 822 826 833 844 853 857 876 887 922 939 941 965 966 976 
19 751 769 770 773 778 795 805 839 846 865 901 902 903 910 937 957 964 977 994 
18 750 780 793 799 817 821 835 868 879 898 903 914 917 933 937 945 948 980 
20 773 778 779 787 793 794 797 802 813 816 820 836 838 856 881 896 901 927 929 950 
20 759 764 783 787 820 837 838 852 857 868 880 882 899 926 930 935 960 979 980 992 
17 751 792 815 819 823 842 854 857 867 874 875 886 908 922 924 930 955 
17 752 795 799 821 847 852 863 867 876 884 887 890 905 923 935 936 945 
20 750 751 767 769 776 777 788 794 795 797 835 876 877 893 899 903 927 933 937 987 
17 752 782 808 815 821 837 844 853 868 903 908 919 941 959 966 974 986 
19 754 758 806 815 824 834 865 881 891 896 908 909 934 945 957 958 964 966 986 
19 750 760 788 792 821 831 832 850 865 867 911 920 922 932 940 941 962 966 995 
18 767 782 817 829 842 860 863 865 877 893 938 954 960 961 966 967 988 993 
18 750 763 794 815 834 853 855 887 898 914 925 927 928 930 945 965 976 984 
20 760 762 775 798 800 807 811 831 833 836 860 874 879 884 889 896 921 962 997 1000 
20 766 767 779 791 806 815 819 821 843 852 867 877 886 898 902 924 951 956 980 989 
17 750 768 789 802 814 837 852 868 882 892 918 934 966 981 984 985 988 
19 754 757 789 790 792 818 830 856 864 868 870 893 909 918 926 950 979 992 997 
17 767 798 812 814 846 859 868 877 888 936 939 964 978 985 987 991 999 
17 757 764 771 800 816 817 831 837 839 840 873 912 939 954 964 973 982 
20 754 758 772 806 817 843 858 888 891 916 922 925 938 943 946 951 955 976 978 994 
20 753 761 762 781 819 831 841 845 848 864 867 870 894 920 946 948 962 977 983 993 
18 750 765 771 782 804 810 821 834 852 855 869 872 898 924 937 950 962 983 
18 763 775 806 813 835 854 873 908 913 916 955 966 967 980 984 986 990 994 
18 752 773 780 782 784 830 845 857 863 866 899 900 934 945 949 964 984 996 
18 753 762 774 783 823 832 834 871 891 900 907 911 953 955 959 980 986 988 
18 752 762 775 828 836 843 844 849 850 867 874 884 940 944 952 964 966 988 
19 752 771 775 785 803 807 823 838 879 907 919 931 935 939 945 963 975 977 993 
17 751 760 762 789 804 816 817 846 857 858 868 871 873 905 960 963 973 
18 769 779 785 818 825 837 844 862 872 877 882 888 955 958 966 979 981 995 
18 759 775 790 810 812 837 840 858 859 865 911 921 924 938 956 965 983 988 
18 750 767 775 789 811 829 852 861 863 866 867 889 901 934 955 989 994 995 
19 804 808 816 843 849 851 856 878 880 881 898 917 922 923 927 983 985 986 992 
18 757 759 769 773 791 792 798 815 860 866 867 876 905 906 925 937 953 968 
18 750 765 767 771 775 794 796 802 824 855 857 926 930 934 963 972 988 999 
20 750 770 782 784 785 794 804 806 811 825 842 863 919 925 926 929 942 947 952 999 
19 768 778 781 789 837 844 851 857 869 882 894 897 903 904 935 938 951 956 965 
20 756 762 803 824 825 840 844 853 856 859 868 895 904 912 918 926 962 971 976 986 
17 782 793 807 836 842 851 886 909 914 938 945 960 980 986 991 997 999 
18 772 782 789 796 830 833 846 884 897 904 917 919 927 957 976 977 989 997 
19 759 802 804 825 832 859 863 867 888 917 921 935 970 973 974 985 992 997 998 
19 759 763 787 790 794 821 827 832 833 841 871 877 887 950 965 972 975 993 999 
17 778 815 822 842 843 847 877 896 900 909 923 936 966 968 979 980 981 
18 751 774 800 809 820 833 835 854 859 875 885 897 902 976 977 991 998 1000 
18 762 768 773 784 808 813 814 815 816 826 852 858 892 918 935 937 959 974 
20 753 802 818 822 865 871 903 920 942 944 949 954 956 966 967 969 970 976 981 995 
18 751 757 758 762 766 779 783 814 856 890 905 910 917 924 938 961 962 987 
20 756 764 766 805 807 848 858 877 889 900 903 930 938 941 945 947 959 965 976 993 
17 750 755 763 784 808 815 841 861 863 866 896 898 935 961 984 985 987 
19 763 764 790 808 827 831 841 842 851 853 887 895 919 921 931 932 952 968 990 
19 769 785 790 800 811 837 839 865 869 870 878 887 896 919 933 937 941 958 963 
18 778 781 785 791 812 823 825 878 882 887 896 928 946 955 959 968 996 1000 
18 759 781 808 847 861 865 874 875 887 889 891 893 909 914 954 968 969 988 
20 758 769 785 791 796 801 802 816 848 850 861 895 899 900 916 922 936 979 993 999 
20 751 754 774 775 816 817 818 828 830 837 848 849 866 868 890 895 945 956 964 996 
20 755 758 762 771 774 827 839 850 853 871 879 880 902 923 927 944 953 970 972 987 
20 758 772 775 788 820 847 849 859 865 871 880 892 893 901 911 930 936 938 968 971 
18 787 809 813 862 863 865 880 894 910 948 951 953 958 965 966 971 982 985 
19 751 753 755 769 786 815 819 853 858 863 889 945 950 951 972 974 975 979 989 
19 752 757 772 775 792 812 824 830 841 848 873 904 929 931 948 957 971 973 992 
19 802 806 845 850 860 865 868 879 880 884 902 916 921 924 925 937 941 959 973 
18 762 770 774 775 779 788 795 842 843 864 871 905 911 923 930 956 970 986 
17 760 781 794 800 814 843 864 869 883 893 909 921 930 934 954 971 985 
18 754 757 759 772 778 803 812 847 850 852 874 877 899 934 967 968 987 999 
18 770 788 789 833 840 843 846 864 871 907 910 915 927 946 967 977 982 987 
20 757 759 774 793 799 819 835 838 855 877 896 916 924 930 967 972 975 980 991 993 
15 759 764 784 785 811 830 832 868 878 885 893 901 908 929 989 
19 786 787 800 815 831 832 833 835 851 858 884 894 898 910 976 979 989 998 999 
18 765 772 786 802 832 841 882 884 886 896 898 907 911 920 923 948 969 972 
17 769 809 815 832 845 847 848 854 894 896 907 921 942 954 973 979 980 
17 757 770 784 804 810 819 824 827 832 856 881 933 944 965 974 975 990 
17 798 807 826 837 842 848 850 894 898 900 906 913 934 950 959 972 982 
20 753 761 788 794 812 813 829 830 831 837 860 889 892 909 917 927 935 965 968 981 
18 751 758 760 802 809 834 843 870 875 883 889 897 931 967 985 986 990 999 
18 760 769 774 776 780 813 861 868 879 881 901 905 919 950 956 959 971 989 
18 752 756 758 764 794 804 813 833 845 866 872 897 911 919 923 946 968 982 
18 766 781 796 811 815 824 825 833 834 872 889 893 938 939 941 949 978 993 
20 763 764 769 790 827 835 837 848 893 905 912 934 939 958 967 973 987 993 997 999 
18 759 771 776 794 796 829 836 840 843 855 856 872 909 939 941 956 961 984 
20 756 779 782 823 824 830 831 842 858 860 873 882 895 899 900 915 944 961 983 988 
18 761 776 778 782 808 817 830 860 869 875 877 907 910 924 927 961 982 995 
18 756 778 784 814 828 830 837 871 886 892 894 898 916 930 970 977 987 994 
16 751 755 758 783 787 800 877 889 894 906 942 945 948 969 994 998 
19 762 772 781 786 792 819 821 824 825 830 834 844 869 885 935 969 993 994 996 
18 752 769 786 794 839 844 846 881 889 896 906 928 938 961 963 966 992 998 
19 762 783 789 808 810 815 835 847 858 863 867 879 887 917 919 939 953 988 998 
18 774 799 803 809 812 815 819 821 826 863 871 877 883 927 941 955 966 996 
18 750 756 760 790 799 840 876 891 894 905 917 922 935 942 947 968 983 988 
19 752 770 774 788 797 871 873 879 886 895 901 919 939 945 962 970 974 983 995 
17 795 800 822 856 857 863 865 885 905 921 924 943 946 950 961 977 987 
20 788 803 811 826 837 865 881 900 901 903 914 919 926 943 946 953 957 975 977 988 
16 809 824 834 837 853 868 894 895 934 941 942 957 970 974 981 987 
20 758 759 762 763 783 788 794 797 810 840 847 856 858 874 886 917 923 940 966 991 
19 761 774 777 814 839 851 870 897 898 902 907 911 916 921 938 949 959 988 989 
19 782 792 802 803 825 845 847 877 878 885 888 892 903 916 930 934 972 983 987 
18 788 789 816 819 822 830 849 880 885 899 925 935 936 948 953 984 985 986 
19 751 760 769 777 793 823 825 830 847 848 859 873 919 938 949 954 976 991 993 
18 779 803 807 808 832 833 836 876 877 881 915 937 948 950 952 957 971 972 
18 768 774 776 789 809 823 825 877 879 913 915 930 937 951 954 963 985 988 
17 768 776 784 785 789 797 804 825 854 889 897 900 906 909 913 931 951 
16 782 790 813 835 857 889 897 907 914 916 934 955 967 972 982 999 
19 765 779 789 792 793 825 861 876 877 879 884 905 923 924 931 943 951 954 965 
17 751 759 760 763 850 872 878 887 920 939 941 943 946 965 977 981 995 
17 782 792 795 800 849 853 854 859 888 899 904 909 920 942 953 958 969 
17 796 799 813 818 845 850 856 884 907 916 917 939 961 965 966 985 986 
18 750 761 773 774 812 827 830 858 865 885 895 901 910 912 918 944 955 957 
19 752 763 779 790 793 809 827 839 851 854 863 865 870 885 891 898 905 935 958 
18 773 783 808 838 854 862 863 870 872 885 906 915 920 931 938 942 954 973 
20 762 769 807 809 810 835 849 856 873 875 889 891 898 900 919 921 929 934 962 972 
19 753 755 764 782 809 813 830 832 840 842 845 867 882 897 906 923 930 942 991 
19 791 802 806 808 810 818 820 824 831 843 869 890 937 942 956 980 983 991 994 
19 780 785 786 796 799 805 813 815 886 889 893 900 916 937 939 964 981 984 985 
18 761 785 822 830 855 862 877 885 915 919 942 948 952 967 968 980 995 998 
17 759 762 780 788 797 818 821 832 847 856 953 960 966 976 979 985 995 
17 755 766 779 827 829 837 855 866 874 891 917 918 926 928 945 950 983 
17 759 767 772 782 796 800 811 817 834 857 885 896 914 925 937 954 984 
18 757 771 782 785 798 805 811 816 850 865 895 931 934 946 963 985 994 998 
18 777 804 824 832 851 864 874 877 908 916 920 931 935 942 969 977 980 992 
18 754 773 774 777 779 820 826 827 830 838 843 853 863 880 955 965 969 991 
17 754 757 760 773 779 794 821 858 859 876 905 919 939 942 952 986 993 
20 750 756 763 783 826 840 845 863 877 879 898 905 906 960 961 970 988 993 994 999 
18 768 798 800 803 805 806 817 831 834 853 881 895 903 911 940 968 977 982 
18 750 754 769 778 779 787 789 803 808 818 820 840 882 909 929 939 943 947 
19 761 770 773 787 794 802 809 823 832 861 898 900 913 937 956 959 966 967 998 
19 758 767 780 789 811 819 821 825 833 845 846 882 888 914 936 938 940 951 962 
17 756 761 776 811 823 824 825 849 853 867 922 951 959 962 963 976 989 
18 765 783 810 817 832 848 851 864 887 889 894 908 932 947 951 976 982 996 
19 756 762 780 785 799 820 839 888 916 934 939 940 944 948 970 975 988 996 998 
19 755 769 770 828 838 860 887 896 920 935 938 940 949 951 954 967 970 996 999 
15 750 789 793 795 797 815 925 933 954 958 959 961 963 977 979 
19 770 788 790 799 800 836 848 861 863 892 908 946 952 962 969 983 986 991 996 
20 760 767 773 779 797 801 825 828 836 854 863 874 886 901 916 922 946 962 992 1000 
19 767 771 785 799 800 814 837 878 883 887 910 918 926 929 936 941 952 967 980 
17 751 765 778 780 783 792 794 797 807 816 829 862 871 893 920 922 986 
20 765 768 780 787 797 838 845 846 847 849 865 873 894 904 922 923 934 947 972 973 
20 752 760 761 763 769 776 798 803 816 824 829 833 836 870 879 928 932 937 989 996 
20 754 757 766 770 777 799 813 815 842 843 850 858 863 874 885 913 945 951 955 990 
17 755 776 777 793 801 820 822 836 856 858 872 882 902 928 955 962 1000 
20 763 771 772 779 785 793 823 826 841 850 853 875 885 896 916 934 950 954 990 996 
18 769 783 787 800 801 808 812 821 822 838 842 852 853 862 864 895 918 928 
19 753 773 781 800 814 831 859 871 904 908 921 937 963 968 972 974 976 984 997 
18 753 772 776 786 790 801 809 818 846 856 870 880 909 915 918 955 977 983 
19 790 794 798 799 822 826 829 842 844 845 850 851 855 893 906 957 976 982 989 
17 794 799 808 820 843 853 862 889 892 894 903 923 940 964 971 975 982 
18 750 755 766 767 772 785 788 795 801 826 866 877 890 911 912 956 962 968 
20 760 767 774 778 786 788 789 792 810 852 871 876 885 933 934 945 964 966 982 992 
19 765 804 805 810 830 834 838 842 846 849 855 873 879 912 925 950 967 970 986 
19 753 764 778 802 806 825 843 868 875 877 885 901 932 934 939 969 986 988 996 
20 759 773 787 793 814 815 830 836 853 876 878 890 901 907 915 923 939 973 986 997 
19 756 776 779 782 791 804 812 832 848 868 877 884 896 898 908 927 938 942 955 
18 750 759 773 836 837 861 873 877 879 885 904 909 912 934 956 969 983 1000 
19 751 777 794 843 845 860 876 913 917 927 943 952 957 967 982 992 993 999 1000 
18 762 807 832 852 864 882 888 890 897 929 930 938 950 951 971 974 975 978 
18 753 778 780 783 790 795 799 833 836 846 857 874 881 906 914 923 936 967 
19 778 807 818 824 825 826 828 838 847 884 902 911 914 915 939 941 956 961 987 
18 751 788 791 843 852 859 860 866 873 883 886 910 923 925 936 940 971 972 
17 803 805 819 823 830 857 873 881 890 905 909 913 922 942 965 984 986 
20 770 776 782 818 859 895 899 904 909 913 922 937 948 949 951 954 966 979 990 996 
17 762 771 790 815 818 826 860 866 869 874 922 923 940 952 960 970 988 
20 760 791 802 819 820 822 844 854 873 880 881 886 889 904 922 932 970 973 982 983 
18 757 760 791 811 837 864 876 889 892 910 914 916 936 946 950 951 959 993 
18 763 787 822 836 874 886 895 900 903 905 916 925 929 936 946 973 990 999 
19 778 796 825 835 857 865 881 883 905 913 919 920 933 939 947 950 965 991 996 
19 760 765 777 791 796 815 818 819 873 878 902 903 918 937 939 950 956 981 1000 
19 760 786 810 815 824 832 850 852 853 871 878 900 923 929 934 940 955 984 997 
19 750 753 758 764 785 798 803 834 843 863 867 869 873 890 894 943 950 969 990 
19 759 761 808 830 833 836 838 845 861 898 906 917 920 942 949 971 981 982 983 
19 755 768 787 797 805 809 814 828 834 866 884 921 944 946 959 963 980 987 995 
20 769 776 779 786 792 806 814 815 853 860 874 892 916 921 925 941 945 957 970 997 
18 750 756 760 772 773 778 826 862 863 873 883 894 908 934 944 971 973 994 
20 774 785 787 788 804 875 877 882 883 889 890 897 904 912 934 936 937 963 977 978 
19 782 784 806 827 828 835 863 866 875 884 890 896 901 911 926 927 952 962 988 
18 753 765 770 771 782 785 786 812 824 834 835 852 857 859 928 983 986 988 
18 753 770 784 791 804 811 814 831 845 860 886 917 920 921 939 979 982 986 
17 759 769 784 797 800 806 837 839 850 852 855 900 901 921 930 979 992 
20 750 752 754 755 765 789 812 839 849 867 874 878 881 882 908 920 922 966 978 990 
20 756 767 779 786 787 803 814 828 844 845 851 884 910 911 918 925 937 947 956 974 
18 762 774 787 792 802 818 827 828 835 867 885 911 927 941 979 982 990 997 
20 764 765 785 804 805 811 839 866 869 880 882 906 908 930 931 941 952 965 983 990 
19 752 760 794 797 809 844 845 863 866 872 894 919 933 934 956 971 974 986 998 
20 753 755 771 808 816 825 831 851 858 868 888 890 916 935 948 966 968 974 991 999 
18 756 808 812 827 838 843 845 853 865 867 870 876 887 903 935 971 977 986 
19 767 769 782 790 807 836 842 849 851 863 864 876 930 954 955 967 996 998 999 
20 773 782 801 816 821 827 828 843 866 868 891 893 907 912 913 919 945 955 994 997 
19 755 758 762 804 848 858 871 877 906 913 924 958 959 960 962 970 971 984 986 
19 757 773 796 800 803 844 848 878 896 898 904 907 919 929 954 961 968 983 986 
18 759 772 776 781 788 800 809 815 841 860 885 890 899 900 902 931 933 957 
18 762 769 787 799 807 834 858 859 864 866 873 882 884 893 900 931 936 948 
18 756 759 773 786 804 830 833 852 871 877 888 922 948 954 959 966 980 989 
18 752 755 783 801 814 820 822 831 835 878 898 904 908 927 957 965 991 998 
19 780 786 794 798 838 839 846 848 850 902 924 927 932 953 965 967 971 981 991 
19 768 779 780 788 791 804 814 818 836 844 870 911 920 928 932 938 939 945 975 
18 752 761 770 775 777 785 794 824 828 829 833 839 849 855 863 892 977 991 
19 753 761 765 800 821 837 844 849 858 866 905 911 951 973 980 981 984 996 1000 
19 791 795 809 815 817 838 839 853 859 861 870 879 914 918 925 948 952 971 993 
19 753 754 765 786 806 809 810 816 818 824 826 868 869 880 893 902 918 930 976 
19 764 793 804 810 818 819 825 840 841 858 860 861 862 863 905 912 925 961 962 
19 755 762 793 796 823 847 858 862 863 885 889 893 915 931 956 957 958 961 966 
19 765 766 775 778 786 799 800 805 810 819 826 838 844 852 857 893 934 957 972 
18 752 753 756 797 834 858 863 871 872 879 891 892 928 944 955 958 974 998 
20 776 813 816 823 834 846 852 877 891 892 923 924 940 942 948 953 963 972 976 982 
19 755 770 781 782 785 796 798 853 868 872 874 875 878 887 917 936 954 962 990 
19 751 752 765 773 774 838 841 863 869 883 914 931 934 939 943 946 951 953 960 
19 758 759 768 790 806 828 840 849 863 884 890 891 913 914 919 930 979 987 989 
18 752 799 806 813 820 829 832 834 842 847 879 882 892 898 925 946 959 991 
18 750 783 821 833 858 863 899 901 934 940 944 948 949 952 954 981 991 992 
19 755 756 770 785 795 818 833 844 864 900 905 921 953 956 963 971 992 998 999 
18 772 798 803 812 814 832 853 870 887 921 922 926 928 951 952 954 963 981 
18 807 810 812 827 851 882 892 894 896 897 899 908 914 917 938 945 980 984 
19 778 780 791 794 804 805 826 854 862 878 905 908 934 937 952 968 971 976 1000 
18 771 785 807 814 820 842 853 858 864 869 884 885 915 949 961 968 987 997 
20 771 782 784 797 798 858 860 861 863 870 880 901 902 917 951 964 966 978 980 992 
19 766 768 812 859 868 872 880 894 900 905 906 907 921 936 941 955 983 984 986 
18 756 763 779 787 793 795 798 799 833 836 866 868 900 901 927 954 963 997 
18 765 786 802 822 857 870 877 888 894 895 901 913 972 974 975 979 981 987 
17 772 785 790 794 831 840 849 860 866 890 934 952 960 976 982 984 987 
20 760 763 776 797 805 810 813 833 835 844 846 848 854 857 887 911 931 945 958 988 
18 752 769 789 797 819 849 860 864 882 887 894 903 913 935 937 956 958 966 
18 800 806 818 823 830 848 867 902 912 915 917 920 924 936 965 969 973 992 
20 756 759 778 797 798 817 843 870 875 917 923 938 939 961 977 984 986 989 993 999 
20 758 765 783 798 811 814 825 834 842 868 892 904 912 917 928 937 938 961 993 996 
19 752 759 769 778 779 782 844 853 871 876 879 884 895 899 908 920 930 958 984 
17 764 771 772 780 811 820 862 894 896 906 918 920 929 930 964 990 998 
18 750 753 806 816 823 832 844 854 864 876 888 901 938 954 956 970 971 975 
17 757 765 780 781 794 809 815 823 824 893 905 947 952 963 976 993 994 
19 759 761 762 785 820 838 841 853 871 872 884 914 954 962 970 973 983 984 993 
17 755 763 781 788 792 800 809 825 850 851 866 890 902 906 919 924 936 
20 754 761 762 763 764 785 788 816 820 845 847 849 872 888 911 919 931 971 981 991 
20 751 753 760 772 775 779 810 832 840 849 855 864 891 897 907 911 922 924 925 946 
17 762 763 771 791 825 830 831 848 860 866 910 914 936 938 947 960 979 
19 758 760 801 804 825 827 843 846 849 862 863 878 890 906 915 951 979 994 996 
19 750 755 773 790 817 822 847 870 878 886 906 927 937 940 948 954 963 965 992 
20 757 785 786 791 812 816 826 847 854 867 874 878 883 918 920 921 948 951 968 979 
17 766 769 847 855 858 861 863 876 883 887 904 908 918 920 949 954 956 
19 755 791 806 807 811 824 835 842 860 863 887 891 897 899 922 937 943 955 978 
18 782 798 803 826 830 847 863 884 894 902 910 933 936 951 958 962 969 997 
18 753 762 765 790 792 804 816 826 839 860 871 875 900 944 962 971 977 983 
20 756 762 807 809 816 823 827 850 874 884 901 916 925 927 932 971 976 978 996 1000 
19 761 768 776 780 781 828 852 862 873 876 884 900 913 914 937 940 955 956 988 
18 768 776 796 800 825 848 861 863 882 903 917 934 942 954 965 973 975 984 
19 790 813 841 850 851 857 869 884 885 959 961 962 968 969 976 980 983 986 989 
17 756 763 775 799 801 804 813 859 861 870 883 906 942 956 982 998 1000 
18 761 774 775 800 801 803 854 864 876 887 889 890 916 920 957 961 972 992 
15 751 767 771 794 818 821 834 839 856 866 867 884 891 896 939 
18 765 805 808 833 845 855 879 881 896 902 910 915 934 939 945 966 970 987 
19 752 758 806 808 821 829 846 850 852 853 855 862 872 875 883 945 951 994 995 
18 754 766 768 774 787 788 791 797 799 804 806 819 833 846 851 860 913 927 
17 752 764 772 791 797 808 828 849 901 906 940 941 948 954 977 979 982 
20 762 771 786 818 832 852 855 859 875 897 910 912 934 941 945 949 952 961 963 983 
18 760 788 798 813 839 840 857 883 910 912 937 956 961 981 984 989 992 994 
17 771 778 783 787 792 793 815 819 820 831 835 847 849 889 918 980 988 
17 754 790 833 843 857 870 874 880 893 898 901 902 908 913 930 948 976 
16 769 786 792 794 797 811 815 824 834 894 942 969 974 979 988 992 
17 768 813 820 824 846 850 857 862 867 869 874 876 879 912 956 964 971 
20 750 756 785 796 819 835 842 857 860 869 875 933 948 964 968 970 981 982 988 998 
17 753 755 762 769 789 792 801 805 841 914 931 938 939 964 969 976 985 
17 760 775 781 790 836 849 857 869 906 925 932 940 947 959 962 981 991 
17 750 785 801 804 826 838 841 842 848 854 878 894 896 905 951 970 997 
18 754 789 805 807 812 829 834 865 868 885 897 914 920 937 944 950 978 981 
18 752 758 773 791 794 795 811 820 823 841 860 880 894 903 905 928 938 943 
17 765 783 793 801 840 841 853 863 867 877 906 920 955 961 983 987 991 
19 752 757 761 776 786 795 832 833 850 874 885 901 920 937 944 945 952 996 1000 
17 778 790 792 803 814 823 857 862 873 888 899 934 957 959 970 983 987 
18 754 779 816 817 826 833 841 857 860 892 908 911 939 973 975 980 984 989 
17 758 800 813 825 848 855 862 869 887 904 912 930 943 952 976 983 998 
20 758 762 763 783 824 830 838 853 854 863 866 898 901 919 923 930 937 943 952 978 
18 750 753 759 776 782 788 799 813 817 818 830 838 878 883 901 931 942 996 
20 761 780 799 801 816 829 839 841 848 854 867 883 884 892 907 918 922 944 960 967 
18 751 753 755 770 775 824 862 864 881 882 893 899 907 964 970 979 989 997 
17 752 759 763 775 782 807 812 814 820 833 838 839 864 912 920 921 970 
19 763 764 770 772 781 783 790 793 797 819 858 867 890 915 924 933 963 988 993 
18 760 762 763 775 804 813 820 833 839 840 854 878 900 910 941 960 973 987 
19 753 762 787 789 815 830 833 840 855 864 874 887 889 894 909 955 957 963 968 
18 755 760 775 779 795 806 815 820 840 842 874 880 889 897 933 971 986 991 
18 774 778 780 810 864 879 887 900 909 919 936 966 982 983 990 993 995 996 
17 771 797 798 840 871 884 885 888 891 899 908 915 934 935 968 972 998 
18 779 780 798 799 832 833 870 873 893 906 915 932 939 941 954 979 983 984 
18 757 758 778 779 780 781 783 817 818 825 857 879 881 895 929 931 988 991 
18 755 764 772 779 786 789 804 812 828 833 874 891 953 956 965 966 978 990 
18 753 759 781 789 800 807 824 838 856 860 863 865 891 919 932 973 982 999 
18 770 782 791 799 809 831 858 860 871 876 884 895 899 913 929 949 950 977 
19 773 785 817 824 844 859 878 884 891 892 920 926 932 942 971 979 983 988 996 
15 765 777 804 822 826 845 870 872 886 895 923 928 948 980 1000 
18 765 767 771 778 815 819 823 834 908 910 911 914 930 943 956 957 958 966 
18 760 771 780 789 791 798 808 825 831 840 860 866 877 885 886 898 914 964 
18 752 766 771 778 781 809 812 833 836 879 902 906 917 922 930 937 943 967 
19 769 774 776 778 792 813 831 861 881 882 899 902 906 914 934 963 988 997 999 
18 752 769 786 803 809 820 824 841 854 858 883 886 892 945 964 977 979 990 
19 769 792 795 818 819 825 846 850 864 865 874 879 909 912 917 936 952 958 987 
18 756 787 788 802 804 810 831 844 856 897 908 920 935 937 949 952 964 987 
18 750 751 763 770 771 776 782 797 808 825 840 848 888 889 899 948 957 999 
16 752 761 806 816 821 835 854 859 876 889 906 917 924 930 940 995 
18 769 787 791 792 805 825 827 836 870 877 879 889 905 941 965 967 974 991 
19 759 762 764 766 772 786 804 812 838 846 850 873 889 893 899 909 936 960 980 
15 782 802 804 807 847 867 910 922 932 955 964 965 975 976 987 
18 751 752 758 772 796 799 800 803 812 814 823 829 853 864 897 918 970 986 
19 757 768 808 826 843 851 860 868 871 882 885 900 913 914 916 964 966 968 977 
19 778 791 792 824 853 865 875 889 921 934 937 947 950 954 958 963 977 981 992 
19 756 774 813 834 850 864 897 911 914 916 920 928 932 934 942 965 976 978 994 
16 758 761 789 802 818 838 845 870 874 894 899 919 925 943 967 975 
17 754 762 768 794 825 829 838 857 868 892 901 922 940 943 956 982 994 
19 781 785 794 803 835 840 846 855 856 868 886 894 905 928 943 964 982 994 999 
17 773 776 783 820 834 840 859 863 870 874 886 900 941 947 950 973 984 
18 753 754 782 799 822 845 853 861 906 911 920 929 938 942 949 951 979 988 
18 752 758 788 797 805 813 818 855 868 908 915 923 926 949 970 985 986 998 
19 750 773 793 805 818 837 845 851 853 876 879 907 909 919 922 939 942 978 990 
17 750 774 810 821 849 862 863 864 874 880 901 904 935 956 968 980 983 
19 756 780 781 784 791 806 808 810 816 828 834 838 872 907 911 917 941 969 981 
17 803 811 840 841 844 860 880 881 904 905 909 911 926 969 970 978 990 
17 750 795 819 829 833 843 848 869 870 881 902 916 954 964 971 985 987 
18 757 762 772 798 814 819 833 856 876 877 880 884 886 918 941 951 982 988 
19 757 772 796 806 819 825 831 844 885 892 915 927 942 957 964 973 985 992 1000 
18 764 769 773 774 815 846 853 854 879 896 897 922 925 929 961 972 978 998 
19 758 781 784 791 797 802 818 828 852 860 865 869 898 914 917 940 978 985 990 
17 796 801 803 807 826 827 861 863 875 898 921 935 943 952 986 992 993 
17 771 774 802 846 858 872 888 907 913 941 946 948 950 963 971 985 990 
18 763 765 804 815 819 848 861 867 884 926 934 971 974 977 980 981 983 989 
19 752 762 777 809 825 829 836 841 846 850 853 859 871 886 901 914 933 967 984 
16 776 784 814 820 823 843 864 885 902 908 916 926 934 955 963 992 
16 751 765 784 786 808 811 831 833 851 904 908 927 939 961 977 994 
19 755 760 788 827 831 833 856 860 877 897 904 905 908 919 932 935 938 941 994 
17 753 793 804 817 838 843 875 886 889 907 920 925 947 956 966 971 992 
17 783 784 806 821 829 842 874 893 910 911 912 916 940 981 982 988 995 
17 805 809 812 815 836 860 867 871 891 895 897 916 932 937 956 961 993 
19 753 755 757 792 796 807 808 836 839 842 846 862 882 903 923 924 947 965 969 
19 761 809 851 859 871 881 882 884 898 899 910 920 923 956 968 972 976 978 999 
19 756 783 811 812 858 865 867 880 922 930 937 938 945 961 962 976 981 989 991 
18 761 770 793 798 815 826 830 831 832 850 897 902 906 924 944 945 968 975 
19 753 759 780 783 855 865 886 890 916 928 930 935 937 955 958 961 967 968 992 
18 779 799 808 824 825 836 843 847 860 875 878 883 888 941 945 978 995 999 
17 758 766 773 790 804 821 826 829 875 879 883 923 942 945 962 965 990 
16 792 823 826 837 860 891 904 922 926 927 937 950 968 991 999 1000 
19 751 773 780 786 802 804 813 836 841 850 856 861 898 901 917 938 964 982 984 
18 750 758 785 808 819 841 856 861 876 879 912 914 916 951 974 984 986 989 
18 767 772 787 827 838 839 882 892 902 912 922 944 947 951 961 975 981 984 
18 785 808 824 842 846 847 851 855 889 911 927 932 943 954 959 975 978 998 
17 754 762 777 781 783 817 822 836 837 844 915 927 944 960 978 987 1000 
19 787 814 825 831 835 839 840 863 874 885 891 911 926 945 951 954 962 982 984 
18 760 773 796 804 834 835 844 892 907 909 911 915 934 945 958 970 990 991 
17 756 796 815 820 829 830 833 849 873 883 898 935 960 963 968 976 985 
18 757 767 788 856 859 876 905 915 918 923 925 928 938 942 950 952 962 978 
19 750 761 766 769 792 793 800 821 822 843 848 856 858 866 919 943 995 996 997 
18 788 817 821 830 838 839 846 861 865 878 893 903 906 914 948 965 977 985 
18 777 793 812 814 823 824 831 852 865 901 921 931 945 957 965 966 974 993 
18 759 790 795 811 819 830 843 854 868 872 886 901 903 908 937 947 949 977 
20 769 782 799 801 802 820 821 825 835 856 860 873 881 899 900 924 970 972 978 985 
19 768 798 800 809 821 827 828 852 871 872 883 891 896 900 921 933 944 975 987 
20 758 777 789 812 814 836 842 845 846 861 900 909 921 924 954 955 958 977 979 980 
18 762 772 785 796 799 811 814 819 826 828 836 838 886 890 938 945 949 983 
19 768 793 800 807 816 822 828 834 838 856 882 889 891 893 897 908 926 936 951 
17 756 768 776 791 812 830 876 897 907 911 912 915 958 960 976 978 989 
19 778 803 809 812 824 836 846 883 889 890 905 912 919 922 925 928 981 989 990 
19 762 769 784 797 806 820 841 849 852 868 876 886 891 893 894 897 910 913 974 
19 775 778 810 816 819 833 834 835 854 872 873 893 908 911 934 942 967 977 984 
19 754 766 782 788 826 830 832 838 846 892 897 914 924 942 953 960 965 970 995 
20 753 756 761 779 783 807 823 834 844 847 852 872 899 900 919 948 950 978 990 998 
19 770 772 780 781 799 823 838 864 884 890 892 911 929 949 951 964 968 975 976 
18 750 752 753 767 790 806 826 831 867 905 906 911 916 948 953 964 970 991 
18 782 783 814 815 826 831 833 856 867 873 899 919 948 958 965 995 998 999 
19 764 772 777 791 813 819 820 829 838 859 894 925 928 929 952 955 981 990 991 
20 759 771 776 789 790 791 801 806 820 822 834 842 851 856 862 896 904 905 923 967 
18 758 783 787 797 824 829 846 856 860 881 895 916 917 918 920 922 964 989 
20 753 775 778 790 794 795 802 816 820 830 855 877 891 917 927 932 934 979 989 992 
19 760 776 801 822 835 842 849 857 880 896 903 933 941 951 959 967 973 976 990 
19 755 767 782 789 790 792 826 828 853 857 863 888 898 903 937 945 948 953 995 
19 768 769 777 781 799 814 818 833 840 845 872 894 896 900 925 939 947 994 997 
18 798 802 807 816 819 825 833 869 876 891 894 896 912 919 932 962 979 990 
20 750 781 788 814 815 827 848 854 857 863 878 884 895 907 908 919 921 922 971 986 
18 751 783 793 830 834 838 861 872 876 882 885 905 906 917 934 940 948 997 
17 782 806 808 811 817 819 822 827 840 855 860 866 877 963 974 988 993 
18 750 752 758 774 794 819 838 844 851 861 872 900 913 942 963 971 972 988 
18 761 781 834 835 879 881 892 896 915 930 938 947 956 962 972 981 986 994 
19 757 787 810 822 827 843 847 849 850 881 888 901 903 911 941 970 971 989 993 
18 753 798 818 822 832 855 863 882 898 903 907 920 932 935 939 971 989 997 
17 754 767 812 871 887 908 915 924 927 928 933 944 959 968 982 992 1000 
19 802 811 826 831 840 848 854 890 896 903 929 931 932 939 940 947 959 960 969 
18 761 769 779 785 811 812 858 886 907 910 917 920 921 942 944 950 956 994 
19 752 761 762 768 769 775 784 806 827 836 850 872 897 933 947 959 977 989 993 
20 762 792 799 802 817 829 881 889 890 908 932 933 938 950 952 963 970 975 977 991 
19 767 783 787 800 838 844 854 871 876 890 896 897 919 923 931 936 963 984 988 
19 762 769 778 813 839 861 869 877 893 897 905 943 949 959 972 976 978 995 999 
18 756 762 772 800 801 819 850 851 872 879 883 893 902 903 907 940 970 974 
17 762 777 790 797 845 865 869 879 898 913 933 935 937 943 975 984 997 
18 772 773 829 857 861 895 926 934 940 943 945 946 955 974 983 986 993 1000 
19 775 800 844 873 877 887 900 903 917 929 941 946 949 950 961 971 980 982 992 
18 758 772 777 795 799 804 809 810 832 853 894 899 906 914 933 937 979 980 
19 750 811 834 840 849 860 862 863 865 875 880 892 895 910 930 933 974 981 997 
17 754 809 810 834 843 848 861 863 880 881 897 898 955 968 975 979 987 
17 785 793 817 835 841 852 856 866 879 882 888 903 937 953 958 963 985 
19 752 769 784 786 802 804 815 829 841 857 862 875 876 904 905 951 963 983 993 
19 751 760 766 774 780 826 831 840 845 853 866 867 870 893 911 934 967 968 983 
19 778 783 802 808 816 834 848 852 867 878 879 895 918 941 949 952 956 990 995 
18 769 801 812 820 834 841 867 880 929 939 952 956 968 975 977 979 985 990 
18 753 760 771 795 800 811 825 875 878 890 902 922 927 928 950 962 965 976 
19 775 780 802 803 805 827 842 869 894 921 931 942 948 967 970 974 982 987 997 
18 761 800 803 821 822 838 841 844 852 866 869 887 890 892 944 956 966 977 
18 752 775 804 819 857 858 870 885 887 891 905 924 925 932 934 947 987 998 
20 774 784 792 793 811 826 830 834 835 838 841 850 852 859 886 897 908 910 931 954 
20 751 762 763 766 793 823 836 851 852 853 879 884 894 901 907 940 946 961 976 999 
18 757 777 780 781 782 791 832 859 875 891 895 916 925 933 960 976 984 989 
19 763 771 774 791 792 803 830 831 838 849 876 910 913 916 917 929 965 992 996 
18 776 814 823 824 826 836 837 843 851 858 859 875 885 889 958 963 975 996 
18 776 783 792 794 795 814 827 862 864 866 880 886 889 919 922 923 939 960 
17 769 772 793 807 835 844 850 867 889 895 905 926 944 951 963 972 998 
18 768 805 814 818 844 859 898 905 918 940 951 954 964 966 982 991 999 1000 
17 750 759 783 796 798 820 823 861 864 869 874 891 912 943 952 956 982 
17 787 801 813 819 824 853 878 891 898 899 922 941 957 963 976 981 994 
17 758 805 815 818 837 841 856 872 894 928 938 945 968 976 981 982 996 
20 750 780 784 789 792 806 810 831 852 854 863 915 917 920 930 949 961 967 972 998 
20 754 783 787 788 796 803 809 827 852 867 880 901 929 937 940 950 975 985 988 994 
18 760 775 778 804 817 824 827 834 856 864 869 879 884 941 961 967 971 980 
18 783 792 802 811 819 853 861 863 865 866 867 886 900 914 915 964 981 992 
20 752 754 771 775 779 787 797 798 808 810 864 873 877 887 889 903 954 975 977 986 
18 767 771 781 784 793 798 816 825 833 843 867 872 892 897 903 904 935 977 
18 757 761 783 784 803 813 828 855 859 877 894 907 910 929 961 972 981 996 
19 751 762 764 777 785 789 790 813 820 841 842 938 947 953 955 958 969 981 984 
18 778 813 824 828 836 847 852 856 862 871 881 883 914 924 937 953 955 990 
17 777 778 808 831 850 852 859 861 864 869 927 940 956 961 981 990 991 
20 750 757 778 817 822 824 850 857 865 866 870 877 881 912 932 961 969 976 978 991 
19 761 763 785 790 798 809 833 834 846 887 894 900 905 915 923 939 958 959 999 
17 760 774 794 832 833 837 852 853 893 896 902 912 916 925 928 968 1000 
17 753 765 772 811 812 813 863 872 917 928 933 946 949 973 988 990 991 
18 753 779 805 814 846 850 860 875 880 897 909 919 925 932 938 975 976 991 
19 777 778 791 803 811 817 833 844 861 867 903 904 908 921 926 971 980 991 993 
17 752 753 769 778 835 837 863 872 886 900 940 941 965 968 976 992 997 
19 755 798 809 830 831 834 838 856 861 862 916 933 949 960 971 972 994 997 999 
18 758 766 810 816 849 857 860 867 874 879 881 900 907 912 922 968 970 974 
18 758 775 793 795 796 809 811 825 853 880 886 899 910 928 946 949 960 976 
20 751 764 770 775 821 870 892 894 895 914 923 939 946 950 954 955 958 976 984 997 
20 763 767 802 842 845 847 856 883 885 886 900 907 915 923 939 940 953 957 990 994 
18 762 763 771 787 799 801 802 811 827 843 863 873 917 937 948 953 970 990 
17 759 806 809 812 862 865 867 874 875 896 903 913 952 953 955 984 995 
19 753 759 760 775 782 798 803 810 858 859 898 899 910 935 941 958 969 974 981 
18 750 752 803 830 889 898 923 928 937 939 943 952 953 956 973 985 988 996 
18 752 754 764 787 788 810 833 839 843 858 861 892 905 916 944 979 986 989 
18 764 766 778 779 791 856 874 880 903 905 923 930 931 941 944 958 964 987 
18 775 782 793 794 802 869 871 881 900 902 921 939 942 952 957 987 992 994 
18 755 758 760 765 783 871 880 887 894 908 919 920 935 953 966 987 990 998 
18 775 797 800 802 821 826 827 830 844 854 867 888 907 917 926 939 957 992 
18 774 846 853 856 860 867 873 877 878 889 903 919 927 929 936 944 948 967 
18 784 810 819 839 857 880 887 896 899 900 908 933 941 945 955 958 959 975 
19 774 806 809 811 826 827 833 835 841 845 862 885 886 906 931 941 942 968 999 
19 751 759 769 773 781 785 789 801 803 808 847 853 873 884 900 934 936 937 942 
19 793 798 809 810 827 828 840 850 862 870 892 894 897 903 911 937 980 987 999 
19 790 792 797 800 801 803 812 814 850 854 903 909 913 923 933 953 980 990 991 
18 756 757 787 795 815 828 848 865 868 912 937 939 962 975 983 986 995 1000 
18 780 805 814 818 846 852 854 861 866 876 909 913 934 942 971 978 982 988 
19 781 791 792 804 820 826 827 835 840 844 848 853 914 930 955 972 976 985 999 
18 770 779 782 791 802 818 832 841 851 861 876 878 882 889 918 958 961 990 
19 757 759 760 769 792 805 815 826 845 862 882 889 900 911 914 922 961 988 989 
19 769 785 791 828 841 855 858 867 896 899 913 921 937 949 954 957 964 987 996 
18 768 770 777 786 811 835 863 873 893 910 911 914 918 921 951 955 968 969 
19 759 772 777 793 797 799 810 823 852 874 884 887 893 900 916 935 937 946 984 
19 753 764 766 769 789 814 828 836 859 878 881 882 887 924 933 951 956 990 992 
18 752 755 768 781 795 812 832 868 875 883 888 922 927 931 935 965 992 998 
19 775 797 805 808 813 817 825 827 851 873 892 911 937 944 949 956 977 996 1000 
18 761 781 784 787 796 799 805 809 835 852 865 883 891 904 953 966 971 983 
18 773 774 787 788 793 821 837 843 867 875 886 906 911 940 972 973 975 976 
18 786 809 810 811 812 833 857 863 864 869 876 887 918 928 929 940 967 990 
18 761 762 797 816 822 827 840 853 885 895 904 915 933 944 952 953 975 991 
20 757 777 784 795 809 826 834 874 895 898 904 905 915 916 924 928 951 956 968 996 
20 760 776 791 794 851 855 857 860 868 870 908 916 935 942 946 957 964 972 981 983 
19 775 777 786 787 794 796 809 833 844 848 859 874 904 916 920 924 949 956 985 
18 778 828 834 835 838 842 892 893 898 901 915 921 928 969 971 977 980 982 
19 758 777 804 810 831 834 848 851 859 872 885 903 915 924 944 957 959 973 988 
20 752 754 779 789 793 815 845 848 852 867 881 893 898 911 912 945 950 974 985 995 
18 753 766 788 813 826 833 844 869 873 875 888 895 926 952 957 981 983 993 
19 772 792 816 818 833 834 844 852 866 885 930 931 938 951 977 982 987 993 994 
19 752 755 791 792 809 812 813 826 830 842 847 856 871 873 882 947 952 997 998 
18 756 774 785 787 809 813 837 849 854 870 874 877 889 891 893 913 936 966 
16 757 761 787 790 796 807 823 824 827 846 874 903 935 941 983 999 
19 757 764 766 769 780 786 846 864 883 897 907 922 927 955 960 962 963 979 999 
18 755 762 801 809 826 832 851 854 873 879 902 908 911 920 934 948 954 971 
18 767 777 779 785 798 799 828 831 851 870 929 943 944 945 955 973 995 996 
18 752 762 771 772 796 799 812 813 821 849 885 909 914 916 922 935 994 997 
17 753 759 768 773 792 796 817 851 860 909 944 946 951 960 978 979 999 
17 765 767 801 814 833 845 846 883 895 907 913 927 939 951 970 981 1000 
20 763 790 797 812 821 871 892 910 913 921 926 930 932 946 949 962 973 975 986 988 
18 760 766 775 782 817 835 836 859 879 907 908 931 946 961 966 969 973 984 
18 774 777 829 831 842 848 854 865 895 910 918 927 946 954 956 975 995 996 
19 755 759 768 769 772 775 777 816 851 852 866 878 901 913 929 931 981 984 992 
15 758 765 770 796 811 825 842 885 913 920 939 960 984 988 999 
19 757 761 770 774 777 789 790 826 829 837 855 858 898 918 935 945 978 979 980 
18 761 774 781 785 791 804 808 828 832 843 844 852 896 915 926 938 985 990 
18 766 773 799 823 833 840 855 872 885 902 921 936 949 956 965 967 972 995 
18 754 764 768 776 795 800 805 833 834 850 863 883 905 932 934 960 987 992 
20 750 755 763 779 788 793 800 835 841 861 880 886 895 901 912 937 945 952 998 999 
19 766 768 769 788 803 806 827 861 864 866 868 904 909 924 925 932 955 993 996 
16 754 767 793 828 832 840 918 920 926 933 939 951 990 995 998 1000 
19 750 785 787 790 805 815 846 860 869 870 871 905 915 928 935 953 977 982 994 
19 762 770 785 790 806 821 837 839 847 899 911 922 927 937 943 955 986 989 997 
18 755 765 766 773 792 800 830 836 844 863 874 881 889 896 902 936 943 946 
20 761 763 779 797 822 831 836 838 863 878 891 898 899 925 934 970 979 981 995 999 
19 756 765 815 818 825 830 859 860 863 875 877 904 920 927 957 971 980 984 986 
18 757 771 778 783 805 812 820 823 824 841 866 906 910 919 958 980 987 991 
17 769 790 807 823 857 869 870 880 882 884 905 930 936 961 972 992 996 
19 754 762 777 782 798 811 821 836 852 861 867 881 899 902 913 919 922 941 956 
17 750 754 778 792 810 837 841 866 871 880 888 896 910 918 925 965 990 
17 809 817 818 827 838 849 864 869 870 875 899 910 916 934 951 963 978 
18 752 769 782 788 797 812 813 830 837 898 923 931 946 970 973 987 990 997 
17 777 792 817 835 879 886 895 900 917 953 963 973 980 992 993 999 1000 
18 753 766 778 799 823 836 862 871 875 896 897 905 906 943 957 967 979 987 
19 756 760 769 790 814 816 829 834 848 866 868 892 936 957 974 978 983 993 994 
18 757 768 769 778 806 807 808 832 844 862 891 894 905 943 964 980 990 994 
19 755 772 774 780 817 826 831 834 853 865 872 879 881 908 915 934 955 977 999 
20 753 754 759 772 775 799 821 822 828 836 851 854 876 896 900 922 967 969 992 995 
19 766 780 835 842 844 856 876 883 891 911 930 939 953 959 963 981 986 987 995 
20 751 783 788 801 814 819 820 822 829 838 847 892 902 920 923 928 946 959 978 991 
18 765 790 809 818 820 822 824 832 866 904 940 941 949 958 967 990 994 997 
18 752 762 779 786 834 846 853 865 870 874 906 914 920 940 951 953 954 955 
18 752 785 786 794 799 817 827 828 831 842 848 862 870 893 917 918 942 981 
19 772 793 794 870 877 882 891 905 914 916 926 927 930 936 938 945 962 963 992 
19 751 764 774 777 790 825 828 845 854 863 873 881 885 896 908 928 975 980 994 
20 754 773 774 777 811 820 840 859 860 882 885 890 891 915 942 957 962 976 985 996 
20 757 763 794 798 805 813 814 845 846 864 888 896 911 918 931 935 936 968 970 995 
14 755 763 795 803 812 830 834 858 866 871 892 919 961 963 
17 787 810 826 828 837 847 855 863 872 887 902 910 911 913 921 975 982 
17 761 762 766 825 859 865 883 888 893 911 915 949 950 958 971 992 997 
18 753 786 792 841 845 865 868 875 876 881 899 917 922 952 963 969 970 984 
19 772 798 804 823 844 848 852 870 873 874 880 899 907 909 931 943 944 967 984 
19 768 777 797 804 805 841 843 844 878 893 900 902 907 929 937 959 966 970 984 
19 751 753 766 770 773 794 800 827 856 859 868 870 899 906 908 914 986 991 1000 
19 757 778 795 807 812 824 859 885 887 894 897 900 922 923 945 948 965 982 990 
17 753 770 773 776 785 787 818 819 830 834 842 889 913 929 954 974 980 
20 752 759 760 769 799 817 835 863 868 890 899 911 914 944 959 963 968 970 985 987 
15 799 800 803 816 854 883 893 896 901 922 927 928 964 976 987 
18 752 755 772 786 799 807 815 841 844 854 857 862 866 878 899 938 977 994 
18 765 772 773 780 786 814 841 864 878 890 922 941 950 973 977 981 982 999 
20 758 762 783 786 796 805 807 853 859 860 864 867 892 895 905 910 932 950 955 969 
20 773 774 792 823 839 855 863 865 877 896 899 901 934 961 965 971 972 986 987 991 
20 750 765 767 776 786 788 802 814 822 823 842 878 902 917 927 929 936 986 992 998 
17 762 801 829 838 839 853 872 885 888 907 922 927 937 945 969 996 1000 
17 763 818 828 842 846 860 870 887 893 896 904 908 911 943 949 990 995 
19 752 759 775 813 841 843 847 849 871 880 893 895 916 922 932 941 959 964 979 
17 770 784 803 817 821 847 851 854 855 860 919 920 930 931 937 965 992 
19 785 789 812 821 839 843 858 882 884 895 896 897 912 913 933 945 949 965 980 
17 763 777 800 803 820 821 828 852 870 876 907 927 964 968 973 997 998 
16 753 760 761 764 793 823 827 840 869 878 910 914 923 949 967 993 
18 776 780 783 807 825 837 842 874 891 895 897 923 952 960 962 971 988 992 
17 771 775 777 791 799 815 827 833 865 898 912 928 943 950 961 970 987 
19 752 786 798 836 838 840 842 852 866 898 912 923 932 940 945 949 969 971 976 
20 751 757 768 811 831 837 869 883 889 912 919 921 924 934 938 970 972 981 988 989 
17 759 773 803 811 818 874 879 902 903 924 925 940 941 962 970 979 986 
18 780 782 784 791 807 836 861 872 881 889 895 896 913 940 948 951 966 988 
19 780 784 793 802 816 821 824 826 827 840 854 873 882 888 893 909 910 923 963 
18 750 753 764 768 786 789 790 795 808 833 856 952 954 963 975 987 991 994 
18 755 770 779 781 793 794 802 813 824 828 843 858 871 898 929 951 986 996 
17 756 762 787 788 789 839 864 879 914 924 950 960 967 971 978 990 1000 
18 756 757 775 782 790 799 828 846 877 888 890 905 952 955 956 962 971 993 
17 752 798 802 817 823 827 835 839 861 891 899 905 941 961 968 989 991 
19 752 809 816 824 829 841 842 848 850 862 878 883 900 931 937 965 972 991 997 
18 777 788 815 816 837 840 841 847 876 883 910 922 923 933 943 944 963 972 
18 790 791 801 833 837 844 847 856 865 876 889 892 899 924 929 956 991 1000 
19 826 842 850 864 883 887 889 890 898 914 920 927 942 946 960 968 986 997 1000 
17 782 786 804 805 819 820 821 830 847 855 867 874 893 923 951 972 976 
19 777 787 790 793 804 809 810 812 833 848 850 853 858 874 896 936 940 962 975 
18 759 774 782 817 821 832 840 842 850 855 908 911 915 916 917 929 939 980 
15 763 807 842 847 854 868 877 889 891 903 911 956 957 971 995 
19 752 761 764 776 787 803 808 826 844 858 868 878 899 905 907 910 930 937 974 
18 759 782 791 795 804 824 836 864 873 889 900 911 926 929 967 968 971 992 
18 785 795 836 837 840 848 862 868 913 920 924 932 947 951 973 974 976 994 
18 753 761 770 801 803 814 820 844 875 898 907 908 919 940 958 968 977 983 
20 751 755 758 787 796 808 815 823 828 859 862 869 897 903 923 931 939 970 971 990 
20 756 758 762 767 788 816 817 828 846 867 883 902 908 912 940 947 948 962 990 997 
18 754 766 783 785 803 806 815 856 862 890 899 901 916 925 944 949 951 988 
17 759 762 771 786 790 836 847 849 851 856 862 874 895 933 942 968 984 
17 753 770 808 829 847 862 888 897 908 918 926 929 944 947 962 969 977 
17 759 764 774 797 802 841 849 863 866 896 914 928 961 971 974 989 999 
18 811 815 821 828 853 874 893 905 928 938 947 955 956 967 971 976 982 1000 
18 750 768 772 790 791 803 842 853 866 895 896 904 936 946 952 976 992 993 
20 757 762 791 807 810 811 815 833 843 846 849 866 868 926 939 948 951 953 991 992 
19 760 768 783 810 841 844 852 858 859 860 861 868 897 901 934 935 939 995 996 
19 775 786 796 809 829 834 841 848 854 862 883 895 899 900 905 919 940 958 962 
18 761 773 786 804 817 836 841 844 872 916 917 921 938 940 951 968 985 988 
19 753 766 810 817 821 840 844 848 856 859 880 884 905 906 924 984 989 996 1000 
19 751 774 778 794 798 840 848 883 908 922 923 926 931 944 958 959 961 964 998 
19 750 754 756 769 780 790 796 797 821 864 877 898 922 941 950 970 971 972 974 
17 760 774 775 791 801 822 837 849 888 914 923 939 948 949 955 977 980 
18 750 762 766 768 794 828 833 835 839 862 865 928 931 948 981 987 990 995 
19 763 765 768 789 817 827 840 870 900 913 915 919 928 956 960 971 977 994 998 
18 750 753 764 781 794 801 804 821 856 879 883 908 923 931 934 937 948 985 
19 757 773 775 780 792 793 798 810 831 837 859 863 883 891 948 951 953 977 999 
20 762 785 809 810 826 831 842 862 864 897 927 944 950 951 953 958 972 980 992 997 
19 757 771 807 811 817 824 850 878 881 907 917 925 930 943 954 962 972 977 992 
19 770 772 776 806 810 811 821 822 843 851 858 906 909 941 943 944 951 974 996 
17 758 766 772 786 836 856 888 890 905 920 941 944 948 958 969 971 989 
19 762 768 804 832 833 836 862 863 890 893 897 907 934 936 943 949 962 975 981 
18 774 779 793 800 820 864 868 874 878 894 941 942 943 949 956 960 966 970 
19 756 779 788 796 815 827 843 845 858 877 897 904 925 943 956 962 978 981 985 
19 750 751 757 764 767 784 786 802 828 867 868 872 902 908 936 944 954 965 981 
18 780 782 822 864 880 894 906 909 910 925 937 941 944 951 958 973 974 993 
19 780 799 800 802 812 821 826 839 857 872 887 888 893 901 908 916 918 987 991 
19 750 759 782 799 800 806 813 845 874 877 886 888 903 906 920 925 926 937 948 
19 750 757 788 809 814 815 827 851 870 883 885 908 928 935 949 953 963 978 980 
19 751 753 776 785 815 833 857 861 876 909 910 945 951 957 969 991 994 995 999 
19 770 775 777 798 800 818 823 839 842 846 847 858 881 908 912 926 932 951 975 
16 764 825 832 845 850 858 860 864 900 917 921 926 939 960 974 987 
17 768 770 785 793 799 803 825 833 851 856 872 889 902 935 952 968 971 
20 783 786 789 808 814 818 819 832 834 842 853 854 868 870 892 906 916 930 968 996 
15 768 798 799 833 837 839 866 867 901 910 930 958 959 983 990 
18 757 769 779 785 788 815 820 827 829 832 881 901 908 910 946 971 979 997 
17 756 760 762 779 786 793 795 806 823 847 896 920 923 944 965 968 971 
18 782 788 791 827 839 844 854 865 882 893 897 912 927 929 943 961 994 999 
19 750 770 781 784 797 808 822 855 872 891 905 925 929 952 959 960 965 995 999 
17 757 794 795 812 824 841 848 888 894 905 909 921 926 960 965 967 975 
18 759 761 777 783 803 827 830 836 838 844 862 879 881 915 960 990 996 1000 
17 767 779 781 782 786 793 799 818 830 833 836 840 843 861 946 972 973 
17 814 827 838 845 855 857 862 889 905 911 914 936 958 970 983 985 993 
18 755 779 787 789 794 813 846 847 852 860 872 884 934 935 958 964 967 997 
18 774 784 785 802 825 829 849 856 863 870 877 906 917 918 960 964 969 985 
20 782 792 837 838 847 881 908 915 922 930 931 936 937 945 948 952 960 963 964 993 
20 751 755 765 771 782 800 819 821 825 847 868 891 892 907 925 949 972 985 987 997 
20 756 786 790 812 837 840 843 851 852 855 871 889 894 915 923 926 929 964 965 980 
17 750 757 774 787 806 812 819 838 843 846 848 852 871 907 915 921 945 
20 752 783 800 809 815 819 824 828 837 865 868 869 899 910 916 922 930 978 990 991 
19 757 761 763 768 769 781 787 796 804 811 817 855 859 896 919 931 946 950 985 
19 755 765 766 770 782 804 815 855 856 919 931 933 939 943 949 950 962 988 996 
17 756 764 806 809 810 829 837 845 866 876 888 899 911 930 953 961 995 
18 777 780 791 798 802 823 836 857 863 869 886 904 915 934 942 943 951 990 
18 755 758 762 773 845 880 881 921 925 933 938 945 952 968 970 971 992 996 
18 751 769 776 810 819 841 846 867 887 911 923 935 959 963 964 966 967 989 
18 764 766 771 772 779 782 791 805 870 876 925 929 931 937 939 940 950 974 
18 767 773 790 804 815 847 849 853 856 858 866 868 939 946 954 973 974 978 
19 784 805 806 808 817 855 875 890 931 939 940 949 956 973 975 976 982 985 991 
17 753 759 799 815 825 831 832 837 881 889 906 915 934 938 979 985 993 
17 805 808 812 818 831 853 871 879 903 917 924 940 949 972 979 987 990 
19 760 776 797 832 836 842 848 851 865 887 930 940 941 942 950 966 981 992 996 
18 750 766 777 795 801 814 816 826 864 870 871 892 896 899 911 933 989 1000 
18 773 777 807 832 836 866 867 869 883 927 929 943 949 954 957 973 988 999 
19 756 778 779 789 800 813 817 839 845 854 862 894 925 944 954 971 972 976 991 
20 767 768 769 811 820 828 834 849 859 862 878 898 900 907 913 934 941 946 960 986 
18 752 772 780 783 785 793 809 870 894 899 901 940 942 950 966 974 976 981 
20 763 764 776 813 816 828 829 838 840 861 866 873 909 915 923 941 982 988 994 995 
17 769 778 789 797 819 828 837 875 887 915 925 937 971 972 975 981 985 
20 750 764 778 797 811 823 829 830 839 847 861 865 866 881 888 901 915 934 984 994 
19 752 755 756 766 789 814 821 845 862 874 876 885 902 910 912 920 953 958 989 
18 770 782 794 809 848 859 862 866 872 895 900 912 934 938 948 952 966 984 
18 760 761 765 799 808 811 813 826 837 853 871 874 884 887 893 915 963 983 
18 754 755 756 787 789 794 800 841 850 872 883 893 901 919 940 947 967 997 
18 754 756 776 777 780 820 835 838 867 891 904 912 914 916 920 932 941 949 
19 763 791 801 809 819 825 830 833 834 849 851 855 874 896 919 954 967 976 985 
19 775 777 788 798 819 820 822 851 855 856 874 892 926 948 970 980 981 982 992 
20 765 771 779 814 816 818 833 842 865 868 871 897 900 903 915 925 933 973 974 980 
18 768 774 786 791 796 803 807 831 837 860 864 903 906 926 932 966 976 993 
20 778 786 793 809 811 825 832 846 853 855 866 894 901 918 921 928 942 952 953 995 
18 763 783 784 804 820 831 833 837 866 868 908 914 931 935 949 952 957 965 
20 751 758 831 842 856 865 866 880 890 900 908 910 917 920 924 937 943 947 970 999 
18 782 787 812 827 839 841 856 892 893 925 929 939 947 973 984 986 987 992 
18 772 805 818 828 859 861 864 867 888 902 914 943 944 964 969 972 990 993 
17 763 792 796 812 819 854 879 907 909 917 920 935 945 955 958 967 984 
18 757 773 774 779 789 804 806 812 851 881 890 903 908 942 979 980 995 1000 
20 758 761 763 768 772 776 801 812 820 828 850 861 884 891 916 926 940 943 945 953 
20 756 757 784 786 792 794 847 848 865 877 883 884 886 890 912 918 925 944 946 960 
18 781 785 794 832 839 851 879 896 901 913 927 946 956 958 980 981 991 997 
19 750 752 774 794 808 816 823 852 860 872 882 884 906 924 938 966 972 974 992 
19 750 751 770 773 798 846 849 876 896 897 898 911 923 927 940 954 960 961 964 
18 760 762 765 766 794 813 821 823 825 831 851 854 887 903 904 933 934 954 
19 762 765 769 770 781 786 815 824 854 860 873 882 893 914 931 937 948 958 990 
18 768 773 790 791 793 814 817 833 835 842 843 884 913 940 950 978 997 999 
19 756 759 772 781 833 842 845 849 857 864 872 892 902 910 916 930 933 974 988 
18 756 767 800 815 816 836 879 880 882 893 897 904 939 952 968 985 996 997 
20 763 782 794 800 805 824 829 839 842 856 865 883 888 917 937 942 961 963 977 980 
19 750 766 775 782 797 804 805 831 847 856 873 879 894 903 936 947 954 956 965 
17 752 772 788 805 834 856 897 902 909 925 928 947 986 988 992 994 1000 
19 760 772 791 803 804 827 838 855 861 876 879 898 908 910 918 962 965 976 987 
17 751 752 767 772 783 803 875 898 908 923 934 939 956 979 987 991 995 
19 751 811 814 832 847 848 853 855 874 876 904 911 936 938 963 977 992 996 998 
19 760 762 798 804 814 839 841 844 867 888 907 923 925 929 973 976 990 994 1000 
17 761 776 802 806 816 841 850 852 853 864 865 867 872 917 937 952 959 
19 755 784 792 799 818 823 824 858 882 884 888 896 919 926 936 939 955 968 971 
17 761 765 797 807 826 835 860 874 879 896 907 920 969 973 976 982 995 
17 761 763 777 796 798 803 855 882 903 911 913 919 934 945 966 986 988 
19 807 808 818 826 842 848 851 858 875 898 902 930 931 944 953 957 958 964 977 
18 772 781 782 797 804 812 828 888 915 936 953 957 959 962 967 977 996 998 
18 792 794 821 826 828 829 845 850 853 854 862 867 868 917 944 951 964 965 
19 751 756 769 798 803 804 832 838 850 858 869 871 875 916 934 950 965 968 981 
17 752 758 782 788 826 847 856 862 886 906 909 930 940 954 976 994 1000 
20 764 767 786 797 810 811 842 861 874 887 895 918 933 950 964 971 975 985 986 997 
18 764 780 795 805 809 831 866 867 875 878 892 894 905 915 930 936 947 965 
19 756 769 781 785 788 802 810 813 831 863 879 895 906 923 924 927 929 949 983 
17 755 761 777 786 796 800 808 812 836 849 864 890 925 955 965 966 975 
19 752 753 754 762 770 772 796 802 831 833 835 838 873 874 882 891 917 928 984 
19 751 754 762 765 786 793 810 834 845 865 878 885 905 955 970 981 987 989 993 
18 794 806 811 821 841 855 869 873 881 898 899 929 940 944 959 963 966 994 
20 779 782 793 794 796 821 825 843 845 853 855 878 893 910 932 952 971 986 991 997 
18 750 781 796 801 833 845 847 851 853 858 878 889 921 939 940 944 971 976 
17 757 765 769 775 805 826 837 840 865 880 884 886 889 900 928 941 946 
18 774 780 817 819 827 845 857 872 885 903 920 944 950 969 970 977 981 990 
18 760 771 785 787 791 795 807 810 813 822 825 840 872 891 915 929 977 979 
19 768 787 806 823 832 841 857 859 888 890 908 916 922 923 943 949 961 962 979 
20 753 766 770 778 783 784 786 795 798 805 826 867 881 893 940 950 960 978 979 980 
19 752 763 768 783 792 797 805 832 848 861 874 894 931 932 947 958 961 978 982 
19 751 761 763 772 809 825 851 869 888 895 896 907 909 927 928 933 947 991 998 
19 786 795 823 851 854 889 897 916 921 927 932 943 953 958 961 979 982 994 997 
17 766 775 776 800 805 807 832 836 859 866 895 899 921 938 968 974 978 
18 772 773 799 803 804 812 813 815 821 859 868 903 908 919 944 955 981 984 
19 757 772 783 801 833 841 854 856 860 870 876 884 898 914 934 969 985 991 997 
19 760 780 803 833 853 863 874 876 880 911 925 933 935 941 951 959 964 984 992 
19 754 777 780 789 805 809 812 816 834 836 843 866 876 901 916 967 971 990 998 
18 754 765 769 804 830 837 842 852 891 896 902 903 927 930 934 958 985 996 
20 753 760 777 794 797 830 831 843 862 871 875 876 884 924 938 944 969 970 972 991 
17 798 808 814 825 842 861 864 883 884 888 895 899 908 909 945 960 961 
20 761 762 766 802 815 846 857 859 866 909 913 926 930 935 949 953 967 971 982 994 
19 766 838 840 861 863 866 875 879 904 908 913 914 927 940 944 964 978 980 992 
17 753 757 791 798 801 810 818 819 823 832 911 933 940 949 955 957 987 
18 792 795 801 807 812 828 836 857 870 873 889 893 895 900 955 976 984 996 
20 752 762 764 777 783 792 825 837 840 842 851 860 902 923 937 958 961 976 985 993 
19 755 767 776 779 781 813 817 839 843 844 858 875 883 903 906 921 949 964 994 
16 761 766 787 796 800 803 810 836 843 868 878 944 946 961 982 994 
17 753 761 766 781 791 793 797 848 866 871 883 886 900 905 912 950 961 
18 757 763 772 778 781 789 818 820 846 861 873 886 913 943 953 956 972 979 
17 782 784 808 816 830 833 837 877 914 931 933 944 971 974 980 982 994 
19 760 772 791 817 824 833 838 872 881 892 903 908 927 942 943 973 976 980 998 
18 754 767 782 795 802 805 808 810 817 844 880 911 921 924 930 942 975 986 
18 760 767 774 786 800 802 818 841 847 858 870 876 888 922 948 981 988 998 
18 753 755 757 768 780 788 793 796 828 831 836 840 856 863 872 919 964 986 
20 758 761 771 774 781 783 823 826 849 857 861 863 877 903 910 918 940 953 963 973 
19 784 789 794 796 802 836 860 862 865 869 880 883 907 915 917 967 982 987 998 
18 753 755 760 771 779 782 789 792 809 810 841 860 927 934 949 958 970 984 
18 761 762 763 764 767 780 783 856 862 869 870 902 919 927 932 937 955 995 
18 784 797 799 813 832 839 859 865 889 894 900 901 902 925 955 956 957 999 
17 755 771 781 785 794 824 853 855 858 868 877 930 953 995 996 997 998 
20 768 769 780 786 808 816 845 853 868 876 888 913 920 922 924 946 961 986 990 1000 
19 753 759 760 781 793 824 870 872 873 874 885 907 925 937 963 968 969 973 986 
19 758 772 780 804 806 807 843 852 862 875 879 903 916 932 942 956 959 974 981 
18 750 765 766 778 810 835 836 858 866 878 888 905 906 909 910 927 932 984 
18 754 795 797 802 821 834 837 850 856 862 894 899 907 935 952 989 994 1000 
17 753 778 787 792 881 882 892 898 899 914 918 929 942 943 966 974 984 
20 754 756 767 784 808 816 817 826 849 852 855 868 902 922 930 959 969 971 985 994 
15 753 763 820 843 867 870 874 894 910 925 936 941 964 968 999 
18 754 785 790 796 799 813 821 846 862 863 878 880 891 911 915 939 974 981 
17 755 763 770 775 848 870 875 879 887 921 943 946 950 964 969 980 998 
18 752 756 757 777 787 827 843 845 851 859 866 871 897 928 943 949 989 992 
17 761 790 827 832 835 841 844 854 887 909 917 930 943 948 964 992 997 
18 765 771 775 785 789 806 809 834 839 843 850 855 908 945 971 977 980 985 
18 750 780 785 786 810 813 815 846 856 868 874 884 891 898 910 920 963 978 
18 754 764 774 794 814 822 830 841 852 856 857 873 961 972 975 980 981 985 
17 754 759 767 777 796 803 820 844 869 887 930 937 948 966 973 986 994 
16 760 814 815 823 826 848 854 860 869 895 923 924 960 968 990 998 
20 761 764 776 787 793 795 801 862 870 874 880 899 904 908 929 965 968 985 988 993 
20 750 757 792 795 798 807 810 814 815 828 852 880 895 903 916 920 929 960 967 997 
18 752 753 786 792 797 825 831 860 881 903 912 922 929 936 937 941 960 994 
19 753 771 774 785 797 807 860 869 883 889 897 905 915 923 924 926 964 970 989 
18 755 765 798 809 815 822 843 852 859 860 865 893 896 937 947 948 968 990 
17 756 783 811 823 831 834 853 866 877 881 888 905 911 929 935 983 997 
17 758 760 768 782 803 838 840 869 894 895 915 919 920 933 945 969 981 
18 773 781 807 818 852 887 900 911 912 916 928 936 941 945 953 962 964 977 
18 751 779 784 792 798 811 818 822 832 835 884 885 913 916 929 931 989 999 
18 751 765 794 797 808 821 831 838 850 857 924 939 942 956 960 962 965 996 
19 793 801 803 822 841 868 872 890 912 925 926 940 950 952 956 966 974 975 989 
18 768 775 785 798 799 805 819 821 839 881 883 885 906 908 918 936 984 996 
17 750 768 781 788 804 832 837 859 892 898 901 907 939 947 982 985 997 
19 762 767 772 776 777 794 798 803 826 843 870 885 932 945 969 970 986 995 996 
18 784 795 803 824 825 837 877 880 886 887 888 912 932 934 935 947 948 958 
18 766 781 818 821 847 856 874 895 904 909 916 921 929 950 976 978 982 999 
19 765 767 771 784 796 804 814 827 856 858 862 865 884 898 903 950 964 987 993 
18 751 770 777 787 789 796 840 844 845 847 881 886 887 945 963 984 987 992 
20 761 773 774 789 804 821 831 836 843 848 865 867 904 939 948 963 969 983 998 1000 
18 755 772 798 801 804 845 856 858 865 877 880 889 890 949 971 975 981 990 
19 767 772 779 782 788 795 822 824 853 883 886 888 894 911 917 922 923 927 959 
19 756 763 777 783 786 795 802 813 848 864 867 872 873 891 922 924 955 959 964 
18 754 773 809 810 824 848 859 860 870 878 884 891 901 913 941 958 979 994 
16 786 796 798 802 812 813 816 841 852 888 889 913 933 960 972 986 
19 767 778 789 806 813 821 843 857 881 904 919 924 931 935 946 955 957 966 972 
19 754 774 779 793 819 821 823 845 846 857 858 875 900 918 924 954 981 986 999 
18 755 769 778 784 797 822 838 849 853 859 861 873 893 900 916 967 970 997 
17 763 774 778 785 798 799 820 852 854 864 865 868 917 919 933 985 997 
18 751 776 781 822 824 833 844 845 862 875 885 895 900 948 965 988 989 994 
18 757 774 783 799 802 839 842 850 858 860 869 897 909 916 941 967 979 991 
18 750 763 781 793 796 818 867 899 902 903 905 914 921 936 958 962 970 982 
17 762 763 767 784 838 843 846 854 869 890 927 939 943 957 959 973 986 
18 761 770 786 809 828 832 833 864 871 885 895 912 932 938 945 976 983 989 
19 766 769 772 822 864 871 878 885 888 892 895 899 905 913 931 934 939 972 989 
18 773 778 814 816 822 836 844 852 861 862 867 874 904 925 955 961 963 987 
18 753 780 784 802 817 820 830 835 848 861 864 873 905 921 925 960 963 977 
18 751 776 796 807 820 828 839 847 866 869 875 876 916 947 978 985 989 995 
18 764 767 768 776 804 822 855 866 867 876 888 898 905 928 935 967 978 985 
20 759 770 776 788 792 802 813 824 847 848 854 857 871 879 905 928 949 957 975 976 
18 773 791 829 837 840 851 854 868 874 879 881 921 939 940 943 963 977 986 
18 760 761 779 798 813 821 839 857 879 891 896 934 947 949 965 967 971 979 
18 752 754 759 786 790 791 806 836 860 893 926 929 930 932 942 958 962 992 
17 756 757 767 777 806 807 811 842 854 873 874 909 912 916 955 974 982 
17 750 761 773 791 802 811 819 869 900 917 935 950 954 962 981 985 995 
19 759 784 790 795 816 819 833 848 850 868 879 895 898 904 928 946 980 984 987 
17 767 794 826 838 846 850 874 890 893 894 902 915 936 940 961 977 987 
17 767 815 834 837 844 851 873 883 909 914 921 927 945 953 983 985 987 
19 750 754 775 818 830 870 877 878 889 908 912 915 919 937 955 961 963 984 992 
19 768 771 793 806 821 824 843 853 855 871 929 942 946 948 959 962 972 977 1000 
20 790 793 801 806 810 818 824 827 835 836 858 873 875 894 908 910 921 926 984 986 
19 791 793 795 817 835 842 858 875 884 894 899 917 956 967 973 974 985 993 999 
16 753 760 777 781 796 803 814 823 879 900 923 941 942 946 950 973 
18 753 784 800 831 849 874 877 882 893 934 935 950 953 956 976 981 993 998 
18 752 763 795 807 824 827 849 850 860 866 875 889 893 897 955 968 976 996 
18 753 793 810 819 848 869 899 905 918 919 944 953 968 969 975 987 996 999 
19 754 756 782 784 785 805 816 842 844 861 880 912 932 941 950 960 962 998 1000 
18 768 781 788 797 809 857 887 893 902 924 968 969 970 974 983 986 989 999 
18 753 757 771 796 806 807 821 830 848 857 858 863 938 941 942 957 982 988 
20 750 760 762 767 770 774 792 805 871 883 893 900 903 908 930 941 946 963 972 991 
18 758 760 774 780 796 812 820 821 830 847 890 898 926 930 935 936 941 1000 
17 756 760 769 792 863 874 897 898 927 935 942 957 962 975 986 991 996 
17 780 815 836 847 851 867 871 892 905 906 917 925 927 937 939 963 976 
18 781 790 792 794 815 842 845 846 847 897 898 911 914 932 933 943 978 979 
20 769 784 806 818 831 845 848 885 886 910 930 933 948 949 959 977 979 990 995 998 
18 788 808 809 818 821 855 865 867 870 902 904 911 914 932 943 952 959 965 
18 766 768 806 809 833 853 855 873 879 882 894 917 919 926 927 961 966 982 
18 772 789 794 800 820 834 843 849 856 858 865 879 937 938 945 962 977 985 
