999
0 1 1 3 4 0 0 4 7 8 8 8 6 1 14 11 9 17 7 13 8 1 7 14 8 20 1 7 15 6 28 0 0 18 4 24 31 18 13 23 37 15 30 39 19 20 27 9 47 46 8 44 0 6 34 48 9 18 3 11 36 49 11 24 43 15 51 23 28 10 19 57 8 7 68 32 66 12 54 51 32 14 9 66 24 24 37 67 35 68 80 4 53 92 81 12 53 35 74 51 0 41 8 84 46 46 26 93 45 65 20 91 86 28 11 89 88 113 117 103 88 91 41 63 7 102 23 73 62 1 25 23 42 5 22 82 24 91 42 91 36 129 9 1 31 66 58 94 84 29 15 85 135 5 8 140 146 157 131 32 71 152 81 123 136 54 106 81 105 11 146 89 166 74 84 108 20 156 99 139 93 96 108 22 38 53 79 0 120 17 8 94 36 128 127 83 81 180 177 109 96 35 59 42 9 146 12 114 66 127 129 64 7 6 208 141 69 100 77 12 20 166 7 174 128 221 176 67 112 39 116 41 50 48 228 95 115 174 99 105 218 25 132 47 16 208 220 161 167 32 185 181 63 252 104 130 21 218 183 249 138 242 179 27 162 209 42 82 215 91 40 22 61 157 25 173 208 257 66 266 131 151 82 82 182 102 239 134 111 174 247 207 153 40 155 166 248 144 18 57 16 137 86 229 30 225 205 298 279 298 234 141 13 308 187 135 248 89 1 132 309 205 27 65 204 304 173 273 40 269 95 157 97 209 44 264 196 199 303 122 51 198 294 260 201 231 177 118 33 118 198 155 123 293 215 89 163 119 357 130 234 80 256 130 275 272 27 331 120 77 32 360 164 202 157 276 166 321 267 125 341 345 260 59 206 241 306 148 257 190 134 77 131 342 127 56 45 133 128 108 58 102 37 163 374 7 35 274 377 336 145 165 368 285 114 43 344 200 324 200 324 209 353 292 163 80 96 244 39 108 37 28 425 106 252 87 29 349 240 22 348 182 425 203 208 213 272 384 365 209 28 257 68 263 307 367 0 374 249 236 379 112 180 283 230 224 182 385 456 62 427 54 187 393 55 30 71 306 231 22 365 452 374 275 321 14 188 373 237 289 360 448 467 414 223 413 220 139 232 67 231 255 372 351 385 468 246 61 306 451 141 351 227 299 270 508 410 102 7 385 218 199 29 450 139 145 248 426 257 526 7 373 310 512 257 395 161 240 69 86 194 355 500 291 106 93 277 396 137 152 383 163 47 463 273 163 537 105 286 248 382 385 114 272 419 443 61 245 115 243 470 490 396 227 339 173 413 70 390 32 340 403 297 556 20 284 238 569 96 121 355 517 343 100 492 414 290 177 88 448 80 298 556 154 36 97 213 369 556 157 535 76 249 141 586 412 379 108 79 71 428 523 417 55 382 297 434 405 516 284 205 149 543 248 144 94 163 416 618 186 509 171 471 279 363 52 37 537 116 624 22 570 184 174 352 211 456 440 287 58 213 489 414 33 154 629 322 183 534 584 205 377 236 191 302 349 4 281 590 196 212 308 223 574 358 14 617 279 153 613 226 372 428 413 384 210 238 92 491 314 600 62 474 275 129 225 25 682 467 398 530 655 180 124 183 354 370 443 356 532 591 264 709 687 46 613 495 294 85 219 457 308 591 175 583 139 473 661 639 193 485 552 627 615 51 677 430 331 18 621 179 128 612 488 257 113 200 274 68 418 480 344 113 596 112 317 66 314 502 362 347 667 454 440 578 746 40 291 675 559 733 640 26 145 179 270 748 149 220 402 255 670 82 525 8 779 659 53 569 508 516 290 221 696 669 668 453 476 293 523 485 69 144 640 545 333 816 150 639 80 447 409 246 302 526 430 732 267 747 299 192 130 363 198 774 196 406 25 518 815 30 571 558 690 812 307 497 409 111 601 45 78 668 305 354 329 722 181 389 281 128 482 460 554 381 73 745 97 348 232 96 680 520 733 30 519 51 379 224 651 853 352 655 794 766 289 652 654 169 427 602 736 677 72 312 157 168 737 748 102 583 283 423 256 458 179 427 220 529 366 477 416 405 96 420 409 876 852 403 677 221 772 265 675 9 511 161 813 88 358 196 56 667 552 773 570 898 893 272 582 644 540 561 712 1 672 242 805 182 947 589 101 386 842 614 167 48 155 630 25 363 597 532 928 472 743 437 637 38 682 108 177 95 441 636 849 255 295 535 710 363 928 12 903 156 867 538 284 334 127 805 855 879 535 107 458 991 239 3 
997
17 127 204 225 252 264 306 416 582 610 652 664 773 776 792 903 910 997 
18 64 79 176 185 204 209 219 297 331 355 389 408 423 474 534 708 774 980 
18 22 81 84 122 173 325 410 510 552 557 576 629 736 776 825 953 957 990 
17 40 62 113 207 215 346 364 378 392 414 471 475 534 604 689 854 966 
18 18 78 97 216 219 256 265 349 362 447 450 533 542 559 567 666 697 806 
19 1 117 134 168 246 253 334 369 430 499 657 687 797 807 843 889 890 955 961 
20 23 217 249 283 376 389 391 403 431 439 497 508 567 612 663 701 894 936 958 967 
18 79 100 155 162 188 210 213 369 430 583 586 600 679 726 770 777 902 920 
19 44 73 91 179 182 247 324 339 372 397 453 461 536 611 691 760 825 926 985 
18 93 184 220 293 298 354 432 439 443 529 535 738 773 788 793 831 911 994 
20 22 60 203 246 290 345 348 408 428 511 550 605 615 679 752 753 810 822 844 945 
19 24 78 79 139 204 247 276 288 323 411 421 466 538 696 700 752 756 941 956 
20 26 50 65 143 207 249 304 326 340 437 515 520 522 658 719 752 788 895 973 989 
18 11 41 120 162 319 363 376 400 463 471 520 535 588 692 762 934 955 965 
19 9 87 124 139 260 324 331 566 604 607 647 669 681 695 804 874 957 960 982 
19 23 158 210 262 375 535 600 614 639 650 707 745 788 795 821 888 891 954 995 
20 16 37 117 132 214 215 241 245 351 475 503 529 552 588 597 660 716 812 882 898 
18 61 66 232 250 257 265 326 343 398 402 558 574 595 618 626 758 799 868 
19 100 113 167 175 212 276 290 317 383 475 503 536 564 690 701 822 854 997 999 
18 7 105 128 169 225 291 330 443 687 738 767 815 846 854 859 926 943 949 
18 54 154 192 273 289 305 312 360 389 395 396 418 422 732 762 788 970 974 
20 25 38 71 122 125 240 242 259 284 309 357 552 556 634 662 694 738 764 779 887 
20 6 10 55 112 228 272 346 401 424 433 490 502 649 651 801 897 907 909 944 960 
18 1 36 78 149 186 302 347 377 434 488 536 559 576 685 751 888 918 998 
18 4 59 190 239 257 284 353 511 589 608 671 675 776 804 833 837 888 891 
18 44 114 204 212 278 409 411 444 500 631 701 709 729 777 855 871 925 994 
18 49 128 227 246 258 366 511 544 551 687 729 748 802 837 869 870 905 971 
20 34 79 92 110 126 185 238 428 436 510 516 548 555 563 628 693 910 954 956 988 
19 12 71 146 157 171 307 382 394 420 527 598 620 637 742 748 839 860 886 988 
18 7 97 184 187 217 261 367 430 503 635 711 726 757 790 805 812 852 895 
19 83 124 151 204 285 320 399 475 579 625 689 696 722 740 780 807 824 832 933 
20 23 28 58 69 142 265 293 460 463 496 533 586 590 618 628 792 873 881 991 999 
18 88 113 228 244 275 359 369 380 398 445 522 539 609 689 729 750 751 841 
19 108 125 146 154 246 248 349 418 431 479 604 606 622 632 716 741 778 787 788 
19 16 23 101 127 137 228 333 481 534 554 624 628 706 756 789 802 806 818 998 
19 22 37 86 106 118 220 245 381 390 423 482 532 652 686 691 730 887 959 981 
20 147 224 379 414 475 500 506 541 544 552 567 614 624 717 737 835 954 962 993 995 
19 58 104 217 263 377 392 504 525 555 609 625 651 670 773 812 939 958 965 970 
19 25 82 139 163 256 272 312 344 414 433 455 476 663 678 701 716 875 893 977 
18 69 138 151 152 194 289 295 349 402 528 606 614 652 664 699 756 853 982 
19 46 110 205 238 298 456 471 476 493 511 567 573 639 649 666 768 846 932 939 
19 38 228 251 254 324 392 400 539 648 676 721 737 796 799 845 863 884 950 979 
18 21 22 69 191 194 337 380 409 420 494 611 665 747 806 828 868 948 987 
18 38 123 146 221 287 335 531 664 699 705 713 719 724 735 744 788 953 958 
19 34 43 44 75 124 146 187 200 260 298 347 350 351 445 549 597 685 916 947 
18 16 20 133 145 155 185 199 264 272 330 443 510 513 532 666 691 708 786 
20 131 210 249 405 485 507 524 584 585 646 691 698 722 764 805 859 864 895 926 980 
19 19 108 148 156 197 214 317 397 455 467 468 482 487 589 591 658 736 906 958 
20 19 27 35 102 124 313 424 456 489 497 555 586 608 743 843 847 866 871 890 986 
17 1 65 77 112 185 302 466 481 499 502 514 620 692 748 798 869 871 
18 19 84 127 184 229 250 257 371 441 443 483 491 566 597 649 813 887 905 
20 22 168 213 234 260 283 285 293 432 449 558 628 681 767 775 778 781 800 859 867 
18 27 83 92 168 242 293 331 363 379 398 537 582 631 688 696 829 937 966 
18 4 14 37 190 193 211 276 394 449 522 530 598 664 691 725 740 797 854 
20 27 74 147 191 327 338 370 374 476 543 551 563 614 657 677 715 773 921 956 973 
20 57 60 125 276 336 380 404 437 459 461 568 669 703 707 724 844 871 919 965 968 
18 4 57 180 249 280 323 336 338 398 498 607 636 658 673 757 786 834 950 
19 14 34 88 150 252 299 353 368 390 532 565 579 709 791 834 866 909 961 987 
18 11 15 201 219 268 284 320 371 373 387 415 536 577 652 744 831 848 949 
19 50 128 161 209 244 265 320 345 525 527 532 561 681 711 742 784 823 899 931 
20 4 31 163 232 269 280 303 389 412 441 583 654 680 721 735 826 881 935 954 993 
20 17 95 146 293 371 385 494 534 589 608 653 658 714 737 743 797 829 840 845 934 
18 112 141 167 190 341 342 351 405 488 524 547 657 659 682 828 835 870 923 
20 25 36 37 81 91 242 283 328 373 445 465 491 498 581 614 669 679 722 808 980 
19 62 89 127 129 166 217 269 285 291 311 366 481 498 595 710 779 866 885 888 
18 49 66 82 173 264 464 485 584 586 620 693 816 824 853 865 898 918 964 
18 43 132 136 158 193 219 225 361 425 446 450 457 488 529 558 600 780 893 
19 44 134 234 320 361 371 387 422 511 517 568 703 734 783 841 881 884 897 899 
20 167 173 252 296 310 419 470 483 516 548 595 616 619 685 696 840 906 926 940 979 
19 26 57 100 145 170 242 252 270 360 411 442 542 550 562 676 695 745 767 808 
20 64 146 147 168 195 199 226 253 357 392 406 416 478 566 611 797 804 830 911 929 
19 17 18 111 138 188 252 412 427 461 531 568 695 731 750 772 834 857 897 950 
18 93 121 130 199 206 266 267 322 422 590 618 633 671 672 702 889 969 976 
18 225 242 275 336 371 398 425 444 451 480 507 508 527 552 589 684 729 922 
20 46 210 221 223 226 349 418 437 461 467 476 500 550 670 791 887 964 978 980 999 
19 123 359 424 468 522 535 545 551 608 732 756 822 877 883 895 929 950 978 989 
20 14 57 61 150 218 259 268 322 347 359 366 466 520 630 680 691 707 828 898 960 
20 3 162 176 253 262 313 360 374 418 433 513 568 584 607 633 695 779 848 903 917 
19 81 86 108 151 173 195 236 271 308 406 408 517 523 622 712 863 888 891 991 
20 2 132 318 351 390 443 474 580 581 615 648 702 736 784 795 858 859 895 914 995 
20 34 53 90 120 127 220 286 331 412 460 491 591 605 655 661 698 823 837 978 984 
19 67 119 325 351 377 395 432 444 478 498 541 626 661 713 819 828 870 909 916 
20 53 61 72 128 290 307 320 401 412 419 457 460 483 495 625 671 699 864 884 939 
18 25 26 29 57 81 94 228 241 432 469 511 641 645 784 844 909 969 970 
20 40 97 244 262 328 444 463 545 570 581 651 714 819 839 851 852 859 864 905 976 
18 32 37 50 218 220 245 263 279 299 330 530 531 537 617 681 748 845 976 
20 15 18 69 70 231 304 315 320 424 487 506 526 632 636 717 718 784 872 876 990 
20 2 7 36 65 137 145 170 205 295 446 459 526 570 593 637 702 764 849 859 996 
19 75 91 99 159 161 301 341 361 395 525 535 594 604 619 707 803 843 940 975 
17 104 108 203 285 322 351 564 569 598 634 741 761 765 775 866 878 951 
20 10 48 85 178 202 209 220 230 235 387 469 561 607 629 632 671 710 893 912 987 
19 27 55 57 83 161 239 277 296 399 405 482 495 621 638 673 907 952 958 964 
18 11 30 128 133 309 358 411 525 574 603 657 685 742 748 819 852 911 941 
19 60 76 90 147 151 301 344 358 363 599 610 634 705 751 852 884 933 955 985 
20 44 103 173 228 332 389 405 515 517 646 670 754 755 802 877 900 908 947 967 971 
19 42 82 112 128 153 160 190 426 439 457 524 559 603 608 697 761 860 869 870 
20 7 317 338 377 394 444 464 499 532 592 610 784 793 795 838 869 877 894 913 925 
20 46 48 66 156 249 280 288 312 328 335 355 445 555 588 666 744 801 813 860 905 
18 28 59 90 129 168 188 242 252 351 380 400 415 471 510 634 811 825 853 
18 91 145 150 223 319 400 497 517 622 729 775 793 856 881 960 969 972 976 
19 172 177 193 224 242 261 304 339 341 360 366 388 426 595 647 651 659 696 741 
18 14 73 127 224 300 305 320 321 448 479 546 612 665 701 793 853 866 896 
19 27 203 218 253 311 400 402 414 423 521 643 801 819 826 827 839 882 916 966 
19 40 72 170 205 303 334 339 388 562 564 612 677 794 832 881 900 938 972 997 
20 1 53 78 88 183 184 235 288 317 327 337 493 595 665 827 851 871 900 981 997 
18 228 261 304 332 347 375 393 427 540 571 622 671 734 740 742 757 801 850 
18 24 61 77 83 122 223 243 355 357 425 433 545 698 779 865 956 968 971 
19 86 123 195 278 293 340 418 466 487 567 609 610 703 717 757 802 805 806 888 
20 20 33 65 187 259 338 358 369 407 453 554 581 651 781 833 873 874 911 944 986 
17 25 142 146 215 286 309 344 356 570 664 683 705 713 846 861 890 993 
19 200 249 263 299 354 399 516 536 547 564 566 634 747 766 834 848 875 892 924 
20 10 62 176 314 323 364 388 397 415 421 434 514 568 593 595 605 784 909 916 954 
17 9 25 44 46 125 240 251 320 335 418 493 535 577 608 755 833 949 
19 6 71 119 123 283 284 292 293 301 350 404 530 544 545 651 709 776 795 837 
17 37 47 136 317 348 384 396 411 443 457 598 601 714 758 879 952 972 
19 152 153 203 282 338 369 408 413 527 621 634 659 664 690 709 755 784 863 970 
18 35 58 64 173 180 191 227 250 323 358 470 524 675 678 738 873 927 981 
18 85 115 161 307 326 413 441 484 493 537 613 728 733 750 758 817 925 970 
18 69 98 145 218 293 333 370 410 448 458 485 560 735 833 838 874 887 970 
19 99 123 153 220 251 284 311 410 422 455 596 628 677 703 791 896 924 928 963 
20 145 148 187 245 256 280 301 346 355 397 549 578 671 766 827 885 926 932 952 977 
20 226 242 258 270 365 383 439 562 572 592 593 709 741 751 785 800 809 885 926 972 
20 37 45 99 138 143 322 441 455 511 532 537 559 651 689 776 806 834 850 964 975 
20 35 38 45 83 131 167 191 242 255 297 336 369 417 431 583 634 742 769 885 985 
20 60 78 295 305 326 364 374 408 433 439 585 655 672 693 870 898 930 945 965 982 
17 23 211 220 221 235 241 302 392 442 563 585 652 774 814 833 879 899 
18 53 58 72 79 143 221 238 287 323 421 431 492 642 741 780 825 976 992 
19 6 30 142 188 209 354 412 508 591 639 700 734 736 773 834 856 946 959 994 
19 48 185 221 289 360 415 429 436 523 554 591 641 663 738 788 796 816 830 945 
20 6 70 74 126 212 221 309 367 447 475 530 556 564 717 796 848 878 910 937 996 
19 108 216 262 272 290 366 405 423 541 575 584 604 614 623 680 694 703 709 858 
19 18 25 42 64 124 143 245 248 257 277 636 639 687 688 701 781 789 919 938 
19 78 105 165 166 216 236 279 285 342 454 521 575 647 721 742 751 761 901 990 
20 2 35 62 130 195 201 212 220 533 556 559 561 646 768 792 810 865 903 958 970 
18 123 170 206 372 373 374 382 454 515 574 645 664 691 708 741 780 924 953 
19 56 61 126 134 151 166 219 237 254 309 343 397 404 406 551 716 803 840 844 
19 57 94 207 231 274 295 340 368 383 384 504 563 612 628 756 847 922 967 998 
20 50 60 67 75 231 232 273 364 368 503 549 594 673 771 820 821 873 915 956 982 
20 43 122 129 158 232 356 435 443 507 559 596 681 765 785 789 818 844 901 909 912 
18 39 47 115 134 160 298 313 331 547 597 629 640 653 736 812 848 886 965 
20 5 63 65 80 83 88 113 234 251 316 358 459 527 777 803 810 825 845 946 977 
18 22 132 154 175 192 260 275 353 523 631 644 662 723 742 764 768 921 968 
18 21 106 142 176 275 318 359 364 562 620 665 751 757 781 848 865 884 961 
18 177 274 360 369 418 429 466 487 491 540 594 668 690 698 802 816 956 974 
19 84 138 141 156 167 253 434 482 580 617 684 698 709 771 797 866 935 983 984 
19 47 57 107 171 180 318 355 358 376 403 473 667 699 734 752 832 886 928 967 
19 63 83 190 285 307 367 402 416 426 474 485 502 609 629 639 695 838 973 990 
18 97 99 127 133 227 259 277 282 408 435 488 551 686 739 807 829 950 959 
18 228 244 296 317 338 406 411 455 471 502 525 536 589 598 766 782 796 812 
20 21 61 88 89 117 150 209 251 273 361 422 463 557 687 734 740 898 901 909 972 
19 15 46 109 163 193 200 282 297 319 448 475 574 708 737 847 901 964 969 989 
18 9 180 188 269 271 349 437 447 464 620 637 664 719 720 728 816 825 837 
18 66 167 192 197 231 265 344 345 351 402 454 459 505 560 655 732 861 926 
20 71 94 302 311 332 474 541 546 555 563 617 681 703 727 748 752 766 825 964 997 
19 52 161 312 350 380 397 442 479 502 514 628 751 765 806 843 900 936 942 953 
18 17 28 48 74 109 161 262 277 288 311 415 435 451 511 539 718 808 919 
19 114 135 190 326 386 441 461 476 533 639 691 727 801 836 850 875 883 932 995 
18 74 119 134 137 153 159 240 248 300 305 417 457 642 741 746 891 955 968 
20 18 47 65 68 78 108 258 368 392 438 538 648 697 714 742 774 784 812 917 926 
18 68 82 133 140 151 167 228 291 315 331 371 395 511 573 581 600 603 843 
19 71 103 243 248 258 338 374 397 525 554 628 651 723 741 747 755 865 877 962 
19 5 36 45 85 114 207 233 296 340 404 438 457 662 794 796 875 882 923 942 
19 35 59 92 176 340 374 399 402 410 415 419 473 528 572 622 813 825 939 958 
20 77 92 98 105 116 140 162 225 268 361 428 494 600 617 641 668 684 824 858 908 
20 141 239 326 398 409 423 521 615 654 663 697 701 751 823 827 911 917 930 936 972 
18 77 140 156 176 354 446 480 511 515 523 533 561 577 666 732 786 788 896 
18 62 147 170 214 248 285 356 442 454 618 621 651 658 759 834 853 887 903 
17 79 120 146 278 341 459 463 493 608 624 737 817 829 884 888 901 962 
19 223 292 297 314 430 470 503 597 603 636 644 666 684 710 743 787 794 799 961 
18 29 43 96 101 175 209 254 266 427 573 584 663 683 781 924 944 975 978 
20 39 70 110 190 329 370 417 432 436 495 742 743 787 788 842 843 848 900 910 952 
20 41 94 180 213 242 267 282 398 519 558 559 624 668 671 693 733 929 942 953 981 
18 141 207 290 299 347 354 407 449 453 544 568 690 795 831 877 889 944 997 
18 34 136 147 180 258 296 349 381 579 634 663 667 682 717 723 811 866 907 
17 341 393 497 521 625 722 738 746 749 756 767 780 782 793 862 926 945 
18 65 134 153 242 263 297 306 326 359 406 450 506 579 596 677 843 925 986 
18 39 109 113 116 209 272 358 442 449 463 493 515 523 567 599 635 693 784 
18 90 151 214 293 299 322 380 393 500 518 563 648 697 735 776 824 852 898 
20 105 223 233 249 312 329 336 350 378 499 587 700 774 789 805 842 860 939 951 959 
18 63 110 151 200 202 276 331 359 378 387 391 409 459 613 623 645 698 967 
19 2 36 147 232 246 346 390 459 487 508 594 612 744 778 894 958 966 982 988 
20 22 71 91 145 227 312 400 415 499 581 614 662 785 833 839 878 882 920 964 975 
19 57 152 294 331 346 352 390 403 458 494 510 530 607 624 687 708 715 930 951 
17 103 249 280 385 427 593 602 631 658 777 836 842 939 957 970 988 989 
20 95 122 176 295 329 332 399 433 451 477 486 531 537 584 669 672 684 738 844 949 
18 30 58 91 170 380 448 477 500 507 593 602 611 689 732 766 943 954 994 
19 24 36 65 86 117 164 419 424 446 577 627 628 688 693 705 707 886 934 963 
19 98 119 121 147 163 206 254 261 281 331 363 372 397 503 785 795 803 858 967 
19 18 28 190 207 244 300 355 384 535 610 671 748 750 833 859 899 908 962 983 
19 19 42 59 148 155 284 317 360 372 423 500 530 689 715 746 765 773 869 906 
18 25 106 228 248 275 371 388 460 463 476 524 573 639 651 740 742 766 903 
20 2 28 208 271 295 352 428 441 471 487 501 576 711 727 774 848 855 890 909 933 
18 71 99 110 138 155 245 294 343 439 480 549 569 578 585 589 809 821 929 
18 4 299 313 320 413 540 639 715 741 775 881 888 894 905 911 915 931 975 
18 68 96 143 160 214 341 347 433 491 542 652 708 743 745 756 834 933 954 
18 3 18 165 421 458 505 581 627 644 650 668 687 740 771 786 793 859 907 
20 99 134 135 168 278 295 335 389 436 526 549 618 631 654 661 768 785 868 893 990 
19 13 62 114 145 283 373 490 524 547 604 688 733 741 749 791 864 918 926 938 
18 47 92 105 110 150 163 213 245 293 349 456 465 712 739 814 894 900 939 
18 69 89 141 318 331 371 389 556 586 607 639 814 825 826 827 890 935 965 
19 59 94 154 186 243 303 322 342 369 447 482 506 692 711 792 854 904 971 996 
18 41 65 123 260 330 408 445 456 459 593 662 728 754 838 908 913 939 962 
20 53 73 134 192 231 411 536 573 575 597 612 667 678 718 733 737 749 806 958 989 
20 146 166 201 208 272 296 305 384 610 623 678 681 688 693 773 782 861 871 894 906 
20 56 93 150 164 186 204 451 453 485 532 533 733 770 793 822 864 870 893 907 946 
20 68 143 206 214 231 257 265 291 326 327 399 449 525 569 580 643 768 775 944 945 
19 16 20 149 161 237 262 451 466 578 619 687 688 689 710 713 735 825 859 959 
18 50 154 162 164 229 244 246 281 351 378 404 450 493 622 635 722 806 974 
18 8 72 152 216 260 266 275 305 364 482 543 703 758 802 806 824 832 854 
20 47 79 94 192 288 334 358 463 485 486 512 556 579 603 614 770 912 916 935 989 
18 10 14 66 164 210 223 349 410 433 479 620 783 844 854 861 902 915 943 
20 115 136 139 145 162 164 166 190 196 330 398 423 506 563 620 671 776 783 867 907 
19 11 86 99 146 281 367 474 510 541 550 580 581 607 628 698 745 802 845 948 
20 69 112 183 187 260 330 369 381 431 464 556 576 760 801 812 836 863 955 970 998 
17 195 229 292 367 432 434 472 643 659 690 762 775 786 832 884 904 913 
20 2 21 113 157 233 248 260 320 473 536 541 551 562 571 617 638 733 843 946 996 
20 11 25 37 70 181 245 445 479 644 679 687 721 730 732 785 791 843 909 925 974 
20 98 132 181 341 358 489 541 576 616 618 640 749 755 779 835 857 885 931 932 962 
20 124 164 171 185 233 298 307 318 354 374 516 632 704 718 742 783 892 893 919 946 
20 35 106 122 165 169 263 327 354 402 482 545 558 613 727 748 752 786 925 927 966 
20 13 32 38 206 226 235 401 428 437 459 482 514 679 715 741 798 815 819 836 957 
18 19 37 70 232 258 260 262 319 321 487 569 606 724 815 853 946 975 988 
20 39 60 102 107 109 157 175 202 220 239 392 434 493 496 507 622 651 743 841 873 
19 13 114 127 141 168 199 270 277 278 290 329 380 604 613 682 742 805 845 905 
20 10 31 104 170 171 279 286 290 406 501 640 651 652 654 695 713 765 784 855 867 
18 7 96 149 234 316 373 425 501 511 576 582 613 777 900 903 922 946 968 
20 7 42 61 179 196 221 222 284 402 406 497 602 657 692 701 818 856 898 957 961 
20 21 24 48 132 156 211 363 368 389 435 472 488 600 628 632 809 824 947 967 974 
20 78 104 117 188 190 209 286 289 326 473 516 544 555 690 693 720 748 767 814 988 
19 13 86 140 197 345 350 548 559 586 647 706 747 758 762 776 850 864 900 966 
18 2 117 122 134 135 289 365 371 393 447 506 521 550 761 829 836 881 941 
19 8 165 203 363 445 474 487 526 533 538 563 711 743 763 834 850 899 954 984 
19 38 42 67 99 282 437 441 486 514 619 622 742 768 807 862 869 889 890 937 
19 77 181 240 265 277 281 311 318 350 390 436 503 586 596 630 758 766 773 824 
19 35 55 183 274 277 284 430 480 527 593 689 700 731 765 829 877 938 970 991 
19 26 51 56 155 211 228 244 374 442 470 510 518 577 736 739 749 809 979 994 
20 50 56 129 155 158 199 207 286 290 316 411 429 538 603 774 799 837 884 899 947 
18 41 97 206 223 276 412 425 551 581 614 617 684 866 899 949 950 953 975 
18 30 73 145 166 208 235 332 349 356 483 501 602 714 716 719 754 767 890 
18 104 172 188 191 216 243 362 371 463 486 532 536 600 682 700 819 827 883 
18 16 125 138 234 279 306 311 343 423 432 496 658 672 750 783 801 913 922 
19 10 57 74 131 139 153 169 299 347 386 392 516 577 617 655 785 791 850 852 
18 1 51 53 87 105 152 172 187 218 359 571 722 759 799 815 829 888 953 
19 86 114 154 160 162 170 191 229 237 413 532 552 598 659 680 729 772 976 987 
19 2 111 174 201 293 294 347 353 437 444 447 473 488 505 568 594 747 920 969 
19 22 82 97 109 110 127 138 231 243 367 467 469 584 593 641 729 754 905 965 
20 18 102 117 164 176 209 256 268 308 378 435 479 535 599 622 623 695 750 758 947 
19 11 107 119 148 315 360 458 479 549 599 664 732 748 766 804 808 864 869 928 
19 18 25 60 72 176 219 248 318 339 365 371 457 479 501 768 820 926 929 971 
18 50 84 86 108 188 202 206 270 272 348 435 512 615 753 839 865 905 979 
19 13 110 148 199 203 207 257 316 317 321 331 486 494 616 858 877 987 992 996 
20 30 61 134 187 200 205 247 267 319 363 380 426 514 553 569 605 623 676 761 998 
18 24 30 68 97 153 170 185 224 294 364 507 572 579 603 722 736 769 783 
19 8 45 192 215 294 311 413 456 534 546 554 671 675 770 833 836 850 863 937 
18 37 171 202 254 311 323 349 420 427 512 535 629 787 794 852 873 877 958 
20 22 93 97 190 204 298 375 419 455 537 626 680 693 714 730 737 744 825 944 991 
18 3 79 126 155 173 234 253 355 489 509 525 663 724 739 757 870 877 944 
18 35 51 55 66 74 141 277 325 335 347 464 492 549 629 708 767 867 941 
18 4 28 135 136 168 235 310 363 379 414 443 456 538 544 645 659 795 954 
19 118 186 216 249 253 304 335 349 384 460 485 558 641 728 837 897 933 963 966 
18 14 294 345 513 520 539 567 582 649 660 716 831 854 902 918 953 971 999 
18 249 270 356 398 473 479 490 511 558 581 674 685 784 810 859 884 913 925 
20 8 48 160 202 219 233 433 457 496 534 615 661 684 737 795 847 871 918 945 977 
18 50 61 68 299 336 368 445 459 529 548 625 648 807 859 909 931 945 966 
19 2 59 128 129 146 255 294 309 471 510 623 651 680 717 747 759 822 866 935 
18 8 49 79 110 112 394 408 455 504 580 598 605 741 787 798 843 876 933 
18 128 153 186 267 374 478 483 646 664 685 792 810 852 879 898 960 978 981 
18 79 89 190 297 299 300 327 416 453 462 564 611 633 768 782 929 971 974 
19 61 177 192 200 297 329 336 383 503 526 542 556 678 700 701 740 816 927 982 
18 78 82 97 111 125 165 182 219 289 318 404 416 435 459 468 746 812 946 
19 27 262 332 425 463 466 473 552 592 666 674 701 746 761 794 809 859 881 910 
18 39 63 191 282 329 372 401 417 426 478 479 482 483 510 581 631 672 725 
18 204 240 245 254 295 309 357 406 529 551 607 614 620 625 643 939 952 998 
19 5 106 164 183 190 213 227 409 435 504 520 523 605 693 763 800 823 836 888 
17 21 82 124 145 212 389 401 445 453 475 559 594 733 789 812 841 936 
18 165 210 243 316 407 576 581 583 612 684 690 765 790 884 936 959 980 996 
19 2 29 63 132 167 217 379 424 426 460 548 570 656 675 756 901 918 938 943 
19 8 51 76 80 147 230 283 341 367 449 454 466 662 737 853 870 886 893 977 
17 28 38 119 154 192 350 367 456 463 509 610 703 771 846 854 876 910 
17 51 131 186 232 348 411 414 431 507 533 626 705 716 718 863 891 967 
18 12 112 155 176 262 419 421 529 606 637 666 696 752 792 881 893 940 953 
18 80 106 155 218 229 341 397 437 445 484 538 556 670 703 731 768 848 927 
19 43 57 223 228 236 260 272 308 419 623 638 640 702 761 795 799 807 929 987 
18 81 131 181 285 288 354 371 379 407 420 507 542 573 662 686 752 818 928 
19 59 246 266 360 500 514 556 561 647 674 697 701 703 713 732 749 826 854 988 
20 17 39 125 135 197 225 237 260 328 441 470 536 557 706 726 768 784 795 972 985 
19 64 88 97 231 232 262 276 287 333 385 444 507 510 611 729 737 838 947 970 
19 67 69 133 184 196 265 309 373 427 534 546 592 634 664 677 774 906 910 968 
19 52 62 132 201 220 310 344 388 465 474 515 533 582 635 692 730 850 956 976 
18 19 20 80 92 169 247 483 639 706 793 835 836 848 916 943 946 949 994 
19 21 78 215 243 444 479 482 508 566 666 734 762 764 793 831 833 892 911 990 
19 19 167 179 202 260 327 383 387 442 482 613 721 763 840 905 919 942 945 993 
19 7 10 103 115 116 132 313 318 496 518 523 535 695 841 881 915 941 976 986 
19 20 25 45 52 78 105 126 131 136 143 144 204 254 385 470 595 668 911 985 
19 14 51 52 127 139 163 171 255 271 330 499 575 620 629 681 695 703 838 920 
19 74 140 193 195 208 217 240 252 338 340 508 556 600 641 701 867 944 973 980 
19 24 127 154 182 205 285 294 295 333 444 450 537 619 756 837 871 882 914 988 
20 263 264 301 308 374 401 472 504 515 539 562 573 587 688 755 798 883 919 922 961 
19 9 58 287 317 340 381 519 532 617 640 649 690 764 794 859 891 933 935 989 
20 36 120 239 257 328 391 404 450 512 513 524 531 532 543 591 650 713 715 828 831 
20 12 45 263 329 377 379 423 512 518 535 536 550 644 668 749 758 830 905 929 992 
18 109 137 219 234 236 262 340 354 395 449 493 501 562 587 616 687 855 913 
18 49 67 77 253 303 435 457 496 519 533 547 757 778 805 838 892 893 908 
18 33 41 93 234 242 363 364 395 456 476 522 542 586 605 624 852 857 988 
20 35 86 111 129 147 239 285 414 441 454 483 508 521 580 584 627 688 759 789 920 
20 80 84 95 111 121 123 181 235 247 308 374 606 647 700 719 771 828 878 920 961 
18 88 89 123 134 185 321 334 383 405 453 457 542 559 607 685 711 843 932 
20 85 95 107 114 147 174 206 208 233 238 303 318 429 517 538 585 636 903 966 967 
19 59 83 211 236 240 313 380 471 474 483 493 506 575 599 708 763 808 821 947 
16 12 120 276 301 442 483 498 516 570 608 720 843 900 908 919 952 
20 25 72 74 114 119 157 206 222 483 491 529 546 549 624 669 689 733 741 846 965 
19 27 97 133 177 318 383 453 455 501 514 524 591 599 623 686 714 768 796 990 
19 18 115 137 214 255 271 274 317 346 467 489 649 689 709 721 749 860 876 954 
19 158 240 253 255 308 339 346 354 449 504 540 576 577 610 693 756 812 827 979 
18 38 40 52 57 84 173 269 311 372 373 391 633 638 723 765 841 971 972 
20 15 91 95 150 155 236 273 353 384 410 506 548 556 562 563 621 649 670 775 902 
20 7 96 118 130 146 200 220 224 259 312 315 330 342 426 562 619 840 925 943 962 
19 5 214 243 270 293 339 354 376 511 513 536 571 611 641 735 787 796 814 878 
17 30 51 75 145 161 253 276 305 405 574 594 668 778 801 834 933 980 
18 21 29 36 82 135 162 341 359 518 535 629 678 734 753 757 801 811 908 
18 103 119 205 235 335 418 554 582 731 742 776 814 846 887 890 902 907 931 
18 14 18 22 59 123 300 303 380 397 398 442 495 545 703 708 800 909 940 
19 23 25 178 203 265 273 389 422 465 472 527 544 598 618 648 714 885 893 956 
17 25 149 259 271 272 299 344 398 403 598 673 687 757 760 857 873 926 
18 5 134 202 214 265 359 361 398 425 469 553 595 625 836 880 881 927 979 
18 78 159 168 179 187 333 409 467 500 523 581 594 613 660 785 851 931 954 
18 158 162 182 187 215 236 254 393 411 444 629 687 705 777 796 829 955 997 
17 9 32 215 229 269 317 390 468 546 566 641 716 770 910 942 956 977 
19 55 76 192 269 313 328 342 343 392 519 544 604 619 738 799 801 802 866 899 
20 9 29 72 83 107 185 240 255 264 272 399 502 533 673 728 769 784 854 881 909 
20 26 28 81 139 170 312 339 365 387 401 442 452 581 612 660 721 744 790 961 995 
20 43 48 131 211 387 403 408 416 514 623 635 641 649 773 814 846 911 945 959 974 
18 69 72 84 182 211 311 352 423 558 606 608 624 651 659 803 832 892 938 
20 53 58 117 156 313 329 404 412 513 541 543 552 557 705 715 892 910 925 953 960 
18 58 117 124 216 343 378 379 403 443 458 460 624 667 682 829 965 966 999 
20 40 205 223 290 310 353 362 369 419 426 506 560 605 636 703 832 833 849 931 986 
20 23 111 186 285 290 398 411 414 475 523 543 644 705 731 795 828 871 901 905 958 
18 64 279 283 333 419 493 581 588 606 638 701 745 786 823 875 908 931 977 
20 39 53 66 71 188 194 254 265 341 543 552 643 703 727 740 890 921 964 974 995 
20 38 171 195 271 350 453 460 499 547 557 609 674 675 807 816 849 852 945 974 977 
18 105 170 181 226 270 280 284 389 409 410 412 423 486 524 561 669 850 879 
18 119 150 163 221 270 501 573 591 640 646 675 676 788 817 832 897 906 933 
19 55 60 76 127 226 258 309 344 413 444 619 736 741 743 767 815 817 945 982 
18 119 196 259 314 342 399 419 508 571 576 586 608 611 660 735 790 822 835 
17 44 255 296 336 380 396 485 522 554 571 592 599 681 733 753 909 978 
19 32 48 51 55 151 239 353 441 463 531 573 580 613 662 707 847 916 938 944 
19 16 38 78 125 141 145 208 284 445 596 640 717 754 826 847 897 901 957 999 
18 55 123 170 188 261 266 330 371 446 532 646 650 720 725 866 873 891 954 
18 17 262 279 280 311 465 475 577 608 674 748 804 856 859 860 910 921 955 
20 55 183 228 253 285 399 441 458 462 495 556 603 659 695 722 870 929 936 938 965 
20 7 61 126 140 286 357 390 474 511 553 567 616 645 680 687 723 798 880 903 984 
20 135 204 306 312 408 455 477 494 593 598 608 658 722 727 749 817 865 906 947 994 
19 89 114 236 290 327 359 416 438 572 633 634 695 719 821 824 833 853 893 927 
18 3 164 182 208 223 415 445 616 663 706 724 727 736 786 886 905 940 995 
19 6 73 91 146 191 269 476 494 514 557 575 631 659 682 768 780 787 892 942 
18 33 92 102 219 221 264 359 371 387 446 541 565 603 642 674 809 818 929 
18 55 94 149 368 377 464 513 542 570 574 606 613 650 727 774 781 795 864 
19 42 45 49 140 177 198 343 383 403 444 509 543 592 678 724 761 895 908 957 
19 38 118 159 204 266 276 298 344 363 417 429 454 554 565 722 807 838 850 912 
19 45 126 195 222 323 336 373 409 414 478 491 509 570 599 654 679 714 813 974 
19 41 53 89 161 204 231 357 371 374 376 436 457 605 714 759 768 770 903 919 
20 10 84 106 114 120 234 367 383 414 468 537 569 628 645 664 668 934 942 944 954 
18 68 78 142 166 172 212 429 463 532 589 610 637 649 805 829 883 929 985 
18 100 118 234 254 259 278 427 444 500 544 572 671 751 765 770 776 889 993 
19 14 61 75 181 188 281 332 515 527 535 557 609 637 700 811 816 838 904 996 
20 77 225 279 303 305 370 383 445 466 479 504 513 612 713 776 777 783 845 968 979 
18 2 96 122 160 217 306 307 310 528 561 610 631 703 708 761 810 911 997 
20 16 117 129 183 221 252 298 321 325 392 501 502 504 546 607 649 719 863 873 910 
19 123 149 174 203 264 345 442 523 529 578 638 684 741 771 776 830 859 891 994 
20 91 163 171 244 335 339 344 361 416 467 468 491 561 618 666 668 798 806 911 915 
18 58 72 104 211 223 310 311 322 330 454 542 543 557 680 771 887 920 997 
19 47 261 404 405 446 447 502 587 599 659 672 701 714 716 729 767 797 878 958 
19 64 97 130 153 408 449 609 629 647 706 730 734 754 796 851 910 914 978 996 
18 6 121 123 147 198 224 320 413 443 461 523 542 545 574 722 734 755 976 
18 44 48 89 313 339 367 393 465 529 589 617 680 689 764 803 848 855 917 
20 54 65 75 78 95 190 196 255 297 317 351 532 599 620 661 696 738 821 878 942 
19 80 116 128 133 170 245 287 424 499 524 549 595 606 611 631 682 711 722 914 
17 3 22 129 174 182 233 297 307 404 497 515 627 688 782 859 862 902 
18 97 114 203 280 391 476 513 572 615 641 645 694 721 767 782 798 924 951 
19 55 80 238 257 393 435 561 568 658 676 824 855 924 925 935 951 967 970 985 
19 9 36 37 49 201 305 440 454 459 480 508 534 653 806 842 849 850 861 873 
18 38 60 76 142 183 205 214 311 360 369 513 523 568 604 644 710 716 772 
18 90 103 165 175 218 231 248 357 438 471 485 499 591 667 690 800 852 930 
20 15 69 115 195 200 222 336 360 476 510 574 623 634 671 688 776 918 920 969 976 
20 16 132 165 249 299 314 373 521 542 544 585 645 718 743 816 844 862 871 890 955 
18 64 94 257 317 335 396 422 496 534 630 648 703 770 799 821 859 940 945 
20 4 57 173 200 291 308 423 431 460 509 513 536 544 605 654 734 778 874 882 899 
18 85 115 153 185 202 208 445 556 558 632 635 657 719 771 772 810 983 990 
19 74 88 137 218 242 302 352 388 390 395 573 578 604 671 686 714 755 785 840 
18 81 135 233 282 329 441 487 533 562 575 661 663 706 714 717 812 866 986 
18 24 126 258 303 309 324 326 416 445 545 550 592 629 631 803 903 942 999 
19 15 18 46 60 74 114 141 290 329 492 578 580 610 620 631 690 885 919 941 
20 89 171 173 176 200 306 527 542 587 607 632 683 697 713 727 744 840 849 909 991 
20 72 92 117 138 141 164 266 270 291 316 429 433 503 563 579 594 713 722 789 936 
18 11 120 184 185 328 347 372 401 439 502 525 647 709 728 790 847 851 981 
20 18 122 157 160 179 241 402 454 625 666 675 688 699 768 872 873 917 929 962 979 
18 75 132 302 338 339 399 554 572 606 647 692 734 746 801 813 867 946 950 
19 23 70 76 165 278 290 321 365 467 505 547 626 677 716 762 827 962 981 982 
19 85 93 139 156 183 231 282 286 292 445 456 476 507 576 840 856 874 891 919 
19 4 245 324 391 392 412 570 594 613 630 655 658 664 750 784 811 943 954 993 
18 7 235 253 319 357 374 518 589 702 736 781 784 793 798 855 915 932 976 
18 35 41 190 209 377 423 445 548 572 644 651 690 716 794 800 807 903 934 
17 63 72 100 101 184 197 201 342 401 447 452 513 662 720 755 759 960 
18 56 88 111 139 149 298 374 385 542 547 565 590 614 689 709 739 946 980 
20 92 110 172 199 299 371 438 583 596 635 647 676 708 733 766 816 851 856 903 967 
19 70 86 166 182 255 286 290 292 303 392 479 528 569 630 777 792 883 896 947 
18 49 91 97 188 420 462 471 478 573 625 642 659 675 682 692 757 998 999 
20 17 51 78 160 226 271 340 379 397 413 481 488 526 769 775 776 777 848 854 962 
18 72 287 348 419 421 432 468 471 479 494 495 502 521 742 854 861 882 904 
20 7 69 154 243 264 267 329 330 334 405 409 421 461 630 688 721 797 892 934 999 
17 19 69 104 108 242 311 345 379 420 422 562 724 727 732 754 798 856 
20 7 139 232 324 362 385 447 455 464 538 618 670 716 746 816 817 921 975 989 999 
18 25 43 215 273 316 326 399 477 534 561 677 685 718 767 775 787 860 964 
20 9 64 87 89 222 250 268 269 271 285 326 511 530 593 602 657 752 879 916 948 
19 137 165 236 238 249 265 282 498 562 566 607 611 621 846 855 866 899 909 941 
18 32 58 79 88 114 125 169 184 236 301 303 343 355 410 503 509 667 688 
18 3 12 149 194 249 310 392 401 404 477 512 518 626 654 735 826 906 944 
17 12 33 195 235 331 368 461 563 745 750 790 825 904 951 952 961 979 
19 129 191 196 199 201 228 293 309 332 426 478 496 508 518 530 729 818 890 983 
19 29 51 85 122 291 379 389 390 477 486 552 622 651 660 760 817 819 952 989 
18 55 85 107 208 343 368 371 458 543 546 565 581 602 663 743 760 874 919 
20 46 90 228 245 286 334 350 390 401 463 493 514 520 537 587 625 748 767 897 955 
19 23 66 79 151 182 253 254 279 345 372 428 686 694 699 801 837 882 929 982 
19 79 104 212 219 251 329 422 475 491 567 603 635 646 658 677 734 839 944 989 
18 29 88 256 329 394 505 535 626 633 653 673 718 735 744 760 799 929 999 
19 63 257 311 382 395 482 509 538 546 667 676 687 826 835 943 959 976 983 998 
20 11 162 163 183 198 243 369 376 452 488 520 604 646 686 694 754 772 845 857 886 
18 8 235 240 274 276 342 369 445 471 537 574 731 750 756 830 917 954 963 
20 24 103 141 198 217 245 248 329 425 460 490 548 606 640 658 666 756 758 872 903 
20 2 6 64 240 300 338 394 531 537 547 582 597 635 636 648 689 768 795 802 898 
20 66 70 152 259 261 306 401 455 466 485 489 498 514 538 766 791 798 849 892 948 
19 46 82 134 139 165 182 219 231 289 290 299 411 528 613 641 668 795 874 918 
19 80 84 138 142 235 262 274 418 422 454 476 540 750 784 808 897 921 942 997 
19 7 82 127 146 178 206 330 346 357 414 417 630 639 753 802 956 964 996 997 
20 25 160 225 245 257 297 322 324 351 389 393 498 570 585 629 739 802 856 860 938 
18 9 40 70 73 97 214 312 365 372 413 476 485 599 616 751 760 856 857 
20 16 31 77 83 133 135 219 249 282 294 301 414 508 551 608 637 644 829 838 971 
18 167 289 326 377 412 475 580 658 677 695 766 774 945 973 977 979 992 995 
19 2 57 60 86 188 197 226 229 308 332 404 420 428 448 502 640 699 737 911 
20 98 160 194 206 208 228 298 320 435 575 609 640 693 713 726 857 860 898 953 965 
18 29 86 119 128 200 293 338 356 438 489 597 621 677 776 807 818 902 970 
20 134 205 238 242 262 294 332 425 443 444 503 529 568 612 633 689 716 765 774 917 
18 67 212 298 384 413 418 428 435 458 480 543 615 667 792 847 870 907 919 
19 1 56 81 134 145 157 192 207 278 336 356 409 554 616 635 746 752 878 996 
19 17 117 159 207 307 330 494 526 609 722 752 763 796 858 870 878 942 953 969 
19 16 48 83 99 244 263 394 417 448 453 519 643 717 731 749 896 899 902 995 
18 17 82 117 235 254 289 353 410 430 483 507 585 675 720 721 739 767 868 
18 31 35 124 295 336 413 436 571 593 598 603 676 792 869 887 922 939 982 
18 70 72 149 254 260 265 270 333 384 399 424 501 506 513 746 771 833 919 
19 8 22 76 86 136 175 193 219 295 307 351 422 493 500 509 527 670 766 996 
19 79 161 216 275 410 498 521 536 682 694 737 754 763 841 865 897 962 968 978 
18 52 233 290 302 315 357 420 421 533 561 693 745 796 874 876 898 907 985 
18 147 149 160 202 204 359 418 423 507 543 578 618 638 675 792 836 936 980 
18 134 197 223 281 288 321 388 441 474 483 588 612 646 656 665 758 763 964 
18 1 29 40 141 159 214 234 242 272 282 398 569 625 731 756 844 871 938 
19 68 95 130 143 187 284 291 305 335 462 464 482 629 640 679 708 734 746 981 
17 24 29 76 115 120 339 406 424 449 461 472 490 800 850 855 943 971 
19 30 82 139 162 359 369 387 394 404 422 447 547 666 717 754 882 897 917 957 
19 104 108 127 184 240 241 248 250 253 306 324 389 481 658 745 761 834 954 972 
18 9 21 211 221 282 316 417 447 473 480 503 570 589 643 666 856 859 876 
20 11 84 88 167 255 326 331 361 403 509 553 592 613 615 642 772 824 904 962 964 
20 104 250 281 292 330 354 403 409 453 514 661 666 770 775 799 805 829 836 966 986 
18 122 264 391 442 451 454 494 520 674 701 711 732 752 775 826 846 876 910 
18 116 119 153 236 299 307 393 510 533 629 635 639 781 844 862 930 959 975 
19 171 172 250 333 372 618 631 642 676 681 714 871 897 915 916 935 937 945 991 
18 73 130 132 143 228 295 308 309 322 341 479 704 709 769 805 828 860 872 
20 41 48 164 165 240 302 310 349 462 519 628 641 703 726 727 795 848 858 925 937 
19 27 127 143 252 301 353 401 500 528 556 590 608 643 672 781 843 845 898 990 
20 13 138 232 249 260 262 312 323 330 428 564 618 649 687 696 738 829 862 942 970 
18 13 85 90 162 230 252 329 412 442 444 534 608 656 684 708 795 798 943 
19 9 28 33 35 39 72 93 223 226 394 468 485 563 650 699 770 891 924 965 
20 40 67 94 127 149 212 221 251 252 285 536 593 689 732 744 758 772 899 907 946 
18 18 273 283 286 287 324 366 552 639 656 693 716 798 880 936 943 964 986 
19 65 94 144 242 347 351 442 493 553 562 570 573 649 673 679 683 754 930 984 
19 37 113 161 163 330 448 497 502 545 557 565 582 681 788 833 924 928 969 973 
20 4 140 202 222 350 443 504 526 529 560 644 655 709 716 743 823 836 847 916 921 
20 32 51 213 248 349 406 451 530 665 702 730 752 756 764 779 806 829 903 909 910 
18 74 98 100 156 186 201 251 350 564 583 603 613 770 778 802 839 862 896 
18 9 48 159 161 213 234 259 268 286 435 532 589 810 812 864 887 933 956 
18 1 5 177 236 285 338 358 501 581 598 617 676 732 767 820 873 924 938 
19 51 104 215 257 375 393 410 444 447 518 542 609 650 683 732 810 826 844 970 
18 1 73 104 229 251 349 415 492 506 509 516 555 698 721 759 768 780 962 
19 92 141 209 444 458 577 654 693 755 833 834 853 869 897 901 917 947 980 988 
20 28 75 156 192 253 288 320 456 467 622 663 707 709 714 810 825 852 957 962 966 
18 63 69 148 220 257 319 396 475 477 492 605 670 779 810 814 865 930 931 
18 41 57 237 324 336 421 480 494 507 508 568 637 676 700 804 849 923 934 
18 158 193 205 226 252 254 294 347 378 414 425 566 569 606 786 886 979 992 
18 13 55 174 221 312 415 438 555 569 664 687 709 723 802 816 820 897 915 
20 47 51 69 97 105 135 196 259 338 364 423 452 504 546 579 641 674 858 933 982 
20 23 120 242 275 413 435 479 483 557 606 678 754 783 817 878 906 921 942 965 987 
19 1 11 104 157 260 306 309 361 396 510 527 556 643 693 726 858 918 977 996 
19 73 99 180 283 336 353 360 387 508 591 630 634 650 726 749 776 916 937 962 
20 2 58 88 124 141 153 257 322 348 395 406 428 503 618 764 780 796 822 860 884 
20 23 89 116 159 252 282 292 313 321 350 432 436 677 700 706 767 839 848 876 901 
18 19 59 65 205 284 329 412 445 516 625 680 739 797 824 834 944 948 959 
19 49 100 106 140 144 169 208 215 316 326 328 371 636 727 765 768 846 945 981 
18 30 48 109 238 294 366 389 402 582 622 681 757 762 852 937 963 968 988 
20 102 133 259 293 346 433 563 568 599 601 687 689 702 728 735 837 857 875 919 928 
19 6 34 116 188 246 250 350 393 415 447 535 637 646 731 769 821 859 875 950 
18 157 160 161 163 243 254 365 401 426 513 532 595 616 828 857 871 953 972 
20 46 100 237 244 258 276 307 340 506 597 640 679 818 847 854 898 906 932 945 997 
20 80 218 358 366 376 422 461 519 566 574 591 615 669 687 692 705 708 830 871 943 
20 198 392 470 509 515 521 546 605 622 705 717 760 816 817 823 860 869 885 906 975 
19 25 89 233 236 248 257 390 433 434 504 537 543 605 743 823 902 903 956 984 
18 54 246 288 339 395 506 508 539 604 676 718 727 766 774 797 818 831 996 
18 17 145 212 363 387 423 463 497 503 552 566 660 716 719 756 805 818 971 
18 36 43 142 300 418 434 449 472 501 502 509 528 643 646 672 714 724 820 
20 119 143 226 231 247 292 303 315 338 345 380 549 579 682 697 704 806 833 880 963 
18 89 94 216 276 348 358 366 465 467 468 496 582 621 740 793 797 902 962 
19 101 104 157 176 222 275 317 420 477 579 628 633 692 751 754 825 944 968 990 
18 96 125 178 243 271 297 364 480 491 493 537 639 643 771 772 820 945 956 
18 85 106 147 225 228 262 312 318 330 369 389 396 418 474 740 794 795 894 
19 74 81 126 185 188 194 227 291 316 363 460 553 657 694 710 729 820 942 983 
17 53 128 195 314 324 344 495 561 566 583 631 640 723 762 818 852 941 
20 43 68 74 77 196 243 311 314 326 328 418 506 566 593 674 684 722 735 971 993 
18 16 57 73 170 232 509 567 584 612 622 667 702 710 748 789 814 857 884 
18 14 22 106 204 205 209 401 417 418 436 522 570 582 653 714 720 721 830 
20 71 117 125 226 246 325 336 350 388 426 475 477 485 553 576 599 633 685 917 945 
19 22 41 128 132 156 265 364 376 387 465 515 521 542 575 671 743 945 972 992 
19 64 95 115 169 234 242 348 411 457 529 553 566 576 577 592 869 874 971 984 
19 21 292 296 367 399 482 524 550 570 582 621 628 715 743 869 894 897 904 997 
20 66 69 77 274 311 344 372 374 398 413 468 485 536 571 745 760 782 804 869 876 
18 57 127 244 255 311 323 369 432 435 450 617 724 871 934 939 942 943 965 
19 66 137 143 150 174 299 354 409 460 485 610 636 740 790 845 857 859 906 920 
20 99 146 154 193 196 217 237 251 326 379 541 552 632 633 762 826 870 935 942 970 
19 27 35 106 184 257 279 294 338 340 386 402 513 524 686 747 780 820 880 976 
19 51 54 130 183 249 283 514 527 554 632 656 710 803 826 879 892 897 908 914 
18 82 123 135 138 197 205 262 331 344 448 456 513 573 660 817 830 853 920 
19 12 30 64 189 221 269 319 353 379 385 436 498 547 584 596 611 656 734 985 
20 10 18 50 108 135 159 177 244 296 302 342 405 443 520 630 849 856 886 927 992 
20 55 89 149 200 236 363 374 396 483 494 499 519 549 628 858 860 879 932 954 992 
20 16 42 59 105 194 217 294 315 518 543 568 575 607 802 809 870 875 880 948 954 
18 4 13 125 137 249 253 395 471 529 552 821 833 838 924 978 980 982 985 
18 10 54 163 253 323 343 421 507 518 599 617 667 724 808 813 860 936 979 
20 92 161 204 247 380 437 447 484 490 574 601 619 621 631 646 679 763 789 894 913 
20 23 54 184 238 259 261 378 391 414 452 498 542 671 740 818 834 847 851 904 989 
18 190 299 329 333 368 381 395 430 470 497 564 589 698 733 739 924 932 944 
20 8 43 44 52 198 200 323 340 346 364 434 442 445 457 483 712 734 837 883 945 
20 40 103 119 128 173 235 242 245 295 405 407 419 424 530 653 719 754 890 909 924 
18 149 285 300 316 439 510 589 601 666 724 801 820 828 883 922 961 978 995 
18 101 106 118 132 174 179 190 299 350 362 471 516 534 569 799 870 872 876 
19 27 49 55 79 261 296 336 354 378 483 521 545 571 685 709 798 848 892 999 
18 84 94 96 134 215 264 375 440 513 523 590 647 777 779 817 890 944 952 
18 13 16 71 84 111 135 137 153 309 372 447 508 573 696 779 856 946 975 
18 68 151 246 250 294 343 349 489 602 616 646 651 746 748 812 882 883 927 
19 58 145 172 178 190 395 396 466 540 541 543 563 599 661 751 852 889 970 988 
20 1 75 163 171 270 301 308 310 410 438 440 522 573 589 598 731 737 771 803 812 
19 8 32 69 215 237 275 349 350 449 626 721 724 746 790 864 895 910 981 984 
17 70 132 286 293 387 490 506 595 624 707 756 772 790 835 948 966 968 
20 31 35 121 161 204 207 267 298 432 437 527 630 645 647 786 816 889 901 927 965 
19 55 80 205 220 247 318 401 404 487 522 557 595 608 646 682 754 809 833 834 
20 13 51 68 166 216 351 378 386 410 480 491 534 611 612 665 802 850 901 935 997 
20 27 114 164 315 349 357 361 442 450 461 474 502 566 586 740 769 783 809 836 972 
19 5 6 37 83 111 374 472 520 590 596 619 751 879 897 898 905 925 972 996 
18 23 47 63 73 176 289 424 534 557 571 581 634 684 837 850 864 919 928 
19 10 24 39 117 136 238 418 492 529 575 600 683 691 777 840 862 905 989 990 
20 68 127 157 205 271 345 350 422 585 633 696 715 725 794 840 850 851 863 884 945 
20 29 57 111 385 457 469 505 568 578 663 671 675 766 772 786 840 891 908 912 998 
18 13 18 138 166 219 289 293 307 318 356 411 415 425 450 474 492 609 801 
18 142 214 419 436 439 467 470 480 497 537 561 608 639 664 802 889 900 969 
19 8 19 61 269 302 305 382 402 433 444 474 486 530 638 765 783 792 886 993 
20 78 101 137 157 178 197 224 238 241 342 463 484 557 594 774 798 816 896 940 971 
18 149 184 270 306 380 403 465 467 568 616 630 639 703 709 838 874 971 983 
18 12 46 70 74 148 247 298 398 405 469 682 684 693 755 763 780 857 886 
20 62 63 115 148 179 203 232 355 392 393 655 661 717 722 731 756 791 792 799 818 
19 94 116 123 213 243 304 353 489 594 630 642 656 713 748 793 867 895 897 992 
20 29 41 46 75 99 120 241 269 329 371 415 536 555 594 653 720 767 873 935 960 
19 116 260 327 394 427 459 580 593 657 662 670 727 735 832 836 839 880 911 925 
18 35 122 334 365 412 512 530 566 604 646 727 747 786 818 900 933 970 981 
19 103 193 203 244 396 453 467 516 624 634 643 644 690 715 750 789 899 901 931 
19 2 25 51 58 131 204 251 256 273 423 428 489 507 541 637 745 782 820 834 
18 62 69 181 211 295 315 365 366 405 582 660 689 705 712 755 783 815 982 
18 47 49 58 97 106 152 196 231 369 442 523 535 601 622 710 762 859 978 
19 26 63 205 209 294 377 403 476 482 485 509 527 566 796 813 848 853 922 934 
18 47 86 482 563 580 591 596 599 610 622 645 670 686 694 768 786 886 939 
18 6 33 46 79 138 189 310 434 467 483 492 657 690 772 837 945 960 961 
18 23 53 79 167 228 279 302 412 443 457 514 520 559 633 643 670 852 884 
19 32 44 84 128 161 181 191 262 290 291 457 471 505 554 566 618 712 927 936 
18 11 119 120 138 155 211 252 314 324 334 403 412 448 528 547 718 924 944 
17 38 40 136 403 442 447 448 471 543 557 586 727 758 771 881 902 978 
18 166 183 234 267 285 300 401 439 490 528 625 634 642 703 730 760 782 789 
20 23 37 76 82 175 246 319 432 434 577 651 668 672 717 808 820 823 832 869 966 
18 51 126 210 299 399 423 548 585 639 713 751 831 855 866 870 904 932 988 
20 17 34 145 159 160 235 265 423 424 501 518 622 634 642 722 732 750 930 932 984 
18 91 181 187 286 291 295 312 394 430 483 513 605 629 657 691 715 797 970 
20 20 79 87 106 228 365 377 503 518 586 690 710 775 778 790 832 854 936 957 987 
18 4 88 103 145 171 297 327 358 376 439 537 584 593 743 763 815 936 962 
19 35 56 149 183 189 258 383 405 442 464 542 671 676 690 694 722 750 813 998 
19 68 81 116 203 227 268 316 367 368 388 406 539 649 675 725 790 826 862 880 
20 12 33 191 300 337 340 537 539 548 574 589 598 603 670 781 802 888 908 922 932 
20 50 89 94 95 244 328 357 382 466 482 542 553 620 661 783 883 891 922 963 975 
18 38 144 163 210 307 333 387 397 428 429 479 591 625 641 814 896 911 924 
19 27 116 133 243 245 268 270 271 305 338 468 566 571 581 589 740 743 796 811 
20 35 116 149 199 210 217 239 402 436 495 524 671 689 760 797 876 884 953 985 994 
19 177 180 206 213 214 384 386 427 478 481 490 492 542 543 724 766 791 928 965 
19 4 30 58 119 123 134 139 144 166 193 218 266 359 422 459 514 550 556 749 
18 49 175 311 332 379 383 444 508 565 650 706 764 798 821 868 916 921 931 
18 87 155 172 201 208 251 261 271 291 604 706 748 762 871 942 963 979 995 
19 103 129 231 260 434 492 531 545 577 578 601 657 682 714 722 730 743 891 937 
20 31 56 102 106 163 180 185 241 262 280 288 390 446 660 815 835 839 873 879 929 
19 7 36 63 71 129 185 282 326 596 675 703 781 801 816 853 875 899 904 926 
20 15 23 144 153 200 201 230 386 408 424 430 438 441 530 668 819 842 867 932 977 
20 62 165 207 213 332 444 521 529 544 558 564 629 709 806 812 851 859 928 952 984 
19 97 99 134 142 242 260 268 320 334 345 371 399 459 589 631 733 757 963 970 
19 16 85 162 285 389 402 456 497 505 572 574 596 636 647 681 744 799 964 973 
19 24 53 54 100 162 186 227 259 275 295 366 412 420 422 470 577 765 887 931 
19 74 177 196 199 209 256 272 406 507 701 735 823 826 844 852 916 936 978 993 
20 47 91 139 198 201 248 261 418 423 431 544 578 755 777 811 831 846 939 966 998 
17 140 195 258 267 295 316 340 377 421 470 505 591 796 933 963 987 994 
19 76 80 143 181 214 284 424 432 455 490 546 562 601 618 665 722 800 843 864 
17 52 63 78 109 130 239 281 305 379 484 502 611 782 786 828 867 990 
18 55 71 87 90 271 296 359 374 409 551 653 664 731 736 792 805 909 987 
20 71 155 166 279 298 427 455 457 487 507 556 698 708 736 800 830 844 852 956 984 
18 4 228 333 428 433 460 478 480 527 557 569 732 797 827 858 873 912 953 
19 55 131 236 238 311 360 389 392 423 517 538 612 675 722 727 829 870 907 956 
20 109 215 234 241 444 458 500 514 536 554 671 725 734 740 815 828 855 870 875 951 
18 34 85 134 151 156 158 257 330 430 517 542 595 662 747 819 828 901 916 
19 138 152 308 349 352 359 361 406 415 446 477 706 745 758 762 838 875 914 940 
19 10 22 44 75 104 515 517 547 581 611 626 661 693 708 720 742 780 881 953 
20 23 168 270 278 285 338 381 487 509 562 575 619 656 832 873 914 926 947 974 975 
18 40 50 105 151 226 241 259 352 441 490 516 571 652 834 899 911 976 989 
19 31 70 238 243 256 258 285 417 501 502 525 575 580 865 887 894 907 918 938 
20 31 52 78 178 196 210 266 382 452 498 541 585 629 668 679 731 802 835 933 943 
19 11 45 119 140 257 353 363 372 411 459 511 542 697 730 851 856 870 910 951 
19 27 29 69 95 110 225 280 337 367 438 448 481 539 542 600 725 940 971 979 
20 77 89 149 182 184 193 201 244 311 331 438 442 568 586 592 596 644 672 676 735 
19 37 242 332 336 466 502 626 638 661 691 756 780 876 882 898 901 916 925 947 
19 44 45 53 58 93 362 374 383 452 481 487 527 537 657 662 761 833 866 907 
20 107 125 162 221 259 311 367 390 432 533 597 649 700 722 744 755 767 898 931 935 
19 18 26 57 221 231 293 334 396 423 442 484 512 595 633 673 698 755 793 978 
17 63 88 102 233 277 291 402 417 424 444 474 550 568 607 679 718 922 
19 73 160 173 177 280 331 423 435 445 492 506 670 696 771 811 834 839 950 955 
17 3 52 62 160 195 467 498 522 584 588 660 736 756 800 820 846 981 
19 32 66 81 92 141 151 249 254 268 286 304 374 447 465 521 589 611 906 936 
18 9 80 258 290 329 460 462 557 622 662 712 755 825 842 850 913 923 965 
19 42 179 217 244 300 301 445 503 544 636 645 679 698 730 767 795 886 934 981 
20 8 49 124 135 140 146 164 586 614 648 695 739 756 822 864 883 917 923 986 989 
19 115 148 257 308 441 526 555 625 634 638 687 735 755 761 847 855 860 907 971 
20 42 49 186 228 308 525 569 585 688 692 720 725 730 734 769 777 814 882 955 986 
19 128 220 237 321 374 401 441 472 481 502 524 561 736 744 759 843 857 918 976 
18 46 91 190 223 264 287 322 342 359 421 452 477 536 576 640 660 848 899 
19 76 86 103 119 164 231 233 369 467 474 535 580 673 736 752 821 822 826 902 
19 22 75 156 161 173 398 446 447 508 595 616 630 710 725 787 803 871 924 965 
19 51 58 100 110 136 140 144 241 249 299 320 506 596 617 744 797 880 881 942 
19 16 154 186 204 259 308 332 365 372 424 454 458 528 548 672 714 735 859 861 
18 51 92 202 231 249 295 418 509 517 589 607 678 688 798 832 954 968 992 
18 27 51 381 419 458 608 720 762 769 779 790 792 829 833 852 932 976 988 
19 15 91 167 264 278 312 315 400 497 529 656 686 687 709 765 772 932 944 977 
19 11 13 51 242 253 330 349 356 553 587 607 626 682 732 760 805 927 954 956 
19 26 138 155 205 272 286 289 293 352 355 367 445 478 720 849 871 937 947 958 
19 10 27 29 48 74 110 180 231 455 457 460 580 584 661 733 817 833 894 986 
19 37 72 154 244 294 302 323 361 388 471 526 592 671 682 692 715 862 895 938 
18 166 167 219 232 304 326 358 365 406 477 546 563 591 621 678 706 721 998 
18 53 145 285 294 340 365 491 495 518 621 688 691 728 736 786 801 856 931 
20 2 108 136 179 197 267 280 289 370 419 444 568 686 696 704 753 788 796 893 902 
17 4 43 186 238 275 318 390 435 437 454 563 576 582 736 760 877 901 
18 48 97 153 191 291 374 462 595 657 663 664 678 731 746 948 975 995 996 
19 116 141 247 291 328 337 359 449 568 636 693 705 730 817 863 870 899 902 910 
20 35 51 58 160 197 238 240 359 393 464 489 527 559 578 676 821 829 891 898 965 
20 13 39 43 125 251 275 399 516 564 585 590 593 654 656 696 728 748 844 886 891 
19 31 105 288 331 346 370 375 427 438 448 458 481 513 574 694 804 827 865 888 
19 81 107 174 220 379 397 489 536 540 574 631 676 683 722 736 784 805 912 986 
19 16 47 75 116 136 253 259 379 391 403 463 485 517 542 577 722 796 953 994 
19 19 29 41 51 84 142 194 246 264 372 407 446 502 629 636 685 796 821 936 
20 15 134 220 224 243 311 367 394 468 489 500 513 528 624 643 725 899 911 970 975 
18 101 122 205 215 341 377 388 427 489 512 672 688 697 716 805 827 874 943 
17 61 85 113 124 192 483 579 614 623 652 698 706 741 818 859 861 990 
18 23 80 120 178 181 297 357 372 387 448 623 632 633 638 676 736 914 933 
19 18 69 90 157 163 195 240 256 274 278 355 411 412 487 506 577 695 704 857 
17 36 57 152 226 287 323 501 507 554 580 594 619 664 700 721 802 931 
20 23 71 211 255 267 294 331 356 362 389 435 440 487 559 626 675 842 904 913 958 
19 22 51 74 151 165 204 230 252 365 417 439 457 466 647 651 662 693 750 888 
19 25 46 78 90 117 130 158 274 378 414 492 533 612 622 641 748 780 784 977 
19 40 81 83 95 119 190 221 248 424 472 514 609 637 713 726 739 886 908 997 
20 14 56 60 143 157 205 267 314 332 334 499 524 612 710 734 746 786 792 836 892 
18 19 67 100 129 164 252 290 317 355 447 490 494 537 565 635 659 904 905 
19 86 136 179 216 309 323 338 342 351 480 514 669 672 676 784 807 844 865 961 
19 6 11 12 52 123 255 268 343 398 605 645 650 666 706 725 833 851 890 896 
20 29 57 172 205 310 367 377 408 421 451 516 535 555 587 655 748 770 804 876 927 
18 7 37 57 174 206 308 348 403 415 418 443 494 578 611 690 808 822 961 
19 43 78 154 255 356 473 495 505 538 547 616 665 670 698 803 855 873 944 958 
18 47 91 199 203 218 225 307 333 440 481 513 664 789 811 849 899 901 983 
20 27 46 104 185 187 281 312 380 422 461 474 475 619 626 690 713 831 851 907 934 
19 38 136 218 236 325 392 407 495 511 530 552 567 652 716 740 769 786 826 924 
18 50 130 207 269 335 393 397 530 567 580 630 707 719 745 766 818 822 991 
18 53 65 165 170 309 310 332 351 357 358 414 431 471 621 820 844 984 989 
20 48 142 185 227 252 295 312 337 355 608 622 714 716 780 785 806 881 900 928 963 
19 13 42 135 268 271 330 419 459 472 489 531 594 705 724 785 824 834 870 918 
19 11 109 139 179 197 216 317 371 416 448 475 634 654 697 744 834 851 899 928 
20 6 10 96 114 132 213 258 339 362 391 435 489 493 513 677 753 781 869 883 954 
18 76 222 287 297 386 460 603 623 653 679 712 758 819 836 846 905 921 987 
19 4 24 85 94 104 119 122 166 186 211 223 290 415 671 682 701 760 970 973 
18 77 94 111 134 154 183 302 308 371 424 543 568 624 749 762 776 913 951 
20 32 127 161 275 452 456 459 493 533 571 618 698 734 795 864 889 914 938 942 953 
20 53 111 133 156 231 579 594 633 695 718 726 739 742 761 808 818 845 927 983 995 
17 16 31 182 189 308 324 352 380 416 442 490 514 706 905 929 959 964 
20 47 49 68 86 221 309 345 386 406 554 575 580 595 616 618 703 824 884 925 938 
18 73 112 126 128 217 306 340 408 439 498 541 737 742 831 838 907 961 996 
19 10 23 56 124 206 243 248 282 296 333 592 638 699 702 817 842 878 964 996 
18 29 74 106 198 322 328 357 555 614 660 677 731 786 826 884 885 954 963 
20 45 75 192 270 277 288 292 322 368 502 540 553 617 756 797 848 883 886 985 988 
19 63 105 164 176 253 285 397 398 478 577 629 729 752 776 779 917 921 970 981 
18 23 29 142 250 299 321 388 431 455 581 605 640 657 903 923 944 948 980 
20 130 168 243 259 412 507 513 518 529 569 630 694 728 787 808 819 835 884 949 972 
17 36 52 65 227 318 394 492 500 584 612 659 707 740 801 826 879 954 
20 48 55 180 196 228 333 346 354 401 465 469 551 553 562 609 831 873 910 958 976 
19 119 129 316 324 325 363 418 475 498 534 541 646 659 744 759 880 885 903 952 
18 39 40 48 126 237 265 384 467 488 531 533 595 635 718 725 749 752 972 
20 15 91 258 413 416 458 492 502 514 597 634 646 647 655 679 691 693 720 792 913 
19 28 31 35 77 152 154 319 352 363 422 444 624 674 684 732 804 889 904 934 
19 33 82 166 170 468 497 569 593 607 650 672 679 687 691 762 831 920 956 970 
19 52 78 231 287 306 314 323 338 387 466 559 615 677 681 716 756 831 842 953 
18 89 121 168 250 285 332 339 422 438 447 458 570 584 593 649 753 926 945 
20 58 61 186 192 211 215 349 358 509 570 588 628 649 682 703 720 811 892 911 955 
19 123 240 246 303 408 434 446 504 546 579 665 678 776 797 829 834 844 857 934 
17 72 74 95 109 117 159 315 420 425 665 704 711 727 774 800 841 996 
18 19 55 60 102 188 233 274 275 277 391 437 551 590 593 631 722 734 932 
20 26 49 128 132 140 144 228 301 303 320 372 404 426 493 709 736 836 876 944 964 
19 19 47 86 119 122 137 226 304 332 404 524 543 658 777 822 933 968 970 996 
18 90 113 136 211 251 254 273 339 478 723 725 763 806 824 856 881 883 987 
18 57 163 170 180 185 247 310 321 382 435 460 579 646 719 781 900 921 972 
18 34 64 71 75 159 216 249 397 539 567 601 613 757 773 825 870 926 966 
18 15 39 54 141 146 220 356 372 422 538 568 569 674 763 860 873 877 954 
20 64 194 195 200 273 307 388 393 424 483 531 605 635 642 697 725 867 900 951 992 
18 171 237 245 278 280 397 402 404 537 605 662 688 689 766 807 880 884 921 
20 20 67 82 175 186 268 297 351 391 448 514 627 667 697 736 739 786 797 920 937 
19 86 130 150 215 248 407 418 447 451 474 506 551 667 679 700 747 787 801 818 
19 212 225 312 373 377 393 403 485 494 553 589 613 640 658 690 692 741 832 895 
18 6 77 101 105 143 152 182 501 504 513 528 543 564 573 633 843 865 934 
19 44 85 102 143 182 184 247 249 265 284 291 416 482 551 654 726 785 837 973 
20 67 81 100 132 243 333 343 348 407 457 498 578 631 661 694 812 843 866 946 959 
18 128 158 236 254 283 316 350 445 473 550 567 591 648 680 801 819 855 860 
18 62 63 88 149 173 328 435 460 504 515 532 616 723 734 825 826 855 954 
18 3 22 222 243 396 408 412 476 569 580 599 612 649 814 833 887 920 957 
18 92 125 128 184 257 311 409 424 484 532 542 596 614 636 684 788 955 962 
19 84 88 93 99 114 126 258 334 393 412 558 573 699 718 739 805 868 977 985 
20 49 55 62 231 232 287 295 310 505 528 553 604 631 649 662 735 741 790 803 834 
19 10 86 104 218 260 279 371 431 503 577 614 617 641 647 683 711 807 946 984 
19 48 83 99 137 140 144 195 226 337 387 424 428 455 526 626 709 746 863 937 
20 58 85 103 144 195 300 320 391 440 572 627 634 676 796 863 889 926 947 985 993 
20 141 210 229 298 350 368 405 419 553 557 714 763 764 798 812 895 900 907 952 978 
20 112 139 205 223 229 258 292 321 370 465 580 623 780 783 810 812 921 953 972 995 
20 56 64 70 135 257 326 334 401 405 535 668 714 736 748 838 880 919 920 928 940 
18 10 25 94 117 129 167 424 452 458 485 525 530 567 603 795 889 932 959 
17 2 177 246 327 332 419 583 685 718 738 840 841 888 894 916 937 941 
20 25 78 138 248 326 403 436 546 616 620 676 685 730 763 836 918 921 945 963 999 
17 50 59 113 271 305 352 371 420 485 633 677 733 740 819 863 871 959 
20 121 194 210 219 235 375 393 415 458 562 595 648 663 703 744 777 814 929 980 992 
18 10 25 105 107 150 183 286 319 374 460 505 578 596 664 760 793 879 951 
18 198 335 342 392 407 439 447 470 500 632 662 668 707 765 850 910 957 975 
20 82 103 150 200 269 312 358 391 447 449 451 489 516 610 634 891 908 936 944 994 
18 31 78 99 100 208 236 248 290 396 400 423 597 638 679 786 857 911 918 
19 55 115 246 289 301 326 372 387 560 580 649 706 723 811 895 968 984 988 995 
19 75 178 204 234 246 311 388 389 412 549 601 705 757 774 791 794 868 910 966 
19 40 92 94 96 121 188 208 239 270 341 456 590 614 652 674 727 734 810 902 
19 23 42 94 113 143 159 262 275 375 417 430 473 493 536 598 599 629 670 824 
18 89 196 248 299 377 389 406 607 612 653 657 660 793 809 815 863 877 925 
18 81 245 334 352 373 388 413 440 567 591 620 633 692 762 855 880 916 992 
18 2 22 41 111 134 145 209 231 233 236 318 345 362 395 684 695 735 840 
18 75 93 135 209 257 472 493 530 572 577 583 614 652 726 822 941 947 993 
18 39 42 63 125 217 241 269 304 526 583 611 629 840 893 915 941 962 998 
20 21 57 64 97 107 165 171 220 225 233 273 299 405 499 548 635 726 731 937 946 
20 43 68 191 213 234 252 259 340 413 415 427 495 525 536 635 802 829 894 928 942 
19 61 79 81 148 206 291 338 350 372 416 424 432 479 616 682 695 705 725 750 
18 53 61 88 128 239 276 340 342 346 415 456 469 493 586 591 670 684 963 
19 19 43 55 64 217 220 242 331 365 395 615 634 681 732 833 871 889 928 939 
18 17 97 191 232 280 314 330 371 382 508 583 613 615 858 889 946 992 997 
19 4 18 56 122 190 311 332 365 387 483 596 635 645 765 865 867 871 904 941 
20 47 123 195 221 262 366 441 607 630 666 678 685 709 751 768 826 840 876 933 984 
20 10 64 89 131 155 173 238 265 294 403 429 434 493 569 613 727 742 856 873 880 
20 100 112 124 145 267 349 352 360 411 511 522 543 546 575 626 649 756 811 817 959 
20 86 113 114 148 195 283 319 380 433 438 482 542 559 628 636 744 762 783 862 901 
18 13 42 95 103 116 232 307 407 493 543 589 644 654 669 765 782 903 929 
19 100 126 187 225 232 309 489 537 566 663 730 777 800 819 840 856 905 993 995 
19 61 66 167 203 222 307 346 375 488 574 593 619 663 740 769 798 835 843 910 
18 18 99 124 177 213 357 405 489 594 597 603 612 623 668 743 785 878 891 
18 1 31 80 91 151 179 317 399 469 492 509 517 542 648 654 690 805 969 
18 43 65 114 138 354 378 387 415 470 473 545 630 668 769 772 791 870 979 
20 62 200 250 341 436 474 501 528 540 582 650 651 689 749 761 771 782 785 815 916 
17 86 112 177 221 364 434 530 560 575 598 757 851 853 878 887 945 965 
19 11 63 64 93 115 161 183 269 375 455 600 606 645 723 743 745 861 888 977 
19 36 38 84 180 253 280 301 339 384 408 434 579 623 643 646 785 811 860 901 
19 99 104 255 310 358 379 386 463 568 587 598 611 670 694 857 879 889 936 987 
19 62 88 141 233 261 275 321 336 375 504 507 530 586 699 792 960 962 974 999 
17 31 50 123 174 293 300 340 341 359 442 479 556 592 615 780 887 955 
18 33 35 162 206 239 362 365 444 524 550 613 654 691 828 863 905 994 997 
20 1 21 41 70 108 122 134 236 248 430 475 512 596 624 636 695 738 838 893 906 
18 5 34 198 301 350 363 393 399 416 460 509 559 689 752 764 814 864 921 
20 20 24 50 81 264 403 408 450 466 509 531 539 571 573 616 697 802 859 870 967 
18 50 119 270 363 395 408 415 459 465 488 526 540 571 601 654 769 814 881 
18 75 165 224 339 363 374 387 404 456 598 757 793 797 817 836 844 936 957 
18 98 127 212 236 237 300 304 333 456 475 477 582 670 690 866 875 920 925 
19 79 103 159 187 222 253 303 406 473 696 723 751 775 785 788 872 918 923 938 
18 41 71 101 132 189 210 278 294 299 325 364 423 447 586 659 806 861 953 
20 33 35 121 153 279 337 399 413 429 432 454 467 550 647 691 829 832 863 947 992 
19 119 121 193 204 235 341 403 406 414 423 460 558 660 698 702 735 820 857 916 
20 87 95 236 241 291 383 439 469 504 524 620 660 706 776 827 828 844 847 924 971 
20 179 292 294 303 390 516 528 558 579 607 675 702 711 734 737 741 755 811 879 954 
18 104 166 168 169 183 265 322 369 518 543 579 624 691 789 882 906 915 949 
19 47 66 172 264 286 315 463 664 689 690 758 787 799 809 845 852 854 910 975 
20 2 7 9 24 141 159 173 340 342 358 368 437 477 497 536 643 663 747 901 989 
19 118 142 348 370 395 403 426 469 504 545 634 718 728 764 773 835 933 986 994 
18 1 33 145 239 260 275 330 347 448 539 564 608 638 677 693 711 944 966 
19 70 74 96 126 174 182 201 321 365 377 383 385 407 439 542 584 770 790 853 
17 11 94 268 270 319 330 360 394 402 617 631 722 727 732 736 740 824 
20 86 116 242 260 266 270 290 345 426 454 539 557 579 711 732 761 772 863 870 939 
17 42 132 175 259 295 334 492 506 510 570 580 678 733 743 855 860 929 
20 13 47 108 122 178 208 301 370 457 496 545 626 639 667 685 754 802 898 919 948 
20 38 59 143 163 167 191 373 437 445 497 547 725 850 885 886 889 908 911 921 943 
19 58 77 107 189 262 322 482 530 546 571 631 732 739 752 790 792 803 848 964 
20 17 21 127 173 215 238 259 296 414 443 450 521 614 630 683 762 799 836 911 940 
18 8 19 25 28 140 186 208 222 266 322 350 411 429 444 599 823 837 967 
18 25 157 233 307 310 407 408 429 524 552 582 610 670 680 805 856 940 988 
19 14 24 37 87 216 264 267 492 507 554 576 784 803 820 903 944 982 992 997 
18 16 56 58 208 278 280 365 440 498 504 533 552 634 651 843 855 891 926 
20 62 70 119 134 143 212 282 367 422 498 552 573 619 694 752 771 776 908 924 929 
18 52 71 93 317 354 380 403 437 445 477 588 722 790 821 980 987 992 995 
19 152 155 267 322 340 354 408 425 486 519 534 703 742 777 906 915 922 953 998 
18 80 183 282 314 315 340 359 483 507 596 679 690 782 814 818 847 853 984 
20 68 87 141 142 147 214 216 301 310 378 443 475 478 506 660 674 780 821 892 913 
18 9 11 67 77 112 226 237 369 405 468 505 510 652 654 669 832 929 939 
18 17 118 188 229 240 263 314 355 397 423 448 528 679 697 818 939 955 964 
20 58 117 178 180 323 330 370 396 479 492 512 574 576 616 701 735 861 907 932 950 
18 12 47 59 114 259 320 334 339 393 471 497 511 551 610 811 822 879 927 
18 148 199 212 220 244 260 272 312 406 432 444 476 488 645 650 672 825 863 
20 83 104 138 178 238 245 253 360 367 372 381 450 535 594 596 710 722 856 927 932 
19 23 27 53 110 155 184 292 314 454 525 585 667 698 726 763 771 838 945 997 
19 15 55 76 218 299 367 400 414 432 456 540 560 743 789 845 846 909 916 981 
20 81 189 254 256 257 271 282 457 468 506 526 620 743 778 785 828 861 885 923 979 
20 261 272 455 464 510 621 693 703 722 736 740 782 799 830 839 858 861 939 974 981 
18 82 97 109 125 141 223 334 395 538 580 593 619 674 809 856 857 891 954 
18 78 138 151 242 275 372 481 659 666 681 712 748 835 863 868 870 938 946 
18 20 103 113 138 215 220 231 243 285 319 361 576 582 583 595 667 830 958 
18 28 54 74 123 309 342 421 424 427 485 537 637 644 686 733 822 872 909 
20 37 48 85 86 162 285 289 409 451 566 622 629 639 655 784 862 894 950 955 984 
18 23 60 108 127 142 148 171 235 262 319 377 699 727 813 872 936 950 995 
19 1 29 113 123 165 259 312 335 354 374 423 430 649 728 797 846 864 874 941 
20 62 98 139 192 222 286 294 324 357 368 422 671 698 706 781 789 797 877 908 940 
19 28 111 132 182 233 240 273 493 518 635 643 673 753 760 849 854 906 936 996 
19 40 73 340 380 388 510 545 557 604 674 705 722 733 760 777 820 886 894 944 
19 14 55 59 75 109 152 212 330 355 381 435 453 636 654 763 768 800 831 902 
20 17 19 163 170 175 206 237 244 361 418 574 587 605 692 735 753 937 953 965 987 
18 20 146 170 175 201 289 293 359 507 514 518 678 694 891 937 968 975 998 
20 4 8 125 128 141 230 277 289 310 311 403 432 444 478 489 529 619 721 863 943 
19 21 81 82 166 234 256 437 438 486 509 547 561 574 695 731 864 869 872 925 
18 4 7 54 242 313 318 390 397 447 468 485 568 691 706 736 842 902 945 
20 15 80 235 268 347 382 425 503 524 555 558 662 675 724 739 775 895 911 972 988 
20 13 14 44 57 80 156 161 360 499 552 664 665 686 769 772 774 781 788 913 954 
20 15 345 363 367 417 482 491 670 681 763 781 818 822 838 842 863 886 896 903 926 
19 21 153 246 271 293 366 466 485 526 567 577 612 616 645 745 818 827 830 959 
20 67 125 165 187 202 215 219 274 288 311 341 433 446 483 541 634 759 774 817 949 
18 32 132 232 308 316 412 458 472 529 533 539 572 615 677 715 721 905 928 
18 2 61 62 110 156 248 396 562 672 694 761 769 838 886 896 898 900 989 
17 36 149 178 188 197 347 385 413 519 532 603 660 686 742 759 914 919 
18 28 93 124 205 222 326 396 437 556 571 671 771 818 826 881 908 965 972 
19 126 130 152 294 340 459 556 598 639 641 654 683 704 735 849 918 950 981 997 
19 69 77 89 170 227 251 331 367 375 377 397 505 576 738 806 898 947 964 985 
19 17 22 43 250 291 340 410 415 425 432 452 478 488 507 606 656 712 918 963 
20 52 92 122 126 127 210 430 441 555 594 613 641 677 742 815 896 914 920 933 968 
18 26 27 47 103 160 232 250 360 450 623 695 696 719 744 795 928 935 957 
18 28 39 195 198 317 467 471 555 651 686 760 794 898 947 972 974 977 990 
18 117 124 154 205 236 238 239 296 304 308 406 460 480 483 652 673 953 990 
20 32 57 127 237 258 290 317 334 377 403 478 482 526 545 681 741 799 837 881 955 
18 82 227 265 286 323 400 425 538 542 557 652 655 738 794 817 909 917 962 
20 28 41 91 110 119 159 213 258 445 480 620 759 770 778 838 858 904 944 980 986 
20 5 20 21 145 250 267 343 372 422 590 643 648 725 729 733 741 793 812 904 999 
18 81 130 151 201 281 347 406 421 492 500 699 771 794 871 890 914 951 995 
19 5 189 255 257 281 293 428 467 517 526 603 629 687 689 712 760 784 817 991 
19 185 195 213 225 292 428 576 607 653 727 730 757 777 778 793 800 846 892 945 
19 80 86 96 146 193 203 433 461 468 553 578 621 716 840 880 908 941 989 996 
18 6 8 11 57 144 283 330 430 457 484 514 668 729 741 754 833 840 937 
19 56 95 113 126 138 232 239 272 275 417 481 580 586 811 814 825 917 918 983 
19 2 113 189 218 325 356 359 400 492 517 586 671 674 855 896 923 937 977 996 
19 30 72 178 183 222 251 269 278 312 456 470 515 580 634 662 725 800 822 976 
19 35 67 184 236 300 303 324 333 360 384 413 497 654 742 794 800 811 817 859 
20 38 60 115 156 162 224 322 325 329 498 509 526 660 661 682 727 918 924 960 965 
19 72 86 113 328 365 395 426 513 523 527 563 711 734 749 756 774 820 853 910 
18 5 9 54 127 186 306 521 535 540 579 598 608 630 636 639 715 943 948 
18 42 50 62 64 105 110 171 178 296 318 525 566 647 760 782 862 882 898 
20 51 120 147 178 207 343 376 451 529 565 625 669 674 676 688 689 799 894 962 976 
19 37 204 211 223 266 274 284 318 369 428 551 567 589 684 713 799 876 885 950 
17 79 127 129 212 222 397 404 433 442 565 566 587 617 627 661 662 774 
19 22 35 198 199 210 299 378 566 575 599 637 662 744 755 758 774 793 867 960 
18 51 83 126 140 143 342 378 449 544 600 602 654 776 815 907 918 945 995 
17 43 138 272 273 307 320 349 534 539 677 707 715 753 754 755 929 946 
19 43 159 214 216 269 305 345 385 450 468 565 604 615 658 684 714 759 841 848 
19 19 81 254 403 411 426 471 495 569 609 652 670 676 714 756 763 789 857 956 
20 154 201 259 268 270 335 469 513 590 638 655 657 670 676 758 783 785 810 899 925 
20 73 113 150 158 172 177 273 289 294 327 330 381 528 529 662 681 745 841 854 945 
18 66 144 161 190 307 326 407 480 552 567 620 712 756 769 772 874 930 943 
18 37 100 105 267 392 500 538 666 719 798 834 842 843 870 901 908 958 974 
20 54 72 79 132 224 303 376 445 501 503 518 675 687 721 742 798 856 917 974 982 
19 68 114 205 242 243 255 293 329 359 366 458 460 480 636 682 698 822 930 964 
18 4 26 36 93 105 119 174 432 436 544 546 557 604 613 740 783 825 867 
18 33 49 53 283 325 338 369 398 522 574 750 822 877 885 886 888 899 915 
19 71 301 340 354 432 485 489 543 571 584 637 659 709 724 743 783 862 880 915 
20 2 101 331 357 364 399 407 439 510 538 550 564 569 609 720 835 853 937 969 991 
18 80 112 123 131 220 271 487 531 585 615 654 764 820 823 837 860 987 988 
20 112 119 163 164 228 401 402 465 529 531 543 556 613 619 690 739 741 798 924 944 
19 23 66 78 108 286 433 537 614 645 669 690 691 771 801 917 926 941 979 994 
19 76 98 201 223 236 250 297 300 308 510 563 620 647 685 690 746 822 849 870 
18 137 222 245 275 346 446 503 544 561 573 635 692 700 722 857 912 982 989 
18 67 99 127 229 315 334 356 422 519 574 610 630 633 675 706 736 767 950 
20 15 16 40 166 190 229 271 345 545 629 635 660 718 754 759 813 896 912 962 970 
18 50 89 129 212 244 291 333 335 404 463 467 499 538 651 748 769 816 841 
20 24 55 61 88 89 154 259 304 354 396 542 612 661 694 739 793 828 852 875 910 
20 21 22 37 38 191 221 346 347 516 524 554 602 667 747 768 777 806 813 821 910 
18 16 49 141 165 177 188 231 249 288 423 481 532 540 641 701 898 974 975 
18 41 98 109 197 263 291 306 338 420 427 443 472 479 589 658 841 914 949 
19 2 10 73 182 269 275 303 483 606 664 684 816 899 901 908 922 962 972 989 
18 16 117 196 199 273 321 344 416 531 602 623 741 747 870 876 888 916 941 
19 87 120 234 244 268 274 280 394 405 426 448 530 584 615 671 697 762 896 998 
19 36 99 106 200 289 305 307 393 434 538 553 713 724 746 813 820 843 862 968 
19 71 116 117 189 232 234 334 480 491 561 572 642 784 786 846 882 911 928 960 
19 13 133 139 292 316 442 542 614 689 711 758 762 767 797 810 836 866 930 988 
18 5 57 80 86 97 100 223 260 307 432 527 635 786 832 900 913 920 986 
18 12 21 40 137 149 290 365 390 590 686 727 741 768 805 841 900 919 964 
17 5 81 260 283 326 423 448 491 515 545 571 598 814 829 871 883 987 
18 20 54 119 157 178 240 242 289 359 383 428 600 613 660 784 818 839 982 
20 23 122 150 269 275 303 387 406 408 426 603 664 676 723 738 778 871 885 948 985 
19 144 210 240 244 297 312 346 364 437 480 510 634 657 735 801 859 914 936 985 
19 18 97 100 161 265 309 405 500 521 527 536 626 630 796 816 836 882 886 973 
20 15 21 84 132 364 404 416 451 462 592 640 641 646 752 764 866 908 922 937 963 
20 69 120 136 242 273 300 304 326 363 374 378 484 561 568 660 754 924 929 936 949 
19 76 89 196 244 292 406 412 440 519 607 629 705 724 754 861 927 989 991 995 
18 6 82 101 122 185 225 316 386 483 497 539 661 694 859 867 883 923 977 
20 3 30 89 106 122 123 131 186 226 383 437 461 526 625 644 647 803 884 885 906 
18 40 122 194 219 362 436 450 523 540 629 708 743 775 794 927 950 953 983 
19 37 101 108 173 175 283 349 358 393 594 731 751 798 824 863 865 874 884 925 
18 30 56 293 313 327 405 455 482 488 524 534 544 550 688 800 852 956 961 
18 26 215 256 270 289 317 335 358 433 491 517 540 699 881 888 898 941 965 
19 18 61 92 104 122 158 229 235 365 387 393 494 681 787 823 903 922 960 991 
20 47 265 382 417 554 599 654 670 678 679 686 699 709 819 826 848 869 891 939 957 
20 12 60 67 115 129 143 171 216 241 469 528 567 597 615 640 693 742 780 832 894 
19 22 82 92 287 386 406 420 432 433 545 553 715 716 840 883 923 924 942 981 
20 27 46 119 255 279 314 435 438 440 473 480 483 531 571 720 870 875 976 994 998 
19 40 127 187 218 240 357 394 420 430 440 470 496 500 665 748 786 819 831 925 
19 34 164 208 232 244 363 384 505 594 602 630 709 753 757 828 834 901 973 995 
19 41 147 169 199 277 361 437 442 522 550 602 603 679 722 763 829 967 974 979 
18 94 213 278 345 368 425 527 555 605 627 683 734 798 804 810 876 928 941 
20 24 48 286 342 443 455 505 525 569 689 725 810 812 839 865 914 920 948 956 989 
17 52 126 222 263 281 327 373 419 427 462 561 660 667 690 730 858 964 
19 54 96 171 230 287 312 344 348 351 353 378 421 446 681 687 801 824 970 986 
20 72 73 86 95 124 195 198 253 262 312 396 415 465 519 602 667 791 796 981 985 
19 112 228 323 392 438 442 453 462 627 628 718 735 830 837 848 876 917 932 980 
18 47 84 143 154 195 248 262 278 373 387 460 488 619 816 865 920 933 957 
18 17 90 102 105 186 260 363 370 407 517 587 643 680 758 765 779 811 920 
19 6 24 48 88 98 120 123 264 303 306 319 390 521 659 666 750 758 877 998 
18 82 221 233 279 292 429 454 535 595 619 674 715 820 889 917 942 974 984 
18 65 277 306 364 378 425 474 580 593 683 715 724 753 804 814 845 855 913 
19 99 119 199 202 226 275 410 463 563 585 592 603 772 896 912 955 957 961 999 
19 92 146 154 204 319 338 364 464 531 548 568 587 597 611 656 767 856 947 966 
19 11 66 79 145 188 237 272 312 361 390 423 558 581 628 732 879 887 928 946 
19 31 74 169 202 293 298 323 333 349 373 422 433 449 515 548 604 797 916 936 
19 22 111 121 165 201 234 280 411 459 480 500 518 611 669 765 787 805 904 924 
20 37 46 132 194 236 303 331 355 370 411 520 564 590 699 735 835 909 944 973 998 
20 6 42 46 178 214 262 314 390 424 460 482 711 778 798 817 884 894 906 941 974 
19 107 241 249 288 289 314 340 367 410 480 573 630 741 756 788 880 906 911 925 
18 10 49 214 255 317 446 515 523 590 692 705 737 745 755 781 822 847 866 
20 63 135 234 275 385 389 510 521 623 728 756 763 829 858 859 877 914 922 964 984 
18 135 136 153 170 172 324 365 393 449 516 548 604 616 786 792 804 919 996 
18 45 48 79 172 188 220 393 543 563 655 766 782 815 827 839 846 923 983 
19 14 29 38 170 198 221 330 351 406 452 486 488 614 650 663 807 808 944 971 
19 153 278 287 301 388 438 485 500 563 657 690 703 735 742 774 848 849 987 998 
18 75 199 204 279 322 389 396 421 424 507 517 535 550 564 606 621 624 989 
18 6 30 35 74 103 168 220 269 381 554 601 624 638 641 673 806 912 921 
20 78 92 228 287 326 330 332 465 484 537 546 617 638 668 679 754 764 854 915 929 
20 20 39 40 82 90 104 122 198 304 434 466 478 495 548 585 663 769 799 912 927 
19 6 45 143 152 174 438 453 513 553 611 674 755 816 821 822 857 892 939 940 
19 28 119 152 175 228 263 267 314 396 459 514 695 739 850 930 952 973 979 995 
19 83 156 381 422 465 474 542 553 601 627 654 708 763 791 829 839 940 955 974 
19 56 58 130 279 448 477 486 530 538 573 589 601 684 693 718 837 895 911 918 
19 8 80 130 234 293 326 332 359 455 509 553 557 705 707 714 735 745 840 882 
18 35 154 183 317 393 511 516 569 619 671 677 704 707 729 757 866 887 986 
19 21 146 239 438 583 585 604 628 696 711 717 731 745 773 845 885 886 896 936 
20 76 107 153 246 271 306 317 321 426 430 466 469 508 517 647 860 879 881 896 929 
19 24 90 137 169 171 269 278 292 397 430 471 508 570 663 686 866 874 888 967 
18 169 196 332 444 544 614 630 650 674 720 730 745 790 797 811 909 918 921 
19 10 34 43 50 69 235 276 307 470 504 565 587 608 616 670 810 815 821 926 
18 45 110 159 230 251 256 304 349 393 412 418 537 586 606 624 668 694 876 
19 28 37 119 220 416 464 473 505 519 685 696 701 785 883 893 921 967 978 995 
18 15 160 230 247 317 376 380 491 511 537 541 584 728 731 808 826 914 937 
19 82 143 183 195 333 375 381 451 476 527 630 816 822 837 853 881 947 967 984 
18 200 351 372 452 460 466 530 538 572 732 801 811 911 946 958 980 981 991 
18 101 186 198 254 259 269 301 370 413 437 465 585 627 729 751 863 890 899 
18 7 202 221 228 257 275 382 538 620 645 693 791 804 834 866 870 892 899 
17 2 30 224 232 338 364 453 531 537 551 567 628 702 852 910 952 963 
19 83 197 297 298 341 392 443 457 466 487 505 588 660 692 732 733 825 903 937 
20 21 116 148 177 242 284 316 371 450 510 627 669 689 725 756 826 865 879 880 911 
20 15 22 42 114 193 220 344 511 535 570 643 655 712 716 758 832 849 863 907 995 
18 18 60 116 127 130 299 320 339 513 532 582 586 587 700 710 714 968 999 
17 15 26 31 144 163 231 355 393 473 497 507 534 597 634 963 985 993 
18 31 52 126 198 249 290 378 485 611 625 781 837 870 879 911 972 986 998 
18 136 190 299 351 435 506 522 580 585 745 753 760 858 879 897 953 962 980 
18 17 40 90 98 224 395 502 519 533 553 635 700 701 714 825 843 954 970 
19 14 50 268 339 404 414 431 448 513 521 587 590 598 619 737 905 907 948 989 
20 11 123 140 272 367 404 416 472 479 514 585 593 631 720 819 844 889 893 985 994 
