993
0 0 1 3 4 5 6 2 2 6 0 1 6 13 9 10 0 1 12 1 20 9 8 12 0 5 0 12 27 5 27 3 17 29 29 17 4 19 24 35 9 8 3 8 35 24 30 20 2 9 44 21 11 44 31 38 4 0 56 31 60 6 25 22 48 40 49 62 18 5 31 17 69 8 42 66 12 77 6 40 54 3 2 31 48 79 49 87 25 30 10 86 60 23 67 24 74 35 57 5 0 58 40 82 63 92 80 102 106 24 33 101 66 30 29 111 44 58 85 111 23 103 44 80 36 104 74 67 22 3 62 13 130 2 95 109 77 137 109 43 6 133 122 70 110 94 18 104 114 114 82 108 149 146 123 10 62 103 50 127 139 97 97 35 33 127 152 101 40 13 103 84 166 22 81 118 140 168 109 140 43 113 65 77 60 58 46 150 62 49 148 77 91 59 67 13 145 2 175 31 169 150 18 90 23 113 100 171 136 199 127 95 199 83 136 50 198 84 184 13 37 23 0 175 37 12 218 76 7 173 48 152 202 58 209 167 214 107 151 64 11 176 91 218 174 130 232 179 179 175 18 199 32 9 147 86 238 140 189 62 223 193 165 237 127 84 93 206 141 52 210 263 18 122 147 79 217 151 62 55 139 28 9 133 247 3 80 17 255 216 153 279 228 176 249 14 111 232 129 242 13 117 113 20 166 128 93 241 175 280 168 257 272 260 191 214 116 309 183 49 222 231 96 64 12 119 298 117 45 56 1 205 5 220 40 87 69 196 90 208 200 210 48 252 117 58 32 280 325 181 67 208 96 31 9 294 212 65 194 333 70 315 340 89 67 119 350 303 308 60 114 49 173 77 200 172 30 116 346 138 325 361 183 235 70 15 167 280 257 318 270 201 107 55 107 229 111 357 5 398 108 58 197 379 398 377 204 6 317 149 280 302 237 207 15 58 387 342 95 67 105 294 62 207 359 290 89 100 200 238 275 358 250 270 255 296 82 203 12 294 172 75 47 357 323 65 420 44 412 21 297 27 85 424 74 424 255 358 361 388 362 334 65 310 92 106 87 271 84 266 164 280 180 8 296 266 108 95 311 328 425 286 256 95 93 77 79 293 133 386 435 235 74 273 450 98 154 320 214 433 348 413 113 256 420 366 479 444 442 420 122 416 370 480 216 251 318 115 196 163 69 94 229 365 0 271 134 309 332 90 219 99 428 322 441 79 270 30 158 210 250 35 424 463 194 300 154 230 442 67 117 385 52 458 20 422 211 359 413 340 385 133 120 421 367 101 10 8 259 521 564 315 13 456 49 355 449 83 71 78 303 544 528 570 463 331 55 223 511 64 166 267 227 161 107 98 432 121 46 149 129 340 248 49 572 97 497 9 532 548 505 81 239 368 607 134 584 420 486 578 160 307 223 393 51 173 263 363 416 579 113 553 180 137 346 365 379 499 259 334 26 391 338 221 34 593 261 500 237 374 340 460 481 536 75 361 123 154 623 62 199 150 222 408 632 147 59 220 27 233 555 409 362 667 300 360 321 41 427 352 604 203 76 164 421 486 465 686 511 8 401 149 101 501 34 43 588 526 492 60 534 124 554 267 426 245 468 274 443 29 457 273 374 325 90 243 704 86 652 62 214 651 556 174 31 343 652 715 389 423 607 225 317 116 411 498 549 404 88 595 163 53 294 639 673 33 5 550 657 243 522 57 309 411 466 246 284 608 457 199 732 49 574 347 53 671 606 493 76 736 638 221 770 404 445 522 144 710 129 381 86 520 565 707 27 394 634 109 510 511 601 76 237 287 764 536 163 533 189 62 421 704 387 155 506 158 665 640 350 150 208 453 207 758 623 194 210 234 444 464 69 259 4 415 178 774 617 729 76 117 488 293 208 413 272 516 38 549 798 631 816 241 824 343 274 452 343 430 395 98 66 655 193 63 80 782 486 787 78 221 588 25 586 90 8 83 572 185 258 702 674 573 226 305 262 790 812 550 34 250 719 873 263 567 538 123 398 687 782 566 740 438 160 720 721 529 645 75 778 801 841 564 829 239 126 825 557 623 874 796 483 403 718 108 846 1 22 302 893 357 537 879 187 835 716 853 16 590 417 387 566 830 362 271 578 842 878 70 608 799 566 5 891 581 640 406 357 416 591 737 24 40 5 404 479 268 473 272 90 112 302 470 5 939 773 291 344 892 514 814 853 615 812 560 709 72 594 466 297 78 268 430 649 446 688 535 213 191 457 467 910 67 629 
992
19 31 51 55 172 180 197 210 284 331 363 404 489 546 629 641 724 787 939 967 
20 60 130 169 173 204 265 274 280 318 328 355 365 374 414 446 488 511 695 696 791 
18 53 112 175 178 239 274 280 350 355 462 588 617 625 783 832 885 932 991 
20 7 16 37 146 262 289 314 365 466 527 550 606 612 645 798 803 818 850 869 957 
18 102 109 145 167 266 271 275 413 430 433 556 648 649 676 679 706 744 983 
18 4 15 262 297 300 324 363 426 518 584 808 866 874 880 902 947 950 972 
19 2 101 124 134 170 209 214 237 247 318 326 362 416 518 636 737 790 821 950 
20 42 100 124 138 146 160 238 302 323 364 436 577 660 667 742 827 878 884 896 975 
18 64 75 143 212 243 264 302 386 398 409 567 641 660 676 790 812 852 978 
17 74 138 298 367 382 385 400 414 435 540 591 722 727 741 859 924 968 
18 26 79 163 200 279 385 461 466 567 621 632 666 794 811 857 867 917 975 
20 79 145 157 165 177 214 293 376 427 690 727 753 790 796 806 887 955 957 976 986 
19 44 189 243 248 335 358 380 385 388 431 483 538 597 706 714 821 887 906 979 
19 17 98 140 150 191 239 321 397 499 531 735 755 796 838 878 880 907 927 940 
20 59 150 177 179 243 251 256 261 436 441 477 478 574 800 816 870 900 920 948 961 
18 95 165 268 378 447 456 548 568 573 597 612 660 678 764 831 873 894 962 
19 13 65 77 156 251 268 272 341 371 414 423 574 593 667 699 780 790 799 948 
18 1 48 222 265 297 329 420 439 444 675 726 848 915 934 942 947 958 973 
18 20 44 74 120 184 205 208 312 358 392 452 510 619 750 790 834 842 989 
19 12 84 91 149 214 347 389 408 420 424 474 479 548 549 636 655 735 882 905 
18 12 21 132 224 229 406 433 448 485 488 529 548 625 698 715 806 817 838 
18 7 22 74 99 121 142 143 318 398 462 486 677 682 693 724 773 903 956 
20 5 11 50 92 264 301 311 351 432 461 500 655 667 736 761 777 782 793 794 865 
20 2 7 47 146 177 208 324 332 351 381 583 623 657 664 715 753 764 858 958 981 
19 17 58 157 162 167 192 232 316 346 409 422 552 629 706 730 849 878 880 903 
20 23 52 107 114 274 326 389 392 447 560 576 644 661 693 717 751 755 766 820 896 
19 26 68 71 113 144 250 252 313 391 413 426 448 449 511 543 576 796 832 961 
18 35 36 78 91 122 260 305 325 369 522 532 661 675 680 700 704 838 843 
18 13 53 82 114 116 150 252 272 358 390 412 444 447 629 815 864 944 955 
18 26 33 42 95 117 140 289 400 467 485 549 565 601 690 757 777 818 965 
17 122 137 158 258 262 317 356 359 424 456 496 538 583 591 629 816 933 
18 161 186 227 247 295 348 434 458 502 556 584 587 607 636 656 739 927 929 
18 13 32 33 72 127 219 278 290 302 373 386 511 553 584 597 607 839 964 
20 33 87 90 161 220 285 379 381 529 551 553 592 602 629 753 793 802 803 908 971 
19 114 139 259 263 266 355 378 430 445 600 601 652 673 683 698 740 776 968 978 
20 52 76 166 181 191 205 330 443 452 563 592 607 611 726 729 830 833 874 884 946 
18 27 42 52 74 178 363 382 384 392 441 461 482 606 626 630 672 726 878 
20 39 107 157 186 283 284 366 514 549 550 552 605 656 672 743 744 789 849 902 920 
20 64 86 92 296 341 354 407 464 483 566 576 640 678 754 756 829 846 858 920 980 
18 98 144 158 188 214 339 387 410 568 603 705 750 783 897 908 909 926 988 
19 70 80 153 194 320 428 459 512 555 578 615 703 713 732 734 744 870 883 894 
19 10 46 84 132 141 213 225 246 264 293 361 404 499 541 712 723 734 818 897 
19 107 266 269 286 394 427 460 482 492 578 590 662 715 716 823 827 909 956 984 
18 108 114 160 167 257 269 332 475 528 549 597 604 822 834 861 936 961 989 
20 9 176 203 308 369 403 434 464 483 487 588 614 621 658 726 750 847 864 886 888 
19 30 33 36 88 157 159 192 197 230 373 385 404 412 454 518 581 786 952 960 
18 83 91 106 158 194 209 234 266 290 370 514 568 578 652 656 670 733 736 
19 29 69 127 154 202 219 325 328 392 442 485 536 617 627 766 820 872 933 968 
18 84 98 103 230 294 407 451 486 553 558 580 585 605 777 966 968 978 983 
18 113 133 157 167 247 359 414 416 561 612 623 628 642 749 753 838 839 941 
18 3 65 97 148 192 229 259 352 355 369 435 529 698 723 827 854 872 931 
20 5 84 107 134 168 200 206 245 329 339 345 430 464 548 599 617 630 840 934 967 
18 33 100 402 415 422 456 493 505 534 542 548 555 564 567 618 715 810 916 
19 43 57 61 90 113 152 175 355 417 434 494 552 606 693 834 845 893 971 980 
18 42 104 175 190 203 388 463 486 489 633 637 680 725 733 792 894 923 980 
19 51 173 182 281 386 412 424 432 500 586 627 636 760 766 832 848 910 962 967 
19 66 79 100 137 169 188 235 245 270 468 544 635 765 875 902 940 955 968 971 
20 32 37 87 173 260 286 299 368 461 478 533 556 590 627 649 651 670 745 802 825 
19 52 75 79 196 245 340 453 461 467 568 644 784 788 801 803 902 929 931 949 
19 18 49 66 150 210 268 300 429 532 562 575 597 756 797 821 837 862 887 949 
18 66 70 101 159 225 226 230 237 263 267 426 576 719 735 792 926 983 985 
19 79 134 159 187 263 325 330 349 385 389 429 520 521 533 781 805 954 975 979 
20 65 73 159 219 332 356 364 369 401 529 543 566 596 600 643 651 685 733 758 835 
18 41 142 268 323 369 382 424 475 627 651 674 794 804 822 843 862 883 920 
18 63 118 204 208 265 269 277 398 496 541 685 712 759 762 798 937 965 985 
18 92 202 227 285 375 422 522 535 537 540 598 618 648 721 730 868 925 930 
20 2 52 59 102 117 161 233 246 275 338 374 377 422 484 717 856 867 931 982 988 
20 13 18 52 212 225 248 289 293 311 382 438 459 595 640 666 695 721 856 908 926 
18 11 77 115 136 150 189 202 260 261 364 383 469 513 707 752 768 853 877 
20 115 215 224 256 316 354 355 398 487 581 585 672 701 745 750 759 815 912 960 988 
18 56 100 163 253 286 289 346 414 453 464 539 653 718 763 788 790 829 961 
20 90 111 218 225 231 243 346 351 385 415 442 487 551 622 761 796 811 887 944 993 
19 3 77 124 127 296 346 380 412 450 469 491 629 638 706 757 800 888 902 955 
19 2 40 242 255 256 395 404 484 489 494 497 538 560 668 706 726 815 863 947 
18 16 34 84 111 204 245 319 436 538 598 605 659 690 699 803 830 844 946 
20 53 67 153 175 181 287 315 345 435 450 509 547 550 564 659 669 733 889 905 941 
19 51 109 176 246 253 373 414 457 481 648 672 679 751 754 771 848 866 922 964 
19 143 185 200 224 278 312 356 370 409 436 472 480 513 523 538 672 749 867 952 
20 48 90 101 136 187 278 287 304 363 435 547 663 664 711 750 755 833 841 881 901 
20 25 63 77 81 150 232 246 328 393 409 436 516 545 580 584 690 705 763 855 866 
17 14 97 136 228 244 341 425 573 647 656 663 716 768 857 906 920 958 
18 41 137 206 221 341 348 375 669 742 765 766 794 837 870 908 920 959 962 
20 7 30 77 137 158 168 246 268 456 458 516 518 584 695 751 772 782 797 811 909 
19 14 156 186 235 287 303 307 410 456 470 473 481 618 735 739 764 911 924 936 
19 62 151 190 193 239 273 275 302 333 337 340 368 520 616 656 681 686 708 759 
20 84 89 91 100 115 156 237 361 372 510 545 609 611 724 736 880 937 965 979 992 
19 147 167 315 380 419 444 454 464 508 520 521 590 604 632 687 768 827 856 975 
20 100 122 124 233 248 412 459 509 569 581 636 689 710 788 793 798 857 902 918 924 
19 20 33 44 191 217 234 469 558 593 656 668 701 730 750 777 795 798 856 874 
19 73 171 210 261 340 400 418 431 438 455 537 591 596 610 639 669 752 783 884 
20 29 46 74 88 169 260 291 297 306 488 543 577 599 605 700 723 829 901 943 983 
20 299 303 476 485 505 563 604 684 706 708 726 737 791 850 855 862 874 911 920 990 
20 13 233 248 277 298 346 420 490 544 602 665 746 760 773 879 886 910 928 933 935 
19 75 86 138 156 161 209 248 373 501 512 524 629 655 665 706 874 877 949 981 
18 98 142 144 211 212 256 257 309 353 384 459 480 544 631 643 703 778 987 
18 6 17 29 33 165 171 379 395 522 542 549 603 607 711 814 914 927 983 
20 7 35 105 107 108 159 172 194 215 237 358 361 575 676 831 870 872 912 977 993 
18 18 123 139 140 156 210 334 475 549 558 591 615 680 731 763 815 820 833 
18 41 73 147 225 339 460 491 519 521 522 605 674 697 744 764 786 944 972 
19 39 47 92 208 310 360 365 378 388 415 453 489 499 565 617 636 925 944 948 
20 91 96 151 174 232 346 434 489 529 619 631 720 738 739 859 861 918 950 956 974 
19 22 47 78 81 111 169 172 272 278 314 464 524 575 725 779 847 892 926 934 
19 67 99 121 190 248 301 334 364 366 402 443 466 536 695 736 741 844 972 988 
19 17 96 107 312 352 360 584 620 628 635 684 694 758 771 773 813 880 891 902 
18 48 51 156 188 206 266 292 358 392 408 630 715 726 795 817 857 904 967 
18 77 103 133 135 139 163 213 257 382 467 497 527 530 646 829 879 888 909 
19 49 101 150 162 193 206 319 327 410 628 703 762 830 908 951 956 957 985 990 
17 75 141 168 186 227 475 537 552 572 573 609 805 916 934 945 948 967 
18 99 243 265 280 313 316 323 344 414 436 465 657 733 831 838 980 983 992 
19 152 237 329 361 493 506 509 543 569 570 660 686 708 745 798 856 875 898 974 
20 7 65 107 140 209 225 304 368 376 486 566 583 624 775 809 825 868 908 911 926 
17 117 123 160 161 195 346 469 541 563 618 621 639 656 685 724 734 769 
20 121 130 148 198 255 265 290 351 500 690 780 788 793 804 822 826 834 902 919 978 
20 30 172 210 213 263 328 376 398 425 432 490 590 605 606 637 640 648 747 771 992 
19 9 40 96 282 477 515 552 556 583 622 625 726 727 732 783 801 918 960 980 
19 108 287 290 413 465 520 611 647 694 706 740 751 821 859 869 872 940 945 984 
18 22 119 298 330 341 352 358 361 423 479 516 596 688 784 851 858 930 965 
20 5 78 103 163 197 223 244 326 386 387 398 461 466 475 501 579 714 953 962 977 
18 75 77 133 139 202 213 225 271 308 429 508 573 580 752 819 844 883 939 
20 2 11 75 104 231 252 254 411 424 453 529 582 607 681 783 786 852 912 918 971 
19 64 96 145 191 194 221 269 328 353 418 467 503 553 556 598 656 737 822 936 
20 38 67 74 243 265 273 340 357 412 419 443 454 510 639 816 850 861 915 960 984 
19 15 20 24 39 229 307 310 402 404 434 541 575 596 747 812 839 847 917 949 
19 42 106 207 248 295 317 325 379 416 427 507 637 691 717 765 786 792 938 988 
19 31 137 238 265 271 319 345 417 558 570 605 640 704 708 731 786 793 850 864 
18 114 120 176 181 320 370 508 621 630 653 718 756 775 824 934 937 962 982 
17 6 170 206 275 347 413 492 516 549 555 621 680 682 754 793 829 946 
19 55 66 90 108 145 172 243 259 387 435 452 458 463 491 513 579 589 822 968 
20 140 173 309 384 428 451 478 499 503 542 555 583 584 593 602 657 756 927 933 951 
20 16 72 162 182 199 207 273 315 393 408 427 460 490 586 590 773 796 831 852 974 
19 31 72 218 256 315 427 446 562 604 677 695 698 713 843 939 941 942 961 983 
18 73 93 131 179 223 450 479 563 580 589 664 690 698 760 764 778 781 951 
19 85 136 156 169 180 208 234 259 314 475 482 614 634 650 685 734 797 825 951 
18 46 90 127 167 174 231 240 286 476 529 544 616 632 835 852 883 952 959 
18 9 24 250 302 321 362 429 440 481 500 509 530 539 605 634 732 852 859 
19 33 43 44 46 61 73 110 194 376 402 565 579 643 644 740 840 860 920 992 
19 46 47 80 83 112 132 155 268 291 296 315 412 421 671 778 786 805 815 962 
20 4 5 93 236 239 257 268 295 334 436 448 538 581 637 781 843 872 951 981 988 
19 131 198 231 264 279 352 356 381 467 511 517 570 584 631 748 930 949 950 990 
18 23 28 38 69 143 183 261 338 466 614 629 716 752 834 886 898 940 975 
20 39 108 110 169 181 240 396 401 459 461 519 575 661 733 766 785 805 878 921 943 
19 23 24 25 68 71 76 109 141 171 172 195 223 344 455 490 533 637 849 965 
19 127 170 191 254 326 378 441 447 491 549 597 666 735 746 844 850 931 969 984 
19 35 60 227 258 268 353 472 474 491 494 613 700 704 707 729 765 781 875 905 
19 49 72 106 123 253 337 338 366 437 493 502 521 640 682 696 810 896 946 955 
19 56 98 159 171 191 222 296 384 455 562 624 665 710 713 829 859 864 912 936 
19 89 145 255 265 273 316 324 335 344 366 386 435 555 584 628 667 756 781 840 
18 19 25 47 104 112 211 228 324 536 567 575 630 662 677 815 860 938 966 
18 93 95 178 228 234 263 279 289 309 480 507 545 599 629 670 754 834 913 
20 19 31 36 132 176 192 274 381 436 557 600 604 613 708 727 735 831 847 875 947 
19 57 176 307 339 397 540 558 559 561 615 655 721 729 733 752 867 932 980 983 
18 9 72 75 123 128 252 291 327 476 557 566 615 619 757 803 813 819 985 
20 73 83 109 139 148 174 183 257 293 339 355 466 547 705 729 748 780 847 862 927 
20 55 57 109 136 146 199 217 229 249 320 322 375 492 550 621 719 769 811 813 821 
20 51 66 74 77 119 199 230 405 449 471 510 511 514 525 529 666 835 877 921 924 
18 50 206 208 235 298 422 605 611 618 651 689 756 785 809 865 919 957 989 
18 105 119 231 237 323 353 458 544 583 614 643 799 886 903 939 957 974 975 
18 14 82 106 150 166 340 608 636 674 702 704 759 831 854 865 883 891 945 
20 126 232 298 307 358 493 542 639 642 652 673 694 700 708 716 775 795 919 947 986 
19 53 71 118 164 327 361 365 383 475 506 507 541 634 717 731 739 743 938 948 
20 34 175 191 213 225 230 270 271 353 442 495 544 566 722 724 777 801 803 855 871 
19 14 74 99 143 247 267 331 406 411 487 497 539 592 603 637 655 669 683 983 
20 24 33 167 195 267 269 292 293 309 416 477 593 645 718 778 786 814 826 917 932 
18 1 4 92 95 214 249 304 333 383 404 490 586 628 648 742 773 807 849 
18 7 135 205 207 259 320 397 522 605 611 634 746 750 833 863 893 904 919 
18 45 89 196 214 222 256 412 457 558 611 729 800 821 842 844 866 984 989 
19 98 151 192 279 281 325 423 499 505 627 634 731 815 855 868 941 949 950 967 
20 73 85 95 101 119 163 177 273 380 422 472 482 621 624 717 739 763 771 826 908 
19 64 119 193 222 236 297 370 402 424 429 432 722 725 734 758 840 841 857 973 
18 28 32 103 125 176 209 234 291 304 350 442 519 554 713 746 917 937 972 
18 69 128 179 192 284 298 333 364 548 566 571 612 676 677 760 762 933 969 
20 6 59 62 111 226 284 319 338 345 346 425 480 534 549 641 704 827 869 891 974 
18 12 14 22 200 337 345 363 366 466 479 504 521 548 741 904 907 910 978 
18 87 105 108 156 183 271 374 391 419 595 676 708 751 781 800 844 898 976 
19 12 63 227 251 331 386 486 525 580 591 627 628 659 696 732 738 763 784 908 
19 3 59 64 93 152 200 246 250 336 346 361 401 418 428 703 706 835 863 981 
19 48 88 135 155 313 349 477 517 615 641 647 706 727 743 801 891 956 978 989 
20 88 180 328 356 363 456 483 554 591 597 627 670 773 814 829 837 867 890 955 967 
20 20 103 119 169 172 319 346 395 446 458 495 535 597 610 651 660 733 764 835 972 
19 96 99 142 208 239 240 275 282 407 418 554 557 569 638 663 685 749 898 961 
19 11 28 75 107 138 169 331 346 452 462 485 539 568 675 699 727 750 918 958 
19 87 136 172 231 266 282 287 368 398 420 478 624 633 692 720 768 800 896 903 
18 29 39 85 90 139 188 205 272 441 477 621 631 671 752 811 874 927 942 
20 196 225 235 249 297 481 493 548 592 594 615 674 721 734 789 808 851 863 891 933 
20 17 31 158 203 239 258 383 387 415 419 444 452 471 498 627 670 831 890 934 936 
18 3 59 60 64 85 89 298 342 362 392 397 428 585 586 711 771 825 862 
18 27 136 162 171 190 356 436 456 584 641 671 710 743 776 821 869 927 953 
20 5 12 41 43 130 216 309 320 351 369 395 483 544 650 720 821 918 923 924 935 
18 22 160 168 170 190 274 290 302 329 407 492 522 523 680 696 745 915 946 
18 35 51 63 153 184 203 223 288 369 502 533 556 582 628 677 730 771 848 
18 8 296 317 320 346 352 418 442 478 481 556 589 650 674 875 876 898 916 
20 32 67 81 252 273 387 422 448 454 509 510 623 631 632 666 729 796 831 883 922 
18 98 141 185 201 232 298 381 391 487 489 547 551 564 719 779 792 793 873 
20 34 60 142 185 194 257 407 420 471 489 602 665 666 776 792 821 829 871 978 982 
19 166 169 196 220 247 264 267 335 370 380 479 551 593 755 766 833 842 914 936 
20 43 64 163 165 167 185 199 263 296 307 350 431 625 673 854 872 897 903 926 951 
18 99 141 249 280 350 427 465 500 506 511 593 605 612 623 683 824 850 853 
19 81 140 172 249 269 334 414 464 573 608 636 646 656 696 704 784 804 877 892 
19 44 84 107 300 328 356 386 387 395 432 661 680 689 707 783 812 888 962 966 
20 23 71 92 108 143 186 258 291 539 546 602 720 803 811 819 904 909 961 969 972 
18 98 126 127 130 202 299 304 399 400 466 526 702 742 813 873 895 904 959 
18 13 62 127 213 344 360 373 388 430 432 662 741 744 850 916 936 960 991 
19 49 151 210 217 239 345 374 409 476 482 506 544 557 595 752 776 915 923 981 
20 6 30 68 108 126 129 199 225 341 429 452 554 562 606 613 630 658 963 965 968 
20 96 119 153 189 281 318 334 372 378 484 495 538 643 645 674 681 732 749 967 974 
19 110 111 114 162 376 455 465 529 552 576 615 619 631 678 791 831 860 878 941 
18 57 158 172 360 481 496 530 577 586 620 622 659 716 772 906 920 978 987 
20 9 50 59 135 188 206 231 309 398 445 477 496 510 639 666 701 764 923 929 954 
18 27 118 247 299 301 398 400 421 506 593 719 745 751 814 900 913 970 974 
20 39 98 116 242 254 345 385 429 580 629 632 658 669 769 770 796 805 807 863 871 
19 43 67 116 223 257 271 333 374 407 419 453 480 733 745 811 851 947 956 967 
18 206 210 364 378 409 428 470 562 566 602 663 815 911 923 937 956 959 975 
19 80 122 187 196 283 298 332 378 497 553 565 628 653 671 724 782 824 834 975 
19 8 34 55 178 202 297 328 340 465 520 566 577 624 646 684 732 786 933 949 
18 11 29 178 187 350 378 384 452 493 499 513 554 634 735 783 827 906 978 
20 30 39 44 147 197 245 262 423 486 507 551 577 619 737 743 767 834 916 940 988 
19 6 36 93 100 237 401 406 453 514 558 600 621 681 689 881 975 980 988 991 
18 12 52 66 216 292 294 334 409 464 481 500 510 524 575 762 821 872 884 
18 37 82 88 103 120 134 135 241 344 409 512 566 575 726 744 799 818 944 
18 1 37 94 119 127 212 242 259 275 326 327 352 439 506 579 852 914 974 
20 5 29 165 195 262 282 355 415 494 580 599 654 659 715 739 750 930 957 967 986 
19 25 27 86 152 155 160 162 214 299 363 428 430 439 513 514 547 678 793 859 
19 18 57 66 152 284 477 521 558 650 652 670 718 725 753 797 830 852 895 922 
19 41 105 123 153 157 161 229 285 366 597 619 668 670 699 735 768 790 832 870 
18 7 15 132 171 261 298 445 448 505 555 565 570 581 621 676 784 858 881 
19 8 12 77 129 132 142 175 178 203 208 216 227 353 503 619 654 849 893 934 
19 42 112 153 214 297 461 525 571 588 632 644 646 740 743 764 809 855 858 887 
19 9 28 75 124 170 228 282 327 348 354 480 526 658 762 763 860 941 958 987 
18 52 77 182 221 272 403 409 525 570 730 775 776 825 861 870 924 973 975 
20 34 150 234 257 333 360 366 376 465 537 556 585 607 693 705 752 797 802 867 957 
18 138 217 238 310 419 426 459 531 546 612 835 839 862 868 905 942 972 988 
20 8 15 29 125 127 216 238 283 306 355 397 564 622 699 716 816 889 919 975 981 
19 20 218 236 251 317 353 361 430 439 521 580 619 706 725 754 779 798 805 929 
19 2 46 51 119 140 169 310 369 395 559 615 625 700 726 767 768 793 907 942 
18 77 90 174 187 235 237 281 475 481 565 606 616 785 788 807 863 868 893 
18 26 102 208 261 283 320 325 331 370 492 507 514 516 522 532 900 973 984 
18 19 33 46 143 332 381 424 463 469 529 554 570 635 690 716 747 880 895 
20 38 141 152 249 292 333 338 356 415 482 488 545 577 597 798 828 907 914 953 966 
19 88 92 94 197 259 296 323 332 360 382 405 554 595 613 619 761 763 804 821 
19 29 71 108 123 256 286 337 412 465 507 512 528 534 568 787 795 885 900 952 
19 200 225 333 369 373 411 465 497 587 589 606 621 625 653 685 717 741 818 977 
19 3 101 194 208 221 260 449 461 480 488 685 703 787 884 902 916 934 955 991 
18 38 45 85 137 311 360 363 413 452 460 682 684 724 825 899 941 971 975 
19 34 55 89 163 186 194 290 299 522 548 592 653 711 720 724 731 748 750 921 
19 128 290 291 497 504 508 513 580 616 624 654 688 805 815 818 823 886 943 970 
19 12 81 89 284 285 304 320 395 466 526 540 567 638 785 846 881 889 893 990 
18 1 92 122 187 198 309 348 374 432 508 536 601 617 643 660 761 905 908 
19 3 6 20 27 67 82 93 104 131 265 269 299 371 406 628 744 791 937 950 
17 201 299 319 463 509 514 617 656 681 689 707 875 918 929 940 972 979 
20 2 25 208 241 250 275 332 348 512 539 586 630 719 721 776 829 867 899 959 975 
19 12 27 157 232 253 343 490 500 538 579 592 604 686 775 797 815 832 937 939 
18 60 129 222 313 364 398 436 570 642 645 666 680 710 741 802 807 927 989 
18 58 140 190 203 348 370 371 422 460 504 541 560 642 666 727 775 791 837 
20 10 30 126 233 353 374 569 597 631 649 657 705 763 783 821 859 860 872 961 964 
20 8 30 183 222 234 270 312 332 392 486 653 667 668 685 778 815 841 842 871 892 
20 62 126 213 262 328 430 486 546 612 616 690 714 750 765 786 804 819 869 885 895 
18 191 203 230 246 289 336 358 396 399 454 495 500 527 542 636 703 721 926 
18 12 22 48 82 148 152 294 311 396 413 440 449 704 809 895 904 929 930 
19 45 61 64 201 231 270 382 395 405 444 519 612 660 845 849 861 863 875 974 
19 45 47 106 113 215 375 376 417 456 481 483 507 536 664 666 861 920 952 981 
18 28 101 114 217 256 339 359 387 520 540 575 600 631 734 747 754 766 807 
18 100 107 171 176 246 368 429 442 479 525 565 595 676 854 861 886 903 971 
18 3 80 200 273 314 329 461 604 610 621 627 726 734 789 839 913 929 943 
20 2 33 98 113 129 133 161 185 201 474 493 541 711 719 729 755 762 774 922 935 
20 31 98 114 182 208 256 257 271 324 336 371 378 550 618 718 752 837 952 957 965 
19 11 35 37 105 148 178 185 217 260 294 389 418 524 647 692 746 818 844 904 
19 22 77 137 172 206 263 291 339 344 378 434 456 506 511 651 687 801 826 986 
19 30 122 229 235 349 375 378 482 500 549 672 681 726 731 779 876 879 882 980 
18 9 52 144 155 156 436 515 557 561 573 582 710 731 788 806 835 961 991 
18 90 95 236 247 258 343 410 456 535 599 627 628 642 702 731 782 813 980 
19 1 37 45 98 135 182 243 355 396 403 504 518 533 674 678 689 889 924 949 
18 109 131 144 197 262 292 340 373 437 476 478 641 662 760 938 952 954 968 
20 1 16 53 67 174 192 194 280 292 333 403 476 481 525 562 646 722 737 874 918 
20 15 45 219 262 301 329 386 499 526 543 606 623 637 694 756 812 837 882 890 993 
19 5 21 54 263 357 388 409 442 510 613 624 626 674 709 711 727 778 837 881 
17 61 94 172 177 179 293 637 667 688 732 736 747 807 824 916 918 936 
19 5 6 50 83 177 198 208 299 363 433 589 599 674 711 767 770 790 801 865 
19 8 10 30 71 106 354 360 412 531 626 634 695 736 748 752 798 930 951 993 
18 97 112 134 238 283 295 298 347 381 490 503 562 623 634 841 843 905 939 
20 16 49 85 141 150 272 289 301 349 408 432 476 510 548 671 681 703 773 815 962 
20 88 193 216 224 313 389 470 473 481 524 550 560 574 745 800 846 851 864 946 985 
18 11 70 98 245 280 291 317 325 368 392 426 483 625 646 741 757 787 828 
18 30 38 40 72 99 123 224 291 292 342 415 570 580 615 723 821 895 983 
20 79 186 241 309 334 362 382 388 418 530 558 559 633 681 708 748 787 799 918 925 
20 34 43 181 288 361 368 426 516 524 569 607 685 691 754 794 847 856 873 925 980 
18 18 50 77 120 149 194 250 406 449 510 577 593 637 680 789 802 844 929 
19 4 51 151 196 220 266 303 337 393 434 440 501 506 511 555 764 770 792 931 
19 19 26 32 37 66 89 168 302 305 350 357 385 466 474 520 670 736 935 961 
18 21 46 149 150 334 416 566 613 630 667 783 791 881 891 898 918 948 960 
20 1 25 71 174 184 316 332 334 380 391 405 458 511 512 573 631 713 780 801 975 
19 103 110 129 189 191 228 298 354 364 367 409 539 624 747 754 768 803 841 848 
18 69 91 131 135 255 298 349 367 432 470 514 523 625 728 753 814 853 971 
19 4 49 70 281 314 315 379 499 537 615 656 697 745 758 791 835 872 896 962 
19 65 176 238 260 282 355 453 467 489 589 693 699 785 786 841 901 931 954 968 
18 25 124 160 184 202 251 283 380 394 403 422 425 604 736 756 891 905 949 
19 26 67 95 101 195 207 209 255 312 315 381 523 535 566 593 720 766 783 935 
19 19 80 84 88 124 132 133 154 246 319 407 470 635 647 649 671 689 792 804 
20 44 135 171 185 293 302 335 374 505 510 568 579 627 646 765 811 834 874 893 984 
18 17 70 84 247 291 306 334 356 377 464 481 504 601 623 625 646 818 969 
19 171 176 232 259 291 310 385 393 396 422 501 515 546 625 637 679 706 761 863 
20 6 56 67 80 82 152 189 241 383 481 513 612 636 649 730 742 912 924 971 987 
18 15 60 61 83 130 134 246 328 449 466 477 529 572 578 649 674 831 885 
19 119 129 217 272 326 358 379 386 388 389 393 510 554 639 675 679 794 927 936 
18 54 170 198 224 384 497 601 658 668 740 756 791 795 872 873 875 883 962 
20 73 210 233 248 302 408 421 443 464 468 523 558 701 761 799 823 847 875 897 914 
19 17 114 118 131 211 279 376 439 520 615 617 653 680 732 744 774 810 957 961 
18 26 273 350 441 498 595 683 726 758 761 795 798 837 840 853 868 880 913 
20 89 187 228 279 332 344 469 624 638 673 696 699 764 776 791 891 909 943 952 969 
20 92 100 105 221 247 276 279 331 470 478 489 538 548 665 685 755 766 806 872 881 
18 58 68 131 168 250 415 427 431 554 626 640 647 667 747 756 766 879 947 
19 3 36 93 94 140 204 321 338 411 483 535 577 581 678 849 919 949 953 979 
20 8 67 150 172 211 364 389 411 449 505 571 623 652 779 801 808 815 868 904 960 
19 1 33 34 44 219 257 309 402 406 416 446 474 653 662 665 891 893 936 946 
19 5 53 105 129 138 301 360 364 482 502 578 611 675 689 691 733 829 895 921 
18 10 99 298 330 379 416 529 537 572 595 668 725 762 769 772 876 885 896 
18 8 24 78 107 196 221 280 282 314 315 612 629 714 725 775 896 897 957 
18 14 86 129 149 170 219 268 353 445 459 514 618 663 695 720 732 944 980 
18 13 43 111 174 193 280 359 375 380 516 522 564 575 693 861 862 905 928 
20 2 24 70 79 112 131 262 286 301 370 376 404 459 546 577 599 682 686 749 845 
19 70 112 114 160 378 420 483 627 629 674 716 741 749 752 787 800 839 920 933 
19 20 79 95 103 108 122 131 150 154 293 347 349 390 558 818 864 929 955 978 
20 16 22 47 57 116 120 161 189 285 339 406 413 434 561 563 736 764 799 914 983 
18 70 108 116 185 200 245 292 356 384 462 507 525 666 778 825 839 881 918 
18 92 153 261 305 328 354 488 526 557 576 668 674 767 818 835 837 844 989 
19 37 39 161 221 246 294 353 418 456 476 478 506 653 680 830 831 900 923 952 
20 81 232 242 387 419 422 499 623 649 656 720 729 735 777 778 870 894 904 939 988 
18 52 57 153 163 193 237 265 382 470 475 532 572 589 624 711 717 747 860 
20 78 89 95 107 114 134 190 206 208 245 252 284 364 420 523 660 718 719 917 933 
18 109 220 223 224 242 312 329 422 472 528 543 580 595 636 666 715 841 848 
18 120 153 223 232 240 334 343 360 398 453 620 698 826 828 889 926 944 956 
20 10 43 56 217 263 350 513 533 536 612 629 644 667 672 683 695 764 829 908 971 
20 10 27 156 192 209 218 236 362 502 555 616 628 636 682 717 746 747 804 893 942 
20 31 190 194 203 244 364 366 376 440 468 540 731 748 757 760 770 790 825 903 915 
18 28 166 192 235 299 322 338 369 448 469 616 641 670 797 854 909 953 956 
19 1 57 100 154 198 240 276 303 316 536 546 620 803 835 868 893 894 966 974 
18 26 76 169 173 174 186 196 247 349 494 552 801 833 883 907 913 928 979 
20 107 128 139 140 171 209 215 284 307 320 377 392 503 556 578 627 727 832 926 964 
18 35 65 144 274 283 311 352 377 380 413 613 614 646 653 656 659 730 797 
18 35 123 178 187 256 403 433 449 506 591 660 671 691 757 812 864 930 976 
19 17 71 150 155 249 253 365 399 401 417 511 587 626 644 653 670 754 814 913 
18 87 115 144 198 221 223 230 342 538 555 668 754 756 773 846 868 874 881 
18 4 31 159 248 260 291 421 433 449 452 489 624 691 697 717 818 854 868 
19 15 33 46 72 129 185 418 503 625 655 734 782 786 787 798 810 859 985 991 
19 72 98 113 190 206 250 322 391 429 472 473 512 578 650 729 745 896 987 989 
18 6 124 228 259 264 283 316 329 383 385 431 470 522 527 706 727 932 947 
18 5 34 69 406 462 492 591 592 597 633 694 732 753 836 896 918 935 953 
19 10 82 89 114 145 208 215 241 254 287 308 457 603 648 771 824 871 890 959 
17 40 139 182 208 233 360 365 426 542 584 620 694 701 713 874 886 899 
18 130 164 207 286 341 366 390 397 400 585 603 854 859 917 948 956 962 984 
19 29 75 111 118 120 293 384 494 526 598 614 728 773 831 857 895 907 926 946 
19 78 110 133 288 295 338 362 389 435 438 452 498 527 557 660 748 763 842 846 
18 6 15 28 157 165 169 194 261 369 518 586 600 787 797 815 848 915 968 
19 3 7 32 35 112 160 206 249 353 463 602 690 827 841 853 904 942 951 961 
18 63 156 172 383 385 410 412 468 586 588 606 617 624 638 705 767 780 959 
20 27 31 55 61 70 166 220 257 273 285 395 437 529 598 831 874 924 959 981 984 
18 11 76 101 129 153 212 235 353 411 626 629 743 772 800 864 873 952 964 
18 113 115 134 290 313 340 408 416 456 491 536 555 735 771 792 810 910 934 
18 1 13 53 55 259 261 303 341 363 402 466 588 610 708 720 766 835 982 
18 29 89 110 122 138 153 299 410 421 423 458 521 668 683 779 815 870 964 
20 16 18 28 84 134 187 190 264 291 421 494 497 554 610 686 731 816 818 869 882 
19 45 65 258 347 374 397 437 448 480 580 709 719 855 877 886 922 931 943 947 
20 28 103 139 169 231 349 359 460 497 505 567 568 624 691 706 719 825 924 929 968 
18 18 135 230 276 298 400 471 476 519 592 599 664 672 708 732 758 811 911 
18 27 58 119 242 312 355 367 383 536 550 600 635 660 754 821 889 950 969 
17 4 179 229 325 370 561 601 646 671 676 722 740 796 810 849 894 910 
19 72 87 106 294 315 341 483 498 558 589 628 676 723 742 754 864 884 942 946 
17 52 181 185 210 276 384 436 551 582 677 691 725 761 867 897 922 970 
19 53 119 245 261 281 294 338 504 563 595 620 622 697 798 805 830 882 924 989 
20 27 56 130 208 216 219 222 238 383 397 417 506 553 555 622 629 684 727 834 987 
20 95 287 293 314 356 411 451 510 531 601 631 644 648 729 742 804 824 841 892 974 
19 20 124 148 152 161 254 293 378 444 448 565 578 599 615 812 913 935 939 960 
18 67 68 133 141 181 219 241 262 283 288 304 372 470 529 596 648 786 789 
20 75 95 125 169 171 179 231 281 352 359 366 420 431 463 708 724 816 890 902 927 
19 50 77 280 284 291 359 384 477 521 527 609 621 692 699 727 732 754 914 978 
19 43 84 88 116 212 236 241 248 267 277 474 490 506 615 768 924 932 973 985 
18 22 146 187 234 301 321 429 436 591 612 694 700 720 818 870 911 933 938 
20 67 80 95 173 273 282 303 339 392 422 471 474 568 659 680 689 722 803 824 892 
20 11 31 43 118 143 162 190 207 228 282 334 377 402 526 554 632 769 894 989 991 
19 23 82 130 150 153 195 331 354 361 375 387 443 451 477 591 629 785 845 954 
18 38 124 157 221 296 345 398 403 404 414 444 555 637 732 757 815 819 891 
18 40 59 135 302 323 326 350 352 377 416 485 545 743 750 818 826 870 953 
18 8 31 143 159 180 219 415 438 468 499 525 542 557 592 622 755 944 970 
20 61 102 182 199 203 392 393 402 405 411 458 460 499 522 535 553 637 654 720 789 
20 36 61 103 425 473 546 585 624 709 776 792 819 822 900 909 916 923 931 934 990 
18 51 89 147 208 211 252 270 386 394 420 462 470 510 511 528 565 686 827 
18 27 107 151 207 227 238 309 540 607 746 806 807 849 912 934 936 948 950 
18 45 123 203 213 250 272 275 325 366 432 435 529 579 675 703 768 876 975 
18 12 15 58 167 219 224 240 387 438 590 629 638 657 677 719 852 911 916 
19 21 51 97 175 208 223 246 363 373 378 379 389 404 525 531 806 886 947 963 
20 14 33 59 128 245 300 378 415 485 487 503 517 634 687 708 720 759 775 972 986 
20 34 66 79 101 122 201 213 266 359 467 509 524 535 580 648 753 757 809 915 986 
18 10 71 151 159 218 255 323 389 396 419 445 467 525 682 725 738 758 937 
19 49 75 152 246 255 556 568 591 642 652 747 778 803 856 876 915 928 932 974 
20 43 49 66 138 166 235 310 369 413 434 469 533 581 582 585 645 894 914 940 956 
18 127 204 251 281 312 375 412 514 592 676 687 752 797 877 923 933 982 991 
19 8 210 343 373 414 442 578 600 616 758 769 787 839 847 870 881 955 967 989 
19 2 19 25 30 55 66 82 86 117 129 170 195 255 375 421 595 724 843 903 
19 2 14 72 111 161 246 332 365 393 445 554 606 609 636 643 704 876 877 902 
19 51 84 100 108 139 265 315 373 521 586 667 689 696 729 741 799 801 861 936 
18 8 65 68 85 215 250 257 452 639 654 765 809 846 855 856 908 919 935 
19 2 49 61 75 105 170 323 346 355 390 474 492 519 522 533 546 590 850 952 
17 83 126 156 160 312 407 430 522 576 641 654 744 806 932 946 955 993 
20 62 68 73 175 185 335 569 609 657 717 827 838 860 874 894 897 948 950 960 966 
18 115 178 271 351 426 469 476 496 498 520 552 655 674 694 746 757 834 980 
19 46 56 98 140 204 307 326 351 395 487 598 608 637 682 707 751 778 835 984 
19 113 123 145 204 255 263 266 398 405 577 608 658 690 725 747 779 813 814 921 
20 146 223 244 272 304 354 442 460 468 474 568 632 683 707 736 802 815 896 963 981 
20 57 90 161 268 327 384 388 406 504 519 545 585 610 636 642 650 687 831 931 961 
20 184 195 239 246 322 390 496 536 568 607 623 642 651 712 758 765 837 840 895 971 
20 66 162 217 220 291 301 318 326 359 364 382 467 490 491 677 688 756 813 903 971 
18 9 44 75 95 184 285 293 407 417 434 469 548 564 578 598 638 809 973 
19 19 58 61 98 163 275 282 349 372 427 436 581 603 667 726 767 800 853 926 
19 15 27 97 176 200 229 235 292 308 510 514 568 626 642 643 661 672 875 982 
19 31 49 90 124 191 302 374 451 500 615 621 646 651 766 782 841 851 889 908 
19 69 72 104 144 159 307 308 309 343 403 418 459 470 538 585 827 887 972 977 
20 8 89 114 188 197 227 491 560 567 578 626 635 672 726 788 834 838 932 937 960 
19 125 154 163 208 211 260 267 304 308 544 567 578 595 633 725 817 845 899 977 
19 24 70 81 102 110 166 205 208 215 346 430 600 723 742 749 764 769 798 967 
18 45 122 226 337 342 384 430 460 506 541 698 710 751 757 765 780 797 926 
20 1 131 135 160 216 378 408 438 474 563 611 659 680 721 785 798 814 863 926 947 
18 6 85 294 334 384 547 577 584 619 641 691 707 771 821 838 846 889 964 
19 10 36 92 99 155 166 265 271 323 368 381 422 583 662 769 770 774 903 938 
18 175 191 272 293 319 464 549 567 586 616 708 720 766 774 828 911 938 974 
20 16 41 49 88 123 141 164 192 234 236 399 446 483 583 590 600 649 665 957 988 
20 40 61 86 121 129 133 177 290 294 340 348 381 393 579 599 660 698 808 878 919 
18 84 94 230 291 394 525 646 669 700 716 754 802 809 850 880 897 938 944 
18 91 120 320 380 402 497 569 591 603 648 659 709 743 757 880 898 911 958 
19 3 9 37 85 134 154 187 292 324 328 355 390 465 546 628 643 651 942 967 
18 66 86 107 111 168 197 206 261 277 324 420 566 692 798 854 865 869 922 
18 52 97 132 224 262 368 462 491 513 555 671 694 713 812 908 917 919 936 
18 271 394 434 459 503 515 527 552 620 646 679 700 761 829 844 904 973 989 
19 30 97 125 178 202 216 242 283 304 335 474 527 592 599 601 796 865 907 986 
19 22 100 356 413 499 514 526 530 542 611 628 630 669 822 853 857 895 941 990 
20 45 91 117 159 168 375 449 607 624 635 663 681 705 738 779 822 853 886 920 985 
18 37 50 79 125 176 246 294 372 422 430 549 632 661 733 738 875 880 894 
19 22 76 83 184 207 286 299 333 404 420 453 480 489 492 719 846 851 909 955 
19 3 46 104 175 196 198 373 577 600 608 645 675 699 707 832 844 861 866 943 
19 47 116 191 294 323 380 429 443 486 497 542 584 602 702 761 790 792 888 931 
19 30 50 101 140 204 209 224 327 374 449 504 524 674 744 810 817 867 929 980 
20 199 210 255 260 280 325 344 412 550 566 584 633 662 679 722 745 762 766 773 837 
17 7 27 102 110 252 405 533 574 635 660 703 795 805 857 868 919 949 
18 47 50 159 378 387 459 547 566 594 605 710 716 747 763 765 776 787 835 
20 9 17 33 44 69 116 232 246 332 461 465 509 600 635 714 737 868 900 923 954 
19 7 42 98 169 173 184 237 350 481 602 664 686 758 801 828 836 868 905 950 
20 16 49 51 118 138 151 168 307 343 399 445 474 522 535 580 606 804 822 955 982 
18 14 80 99 121 129 226 232 280 283 342 356 451 458 482 532 727 752 902 
19 40 86 167 169 322 336 413 454 477 489 559 695 696 710 729 781 845 920 956 
20 85 87 253 290 301 344 401 449 465 499 584 592 665 677 768 797 846 889 913 932 
19 42 55 104 132 192 343 450 497 551 562 620 712 718 748 809 866 895 965 975 
20 54 143 181 227 233 301 306 404 418 434 476 484 573 575 662 869 885 925 952 993 
18 19 30 61 115 234 265 376 487 519 523 541 710 715 756 771 901 927 963 
19 147 166 204 262 270 276 422 449 452 455 471 538 614 625 760 762 781 787 852 
18 72 90 188 208 225 257 314 383 465 471 482 515 630 640 702 831 861 982 
18 37 79 142 203 216 248 324 353 365 414 592 600 723 818 912 943 952 988 
19 110 117 121 204 229 304 416 483 514 537 617 641 681 802 811 818 820 870 944 
18 13 37 81 147 216 272 273 353 409 465 592 610 646 702 756 770 958 981 
19 7 52 53 84 170 183 286 310 312 375 460 466 524 585 621 683 706 802 878 
18 18 75 133 138 157 158 184 264 339 390 523 529 532 616 685 784 808 964 
20 61 66 141 157 295 328 339 358 452 533 559 584 594 695 747 750 816 875 887 919 
20 9 27 28 32 141 346 364 367 476 480 488 666 688 694 801 847 880 930 959 966 
20 3 130 135 164 177 191 199 237 519 619 639 678 715 741 779 781 785 867 891 925 
19 1 202 295 330 360 375 428 449 514 522 582 650 658 674 677 706 865 902 912 
19 10 22 58 93 159 220 226 243 262 292 363 510 541 559 572 665 694 698 948 
18 3 28 143 193 201 299 304 418 466 547 567 573 608 610 651 798 870 940 
19 30 35 55 57 89 144 182 234 262 286 298 350 351 377 390 406 558 632 698 
20 40 82 88 118 152 175 198 369 370 423 485 494 535 593 655 682 740 763 905 965 
19 97 135 144 180 193 258 319 379 382 430 504 518 552 577 703 762 873 878 888 
18 119 146 151 202 338 387 438 513 714 764 766 797 800 826 905 919 932 975 
17 159 214 233 279 316 372 412 418 500 515 549 558 641 758 759 846 973 
18 14 109 222 236 266 414 417 582 601 602 685 800 842 926 933 951 972 978 
17 192 204 285 292 300 361 418 576 631 710 728 763 774 787 815 899 979 
20 41 126 136 217 259 265 266 357 364 371 481 600 615 634 636 644 652 861 938 965 
19 27 48 80 207 208 307 319 333 372 390 401 424 458 514 548 577 726 771 812 
20 43 56 110 161 344 421 447 476 514 540 550 699 730 747 763 797 854 855 900 921 
20 8 45 49 56 75 78 145 203 233 255 261 348 434 516 566 685 733 836 874 928 
20 6 39 58 180 196 198 232 291 292 325 401 479 493 507 575 599 617 766 806 895 
18 118 172 207 213 298 330 373 542 544 687 736 760 794 826 837 852 952 990 
19 2 45 81 209 228 252 258 262 389 417 418 431 526 545 667 698 766 796 799 
19 6 152 166 193 262 268 350 449 475 509 557 608 714 767 774 780 851 864 966 
18 57 58 65 106 116 219 253 273 277 384 436 593 640 697 795 830 905 964 
18 102 168 181 279 391 400 413 454 455 605 610 690 707 750 881 924 933 985 
17 14 45 168 174 178 199 309 323 502 527 724 818 820 823 834 957 967 
19 28 87 147 163 167 260 428 438 470 537 540 553 630 683 727 745 766 771 852 
19 5 32 51 181 210 325 383 415 447 459 534 612 663 827 846 855 939 982 983 
18 34 110 117 144 339 366 393 411 442 454 470 545 592 627 673 764 816 916 
18 25 41 72 110 135 208 297 302 342 383 462 598 617 823 882 895 930 967 
19 76 106 126 296 321 376 507 550 657 675 732 740 753 820 861 872 881 883 930 
18 115 196 300 335 346 353 382 423 575 628 641 680 759 890 894 922 969 978 
19 21 44 52 85 91 136 167 217 373 379 420 433 509 581 630 738 852 866 873 
18 14 85 126 139 213 283 313 320 391 533 638 658 671 676 729 751 760 908 
18 19 38 51 190 284 323 419 448 452 523 528 606 662 706 708 748 886 938 
20 27 41 208 218 227 233 237 267 290 321 345 488 511 513 527 569 701 767 962 993 
18 31 37 116 146 162 173 338 350 423 431 723 792 814 824 844 900 944 975 
20 47 61 83 120 274 276 360 427 447 472 492 518 519 594 624 708 722 726 919 962 
18 7 38 49 78 90 154 171 221 256 267 366 506 678 751 758 831 911 953 
17 40 49 51 104 221 269 340 449 545 595 597 609 758 820 825 841 863 
19 25 52 68 70 190 241 260 305 500 536 560 573 604 723 735 825 886 965 986 
19 44 48 64 131 196 226 334 360 384 423 494 564 618 750 757 789 805 928 954 
18 14 15 62 95 156 165 266 304 488 584 682 750 853 865 913 922 965 983 
20 34 123 225 242 333 431 446 456 464 564 592 645 655 822 865 874 909 935 947 963 
19 25 106 360 362 363 376 385 388 431 492 500 521 674 695 733 759 895 897 919 
19 17 28 128 146 155 186 190 280 302 327 434 476 486 529 575 784 855 866 897 
19 68 72 80 90 91 135 137 173 247 257 309 331 411 493 501 585 687 772 916 
19 25 33 65 154 225 245 360 515 517 536 647 666 702 737 781 848 863 865 914 
17 20 25 163 196 241 348 380 415 455 555 586 594 631 712 774 807 922 
19 104 112 119 159 170 198 230 244 255 307 357 403 420 472 491 586 706 814 927 
19 129 239 274 294 421 467 552 553 655 668 678 692 705 714 715 777 853 873 891 
18 41 129 181 318 335 491 532 569 570 631 641 646 664 726 796 847 904 984 
18 75 238 249 278 298 337 361 372 386 406 415 486 718 722 734 748 813 824 
19 47 70 80 100 101 116 159 179 370 451 543 683 704 706 752 755 873 886 976 
18 75 96 103 150 240 261 298 316 478 511 565 566 665 675 728 783 791 828 
20 33 136 176 203 226 310 315 463 560 563 610 630 640 649 665 744 868 944 952 966 
18 74 92 136 196 252 309 340 563 566 722 735 738 749 770 773 834 837 986 
18 38 247 361 437 466 555 562 589 599 635 644 740 774 797 820 878 899 963 
20 14 46 187 262 277 312 366 541 571 633 642 643 695 774 801 844 869 918 940 977 
18 51 58 101 131 211 234 253 387 438 458 577 603 653 732 759 853 859 911 
19 10 68 168 180 238 341 383 426 471 597 602 640 725 759 775 824 891 899 961 
19 82 182 266 307 326 346 386 400 540 550 588 646 714 761 826 837 838 885 916 
18 6 29 136 168 181 194 200 268 287 332 411 533 559 589 621 624 629 926 
20 19 42 261 267 277 440 480 491 639 678 727 782 794 812 814 825 839 888 924 967 
20 75 100 185 194 222 245 282 288 306 356 358 519 586 587 601 740 795 843 928 978 
19 13 104 107 251 319 450 492 533 606 615 671 733 842 844 900 921 955 964 970 
20 2 9 14 86 136 145 258 367 396 588 589 634 642 688 785 788 819 940 975 982 
20 11 30 41 63 105 197 236 270 368 527 711 722 725 735 796 798 801 937 938 990 
19 54 66 78 101 153 250 256 277 380 463 503 574 623 626 650 691 778 912 919 
20 28 145 157 249 274 348 366 398 399 409 473 508 528 576 621 677 856 862 879 956 
19 23 59 151 160 216 223 338 342 412 453 482 508 592 685 817 830 839 883 929 
19 74 174 190 218 369 373 397 424 474 625 665 690 705 785 815 823 837 939 993 
19 32 53 343 386 477 487 488 491 513 520 522 537 543 723 726 762 925 930 946 
19 1 5 59 72 112 138 180 241 387 591 625 674 694 706 711 712 722 751 832 
20 54 127 181 186 232 236 344 393 484 500 565 594 596 631 724 740 826 842 976 988 
20 69 122 141 344 378 381 434 464 471 494 551 554 561 658 676 798 813 880 885 928 
18 6 124 132 137 209 284 361 475 486 534 580 637 647 732 749 831 969 975 
19 23 49 202 314 318 387 390 397 487 653 685 761 767 780 822 857 868 922 971 
19 56 110 140 179 186 192 275 375 429 436 625 717 744 759 834 848 967 970 979 
18 24 133 134 140 241 298 339 379 435 446 546 601 626 632 659 728 824 844 
19 9 15 23 52 121 242 336 362 378 388 605 607 673 723 769 808 831 872 952 
18 18 229 241 293 308 404 454 550 611 687 705 744 749 806 845 861 930 979 
18 43 52 111 174 184 203 266 284 291 408 441 480 561 741 760 824 920 927 
18 63 65 114 142 244 252 256 618 621 644 652 685 799 922 944 967 977 985 
18 25 32 43 74 124 133 155 297 309 340 517 714 718 747 752 764 786 819 
18 53 68 76 157 241 277 299 308 324 403 708 727 741 788 796 841 892 975 
20 3 20 53 125 141 159 188 263 275 281 459 576 579 585 595 600 639 704 923 933 
19 5 16 86 173 186 229 285 311 375 412 496 499 529 580 680 796 890 934 990 
20 142 144 162 264 280 290 324 325 365 371 392 536 572 592 671 694 846 851 853 946 
18 147 286 291 293 308 356 392 431 498 500 524 549 563 578 744 772 802 806 
18 36 163 209 241 330 340 346 417 474 486 495 579 674 831 885 904 911 948 
20 23 84 92 180 202 228 231 295 481 548 556 563 570 660 753 760 762 793 809 888 
20 3 19 133 188 358 401 455 513 550 603 678 696 697 725 729 731 809 893 907 958 
20 23 40 91 143 155 172 237 269 297 311 410 444 449 463 481 507 656 694 798 802 
20 12 29 67 205 230 235 265 311 389 422 449 519 575 585 661 764 851 920 961 978 
19 7 40 100 126 132 164 233 245 440 505 521 599 647 698 727 755 796 806 836 
18 69 71 140 288 343 423 472 506 510 604 634 769 776 794 904 917 979 985 
18 5 120 127 169 172 228 273 276 388 456 509 518 530 621 736 810 960 984 
19 36 40 144 165 200 220 304 370 403 484 507 706 709 739 776 815 869 942 990 
20 18 48 57 79 123 228 254 280 383 435 578 591 651 655 666 704 798 812 903 908 
18 31 34 135 229 334 378 425 434 439 450 544 653 663 674 815 862 922 960 
18 16 183 195 259 318 361 406 513 537 543 559 569 613 786 822 826 879 989 
19 31 35 97 105 177 178 183 294 298 329 352 364 426 434 636 684 708 733 824 
17 8 104 161 228 236 303 403 452 471 499 643 647 678 708 820 976 986 
19 53 59 88 117 167 203 282 292 348 400 414 450 509 538 623 762 804 863 907 
20 223 290 295 328 337 419 449 567 592 651 669 671 711 714 747 757 858 865 884 948 
19 41 90 233 238 246 259 268 318 362 490 561 650 660 665 775 848 881 906 983 
19 12 66 93 321 328 404 407 427 458 493 498 671 702 762 821 857 914 951 986 
18 47 84 96 154 172 285 365 375 397 535 607 625 655 676 702 759 896 973 
20 3 19 124 224 298 339 365 371 421 430 508 627 676 685 815 829 841 931 971 978 
20 3 101 175 204 209 281 284 285 318 324 363 388 404 501 612 649 674 783 788 849 
20 8 93 114 150 191 322 340 364 398 492 499 501 506 720 834 870 904 932 974 979 
20 12 15 29 152 183 199 200 206 254 294 449 500 579 601 604 655 679 755 835 988 
18 55 77 141 230 284 369 448 453 565 567 572 713 734 745 750 829 834 928 
18 52 66 188 206 219 407 430 461 516 627 651 711 746 807 835 932 945 971 
20 1 48 110 112 142 145 241 302 351 362 401 403 463 601 642 822 828 853 869 970 
19 14 41 49 75 136 189 214 269 276 281 316 331 365 634 694 801 822 899 979 
18 56 87 114 119 382 412 452 480 570 675 690 712 767 789 861 866 905 967 
18 26 56 59 216 240 322 509 554 634 695 702 747 760 775 779 782 933 945 
20 17 24 76 91 112 285 336 373 431 452 469 539 562 628 658 690 697 752 858 968 
20 173 191 234 272 313 342 365 383 427 437 470 497 541 562 647 674 777 880 946 980 
18 117 224 422 498 500 533 638 659 717 737 795 803 838 843 855 873 912 928 
18 25 32 48 114 304 310 337 374 445 460 586 603 724 746 846 940 989 990 
18 98 169 226 258 277 306 396 431 535 553 623 637 672 753 765 911 929 987 
20 53 92 186 223 268 291 342 363 419 528 585 611 621 742 776 808 951 958 985 992 
20 26 48 159 239 285 318 358 436 437 530 575 598 649 730 746 808 832 857 925 981 
20 47 88 92 313 359 483 485 653 716 720 743 745 752 763 773 864 900 908 933 951 
18 2 177 182 330 373 376 409 419 476 479 588 692 765 779 850 863 912 943 
18 8 32 53 88 113 130 186 328 531 599 613 632 709 721 781 786 885 990 
20 67 85 157 370 377 401 409 421 513 536 586 655 824 850 865 902 927 932 948 970 
18 17 26 33 45 85 99 103 174 282 283 322 357 383 437 451 660 852 894 
19 170 175 187 216 272 284 339 341 346 494 515 520 571 681 870 897 915 952 969 
19 25 48 74 165 233 270 327 360 376 510 544 605 717 846 877 891 925 946 972 
18 10 20 52 159 183 211 242 333 334 346 543 586 605 683 803 852 892 963 
19 104 142 143 209 212 243 264 306 319 359 396 409 466 686 782 821 825 851 890 
20 31 38 88 118 234 254 256 276 386 424 435 445 582 593 659 754 789 876 884 925 
19 169 176 229 246 332 335 393 431 479 496 518 609 631 828 860 893 933 962 980 
17 29 30 40 54 57 174 206 227 294 316 540 562 588 661 694 908 989 
19 8 12 329 361 395 397 470 541 572 684 754 772 786 808 867 935 946 977 992 
19 18 40 64 97 163 178 246 257 400 464 602 636 671 677 737 760 776 812 920 
20 17 41 57 89 107 222 231 275 329 382 422 486 502 547 644 673 763 871 941 990 
20 16 76 95 97 120 215 218 306 342 365 406 421 436 462 742 758 782 825 882 958 
19 1 5 13 85 187 250 262 301 326 332 383 397 455 573 597 890 910 915 983 
18 37 108 156 164 196 337 361 378 386 390 472 656 667 698 829 931 950 972 
18 79 135 184 188 283 293 348 370 498 529 607 618 724 742 764 891 981 993 
18 21 202 231 246 313 441 464 489 555 565 577 590 604 688 762 766 854 901 
19 74 80 95 96 128 154 203 268 278 304 463 487 547 641 707 748 774 787 819 
20 6 46 181 230 273 291 445 452 536 566 576 607 639 675 729 743 761 803 821 910 
18 185 203 387 395 408 486 493 500 540 609 643 654 672 803 866 883 918 928 
19 11 43 150 388 446 466 506 522 548 555 559 830 845 854 926 942 943 973 984 
18 58 136 138 184 225 271 429 459 585 680 781 807 811 815 854 892 959 991 
19 13 144 235 241 369 398 430 484 512 514 612 662 674 693 711 754 935 955 977 
18 7 59 167 180 240 241 309 325 417 532 584 748 871 886 904 978 985 988 
19 36 47 81 89 347 446 462 483 524 547 554 580 659 718 901 914 954 956 958 
19 11 56 100 102 128 155 171 182 233 369 415 576 671 679 777 801 819 905 929 
20 57 147 176 355 357 368 409 510 523 547 561 608 619 673 792 806 839 870 880 915 
18 93 102 261 353 402 442 462 465 497 511 516 537 598 789 832 928 944 972 
18 36 47 59 138 155 173 179 242 244 395 490 581 763 827 856 887 892 945 
18 91 99 140 185 226 268 384 399 407 455 506 551 756 763 766 933 949 952 
19 74 80 204 229 257 401 414 488 616 651 687 701 769 778 836 877 941 944 966 
19 159 162 189 192 203 244 340 364 414 481 685 697 718 720 724 782 797 865 984 
19 24 49 86 266 290 362 372 429 469 482 509 510 523 703 787 851 876 938 972 
20 129 172 183 197 209 349 365 406 471 483 617 664 672 753 811 880 920 928 941 970 
19 4 24 41 77 189 256 287 369 391 458 460 471 517 621 642 692 761 768 887 
19 7 19 222 225 256 269 270 352 393 449 523 568 636 651 654 702 752 775 888 
18 74 224 241 326 385 474 555 645 647 694 785 840 842 846 862 916 947 980 
19 12 26 73 205 262 286 450 474 496 515 546 644 665 734 777 801 862 906 926 
20 1 144 176 222 240 343 370 403 419 469 567 726 794 848 853 866 902 916 947 970 
20 12 44 53 60 137 230 340 379 460 545 594 624 650 672 767 814 821 952 984 992 
19 1 23 25 58 204 292 329 486 642 697 751 762 775 847 854 865 942 952 961 
19 64 117 151 164 183 268 277 349 445 517 522 527 637 648 716 746 751 793 957 
18 13 20 63 89 140 162 221 317 357 361 403 445 618 722 837 843 882 933 
18 27 107 117 143 256 259 266 269 352 398 500 546 628 652 660 762 778 932 
19 62 187 213 290 317 486 519 554 747 771 775 799 864 866 881 890 907 933 992 
19 9 96 170 228 239 256 336 365 386 480 503 513 565 613 700 866 929 944 960 
18 4 73 193 194 218 284 322 331 332 453 506 507 522 572 599 692 926 949 
19 4 79 135 151 164 177 254 258 284 408 485 551 704 706 770 799 807 894 938 
20 42 149 187 218 270 280 298 355 367 437 490 549 715 772 884 898 939 960 973 990 
18 18 110 283 354 357 384 422 457 462 566 567 579 608 630 712 749 786 805 
19 27 104 118 142 219 244 256 279 288 398 473 544 577 588 602 618 785 881 962 
20 15 37 60 73 156 308 346 354 399 429 504 637 679 795 825 891 900 905 921 978 
20 141 143 173 180 227 279 350 359 400 403 453 474 480 537 583 684 737 795 848 864 
20 8 49 54 87 188 194 211 230 246 247 332 538 583 611 704 833 842 966 975 989 
18 26 147 173 233 253 303 414 421 500 551 614 652 692 784 830 860 930 974 
18 44 66 90 127 173 186 203 318 335 379 465 534 620 756 827 835 895 922 
20 10 100 104 128 222 464 550 585 601 631 641 759 800 839 840 873 876 929 932 970 
19 10 107 122 142 189 203 232 275 300 453 499 584 652 656 658 841 862 896 977 
17 174 222 263 318 369 371 461 538 567 656 666 713 770 772 774 914 927 
17 100 103 164 183 259 293 412 426 556 565 649 668 746 786 852 890 921 
19 43 87 186 199 201 208 236 291 305 314 410 494 520 542 573 619 661 738 864 
18 127 165 219 265 287 303 317 427 451 497 602 709 730 731 836 848 864 918 
18 3 15 16 206 300 314 331 415 470 499 544 564 652 713 785 807 813 821 
19 34 45 83 149 182 203 256 296 373 479 573 583 612 663 746 772 782 899 914 
20 45 91 219 282 286 299 316 332 368 375 430 457 465 482 551 583 608 635 653 657 
20 10 84 164 174 186 206 243 250 276 293 491 527 561 565 781 798 822 847 900 910 
18 189 198 211 314 429 444 450 484 497 524 713 721 723 727 733 745 827 923 
19 169 335 337 347 351 491 496 516 622 648 653 690 706 779 791 829 838 890 947 
20 196 392 412 421 460 473 491 499 570 600 622 640 655 677 721 724 813 822 895 944 
20 16 46 182 250 344 383 395 424 444 530 542 566 585 631 692 710 847 905 942 988 
18 43 240 289 311 387 398 496 516 552 612 664 697 819 821 867 891 918 944 
19 20 84 100 181 183 272 380 532 560 592 600 604 770 792 828 870 908 918 924 
18 46 145 148 316 370 396 417 448 530 539 625 637 692 699 836 855 861 904 
19 75 196 203 217 226 285 306 325 340 378 447 631 723 755 812 814 817 936 984 
19 30 39 117 163 244 317 436 524 527 554 662 689 715 727 740 912 933 962 977 
20 12 56 78 149 182 237 334 352 363 395 511 524 575 648 693 717 752 883 971 975 
19 84 145 157 160 201 208 335 342 477 496 533 563 717 725 744 814 862 922 975 
20 13 80 225 279 296 319 326 394 458 481 564 602 631 765 774 782 786 794 938 989 
17 75 80 98 165 175 279 330 331 349 415 502 504 628 681 747 775 786 
19 15 59 68 77 146 151 219 317 361 377 401 402 419 464 470 504 613 764 957 
19 38 56 138 195 288 533 612 618 621 683 774 801 807 845 909 961 966 974 975 
17 84 237 461 472 489 494 505 527 538 612 636 648 669 740 741 925 981 
19 61 114 216 232 233 282 290 351 404 410 429 462 503 538 669 801 807 815 942 
18 142 160 179 190 199 228 231 236 280 359 368 525 583 640 648 808 853 949 
20 2 8 31 120 195 210 240 407 522 774 780 794 824 853 855 856 862 873 901 932 
18 97 107 220 358 414 446 527 535 630 648 742 758 764 793 794 872 881 971 
18 201 202 215 221 278 308 386 389 462 482 517 531 576 616 713 792 811 926 
19 12 36 186 187 315 361 480 490 601 633 659 693 700 827 850 881 915 922 935 
20 78 113 168 192 246 387 401 440 448 463 542 545 630 705 799 818 900 929 946 990 
20 63 128 138 183 258 314 329 392 411 480 635 699 711 779 880 889 913 930 947 964 
19 5 21 26 104 112 168 198 244 290 371 395 456 603 640 672 703 717 753 884 
19 21 25 44 78 153 208 280 303 528 551 593 670 704 739 771 790 841 862 897 
19 105 107 117 122 230 252 359 378 395 403 579 718 725 763 798 801 804 858 945 
18 16 22 34 95 193 260 318 361 377 540 557 579 601 619 786 834 860 956 
19 2 111 313 343 383 394 511 528 598 655 673 753 821 825 827 864 909 936 985 
19 8 144 156 254 294 319 344 348 419 531 553 694 751 756 863 873 907 945 990 
19 19 68 72 92 107 108 126 398 416 561 743 748 783 805 860 890 896 907 977 
20 26 29 48 78 86 87 178 214 327 424 439 489 510 687 765 785 866 898 943 946 
19 64 73 106 126 137 222 228 327 379 413 418 462 540 584 608 677 683 687 693 
20 61 148 149 259 298 317 454 495 520 556 670 722 772 822 823 876 898 906 948 976 
18 5 15 38 105 199 246 279 332 367 422 427 531 544 558 639 832 870 882 
18 97 124 167 182 219 250 325 333 450 521 522 646 675 734 803 851 912 982 
20 16 20 136 164 173 243 298 400 437 470 503 544 579 584 631 748 777 778 841 962 
18 103 107 157 180 329 345 359 518 569 591 648 682 734 736 740 786 804 832 
20 143 144 152 161 197 214 293 304 385 395 440 478 548 599 705 805 845 860 917 932 
18 132 148 152 185 303 403 439 509 526 680 686 700 717 761 833 897 963 971 
18 2 101 110 215 246 282 393 399 462 493 541 544 571 608 688 690 792 963 
19 71 136 210 227 273 294 301 361 431 460 497 553 679 691 797 840 908 930 963 
19 6 11 39 62 154 157 259 277 303 434 546 556 604 685 714 751 784 918 938 
18 1 30 56 84 90 152 162 248 385 406 433 544 556 652 736 778 866 915 
20 118 178 179 211 269 303 318 323 364 422 577 622 657 667 685 729 834 901 948 969 
19 22 58 90 123 125 167 249 284 360 399 461 470 563 605 617 725 814 838 853 
19 29 166 209 228 249 413 414 480 569 574 580 606 637 662 797 919 947 958 968 
19 133 156 206 296 359 379 446 467 483 489 542 546 762 782 797 798 854 959 962 
20 131 154 159 174 203 231 248 352 356 548 576 616 630 652 747 824 902 926 973 974 
19 12 27 92 100 101 121 207 209 239 272 343 354 524 567 597 707 786 886 907 
18 187 233 250 256 347 376 452 523 568 624 725 755 791 825 829 834 931 991 
19 42 43 117 185 236 279 313 394 425 474 521 568 580 668 742 828 948 955 987 
19 47 80 92 162 164 233 263 269 302 405 472 597 711 798 802 803 818 872 959 
18 7 70 133 178 193 216 343 446 455 472 639 700 705 809 893 921 960 991 
19 22 41 64 216 271 371 405 409 423 463 572 609 645 652 677 719 786 829 895 
18 17 38 125 173 331 436 471 486 506 564 596 634 658 666 690 765 827 837 
19 62 103 143 154 163 170 217 224 225 255 256 294 301 316 445 470 674 821 875 
18 35 172 238 431 441 445 458 593 617 624 630 641 644 771 776 822 834 879 
19 116 130 167 227 239 263 335 342 562 567 610 657 745 799 801 842 898 935 946 
18 79 112 126 129 184 211 215 236 237 294 347 390 454 611 630 632 688 807 
19 23 30 92 95 221 227 334 435 472 507 559 596 675 710 758 864 909 918 989 
20 3 108 114 225 265 316 371 378 399 402 509 515 566 595 637 751 764 823 949 962 
19 49 108 116 150 176 209 213 332 412 444 447 485 542 670 710 785 882 972 984 
19 17 50 74 103 161 176 184 216 234 248 275 305 708 718 731 735 742 816 844 
18 34 37 49 67 192 200 380 406 419 489 553 561 612 678 706 759 806 912 
18 10 32 80 165 250 290 345 348 433 448 572 613 614 619 815 923 967 975 
18 72 125 144 151 210 242 258 262 268 293 446 537 721 746 829 851 906 975 
18 41 98 124 170 269 360 443 587 613 628 665 747 751 835 899 909 911 944 
19 4 5 128 153 207 225 242 292 338 442 466 626 729 756 772 791 877 911 932 
20 9 54 57 147 149 180 199 293 413 421 466 480 502 558 603 675 679 755 897 982 
19 80 93 108 170 234 327 357 369 387 683 688 692 740 818 841 852 915 975 990 
19 70 93 129 164 185 256 260 321 426 510 611 621 647 661 686 796 908 959 980 
20 39 84 146 190 202 299 378 448 494 580 600 602 677 750 758 822 826 869 906 907 
19 78 83 97 194 222 272 337 343 411 446 523 554 614 624 693 748 858 956 980 
19 12 123 126 143 252 264 377 471 508 520 536 640 649 689 859 890 903 944 950 
19 55 62 111 113 230 273 309 359 392 420 505 540 578 581 719 774 789 793 903 
18 13 78 148 337 344 370 443 450 534 634 650 657 661 730 760 777 829 991 
20 88 172 257 264 267 354 390 429 503 510 618 650 675 705 717 731 747 781 942 959 
18 72 181 251 254 334 374 422 479 493 565 697 730 739 843 859 925 943 953 
18 9 36 52 127 145 168 210 292 623 633 676 689 718 735 782 809 813 840 
20 50 77 107 117 152 167 243 250 303 398 429 444 503 540 544 573 620 734 769 786 
18 52 67 139 175 228 244 362 374 443 446 527 556 637 743 745 808 849 905 
19 15 64 113 143 149 165 208 351 581 751 752 756 762 803 855 885 914 921 924 
20 71 73 93 204 214 250 294 428 479 499 507 552 571 643 646 749 757 852 939 947 
20 18 28 115 141 146 155 273 274 357 366 416 495 513 518 547 633 717 819 891 927 
17 4 61 62 132 135 146 248 305 330 352 480 512 542 724 735 926 948 
18 4 41 142 166 269 372 394 429 430 439 550 572 604 732 772 842 897 914 
19 26 163 185 200 356 411 424 481 497 556 564 674 706 722 793 866 915 959 977 
18 9 32 77 84 123 354 409 461 466 502 532 679 745 750 902 920 921 930 
20 30 82 112 142 198 227 307 327 346 364 568 576 657 677 693 788 881 945 950 974 
20 53 91 98 211 230 262 331 369 372 422 451 557 584 686 756 890 907 952 961 992 
18 108 170 171 173 226 227 328 555 577 595 635 678 729 740 750 795 804 894 
19 5 37 90 107 123 181 257 326 414 506 566 583 640 660 672 800 822 835 969 
20 38 39 59 212 236 299 321 359 375 416 435 438 453 506 560 584 665 777 966 993 
19 174 387 448 451 464 569 575 616 655 657 665 679 776 796 821 851 876 883 965 
20 149 160 272 279 308 415 432 454 512 534 594 606 635 727 789 840 853 873 949 963 
19 89 190 266 408 412 417 441 491 524 671 704 706 742 759 809 814 835 918 946 
19 29 87 118 124 226 359 416 519 543 573 576 648 761 762 773 782 815 827 959 
19 19 95 231 256 394 400 427 468 484 506 592 667 721 728 818 836 847 954 960 
20 45 211 249 263 367 379 397 420 455 467 490 557 627 728 821 837 867 886 919 986 
18 67 99 181 205 287 300 406 408 559 603 620 671 802 808 867 931 935 940 
17 3 11 81 161 185 199 317 333 363 484 503 711 729 736 875 916 957 
19 29 107 219 278 312 437 444 460 641 642 720 748 778 836 875 880 920 923 924 
20 41 93 106 144 194 246 277 308 309 374 411 431 460 597 667 681 788 808 862 887 
19 54 199 213 247 288 300 306 307 329 366 417 492 514 572 598 659 731 875 948 
18 79 87 211 229 307 393 539 603 694 730 744 753 766 776 791 796 856 894 
20 47 55 59 64 139 191 216 288 354 376 385 410 475 485 532 595 630 700 719 822 
18 20 232 238 310 321 353 368 394 402 598 649 705 732 862 901 907 943 973 
18 1 50 114 286 402 491 507 509 574 623 640 742 783 809 873 893 914 982 
20 5 105 115 169 178 206 220 285 310 335 425 637 689 763 772 844 880 892 935 946 
20 28 39 76 147 167 212 289 382 409 438 508 604 605 627 715 721 782 785 822 908 
20 33 35 135 275 368 382 386 428 542 689 697 720 775 802 851 917 939 958 965 979 
20 81 141 174 202 204 206 272 387 403 491 523 527 596 606 777 836 848 923 944 963 
20 21 40 124 186 280 310 334 404 416 421 448 450 488 610 615 616 638 713 744 772 
20 6 9 11 105 234 258 309 338 375 385 386 417 463 511 703 765 875 877 913 929 
18 114 121 157 263 300 305 344 426 505 598 600 608 654 681 690 809 860 952 
20 51 95 112 113 133 359 401 428 545 606 656 663 675 824 845 868 902 932 944 952 
18 30 43 117 133 173 223 372 419 500 520 615 654 688 707 735 797 850 944 
20 58 72 82 102 122 154 230 310 367 473 596 650 673 675 683 736 771 840 903 939 
19 37 169 199 264 318 411 424 437 468 517 544 566 567 622 816 866 873 965 972 
19 95 128 175 225 254 318 360 391 444 461 475 540 578 600 636 797 875 878 925 
20 43 48 57 109 223 233 356 367 456 459 518 625 651 697 717 751 837 893 935 972 
19 20 33 80 83 200 263 312 432 576 598 604 632 636 782 792 794 814 823 909 
18 12 50 119 136 225 250 277 349 413 481 623 633 763 886 923 925 965 975 
19 38 239 247 278 338 370 388 444 458 475 508 544 563 583 621 686 813 915 940 
20 24 109 116 156 174 218 233 304 332 373 429 487 645 650 656 690 710 811 957 969 
18 15 83 193 210 220 269 272 336 584 590 611 617 679 710 720 775 868 976 
19 189 218 263 281 342 357 406 452 474 582 585 731 796 809 811 818 840 852 992 
19 64 84 126 221 287 341 430 493 506 531 560 574 594 638 650 671 753 982 987 
19 117 199 229 236 291 375 396 477 481 496 570 646 731 788 807 839 849 862 906 
20 1 118 266 305 316 447 449 566 571 589 603 782 826 849 881 882 893 903 918 955 
20 6 93 131 143 187 196 219 313 356 384 407 414 489 543 645 697 711 717 743 832 
18 142 151 180 264 298 316 411 466 535 571 631 781 849 863 868 882 892 993 
19 18 19 231 282 308 338 360 512 516 530 558 582 663 726 757 784 908 922 946 
18 68 310 312 314 372 444 452 522 586 727 748 793 853 858 927 931 952 989 
18 85 268 271 419 438 449 474 505 540 541 550 590 602 611 746 843 879 950 
18 49 67 152 206 257 268 270 520 526 537 658 670 671 677 716 845 864 897 
18 1 34 43 117 123 164 373 435 452 545 678 731 817 881 895 916 929 951 
18 95 109 129 159 191 221 250 255 262 392 496 592 605 609 717 813 841 883 
18 149 233 252 271 278 308 340 450 456 604 623 638 651 739 759 764 804 964 
18 16 51 62 121 173 180 243 253 320 339 404 476 504 582 724 794 841 848 
19 7 34 138 249 283 383 411 468 488 492 539 544 590 709 798 826 842 869 985 
19 16 161 163 208 236 248 365 432 480 527 557 722 807 808 828 841 909 930 942 
19 3 21 104 112 121 204 277 342 348 361 392 428 504 519 548 619 621 787 937 
18 17 41 61 442 451 454 516 518 546 642 751 761 823 832 898 936 974 991 
19 114 176 248 355 422 496 631 658 711 725 739 785 787 821 833 856 858 859 916 
18 50 63 85 127 150 163 224 332 349 364 367 500 593 647 704 926 968 992 
18 3 12 46 140 149 216 365 371 414 564 676 693 696 791 793 846 876 949 
18 58 86 181 205 221 274 379 413 438 473 544 567 650 670 678 700 709 712 
19 47 90 166 177 193 279 404 444 524 538 547 584 725 752 837 857 905 934 960 
19 34 86 289 315 320 331 374 411 449 543 588 681 682 731 887 893 894 940 973 
17 249 295 308 429 506 507 511 630 645 652 679 699 789 841 859 914 959 
18 100 115 265 310 317 341 549 579 628 711 727 778 857 897 903 919 943 980 
19 10 73 81 267 290 370 395 407 491 521 723 735 785 817 829 890 897 954 993 
20 22 26 63 76 132 142 190 197 396 432 445 544 586 645 649 734 757 828 865 945 
19 56 169 173 327 348 431 470 477 552 586 608 668 676 730 753 820 823 927 929 
19 10 17 32 36 80 193 230 245 297 307 336 339 466 507 606 624 674 705 814 
18 24 41 48 58 230 240 290 294 334 431 448 618 624 633 889 916 946 963 
18 41 81 86 99 175 265 368 370 405 514 559 636 651 690 749 794 862 963 
20 29 49 53 127 196 298 355 400 404 495 520 563 604 678 691 736 786 900 946 975 
19 158 179 183 217 285 317 322 342 391 399 483 581 618 742 814 828 886 953 955 
18 59 68 72 166 171 190 256 278 342 386 480 490 565 669 688 691 888 901 
18 1 37 87 160 226 439 455 462 506 585 625 652 702 736 857 923 946 988 
18 68 90 180 227 307 344 385 423 447 518 574 622 672 684 766 839 883 962 
19 43 58 60 74 88 137 161 217 248 260 355 361 646 696 716 735 894 898 923 
19 22 282 297 328 330 404 468 524 606 649 652 675 730 800 819 900 931 963 993 
17 34 51 85 117 268 476 512 608 624 631 648 688 757 829 945 952 982 
19 13 30 55 175 199 266 311 338 357 369 381 454 524 653 759 771 798 841 903 
18 65 77 109 165 190 212 388 503 533 543 563 583 693 717 784 810 930 945 
19 2 46 64 218 219 250 287 345 394 402 418 499 522 588 694 739 779 861 955 
20 106 218 334 342 397 534 540 544 646 681 691 714 718 720 721 780 811 828 876 962 
20 21 94 97 118 119 131 207 428 432 469 527 598 726 730 776 779 901 910 915 988 
19 83 127 135 144 182 237 399 427 568 644 653 670 737 816 844 864 938 946 991 
20 16 69 122 156 192 215 357 390 459 555 558 591 633 725 783 855 860 875 934 938 
20 80 97 217 248 416 444 463 491 522 534 543 568 571 598 629 649 734 772 829 973 
17 52 94 276 338 349 445 464 494 564 736 776 803 824 846 865 959 979 
19 106 177 178 232 347 392 577 688 722 775 779 814 815 841 842 874 881 912 946 
18 47 101 127 211 258 295 318 338 519 530 568 590 600 764 844 853 856 979 
18 26 87 112 149 153 204 324 370 444 553 607 613 711 742 777 783 857 939 
18 107 111 118 170 273 291 321 437 528 602 702 750 782 790 936 945 966 982 
16 19 97 195 314 383 502 583 625 646 738 744 765 770 850 888 972 
20 10 52 201 203 305 314 345 587 609 691 713 722 825 830 849 860 895 902 921 976 
19 12 145 164 178 198 249 267 359 386 536 637 694 698 761 851 893 927 971 972 
20 41 49 69 129 220 300 330 394 449 465 496 502 513 553 562 600 624 663 686 700 
20 6 13 26 56 86 146 241 403 475 503 589 600 632 645 662 748 756 817 859 978 
18 10 33 39 57 85 125 198 261 271 310 315 337 339 497 641 725 835 906 
19 91 101 215 226 251 348 366 426 432 455 486 606 720 789 817 866 893 914 916 
19 222 283 365 367 373 383 439 469 497 565 627 633 642 670 693 701 752 791 914 
20 7 41 100 176 179 306 446 480 511 542 545 606 691 750 761 768 839 867 918 977 
20 88 181 184 260 347 360 385 396 430 443 469 483 510 590 681 682 767 797 893 929 
19 64 93 219 262 265 317 332 347 471 472 532 616 763 817 917 934 936 938 992 
17 2 56 65 89 102 118 128 282 292 370 639 739 855 857 889 942 990 
19 6 47 135 142 159 302 364 464 551 613 635 641 690 763 800 806 832 942 971 
18 48 146 220 229 230 274 276 297 342 343 344 513 631 656 936 937 943 944 
19 4 13 14 37 45 59 70 126 227 436 502 503 520 549 553 555 780 852 913 
19 3 20 27 32 90 211 241 288 352 416 444 601 645 660 763 769 861 871 949 
20 70 124 213 216 238 244 303 308 407 421 507 540 719 736 760 769 799 858 902 926 
20 31 33 115 187 240 246 300 370 387 453 538 582 657 691 711 770 825 886 975 991 
20 20 36 116 133 149 197 265 312 371 377 379 432 513 557 601 656 775 802 865 866 
18 11 69 74 196 205 323 343 363 369 432 456 563 584 729 781 851 858 886 
19 107 118 213 215 233 276 285 349 462 546 634 637 658 690 855 881 891 902 938 
18 125 192 241 258 295 328 425 530 569 672 733 751 819 820 856 899 926 982 
18 40 81 188 337 365 403 456 495 520 521 547 587 616 712 736 747 861 922 
20 30 65 131 189 249 257 284 294 302 388 446 454 573 590 612 647 667 798 840 936 
18 75 191 267 299 332 431 463 547 551 611 695 733 756 759 797 876 887 974 
19 48 121 237 320 355 374 477 500 522 545 549 570 691 796 807 827 879 901 983 
18 116 135 150 189 235 349 353 370 460 489 630 659 711 766 779 793 974 993 
18 43 69 155 156 164 190 213 217 244 267 350 474 488 489 502 515 731 774 
20 24 37 44 51 99 148 240 328 433 518 538 540 571 596 633 724 733 759 782 805 
20 79 91 115 206 216 336 425 500 519 578 583 612 651 724 753 756 758 838 859 949 
18 132 172 231 242 259 290 294 433 470 494 706 738 741 746 788 828 874 901 
18 86 157 202 214 282 373 384 394 396 432 513 547 595 656 773 806 829 963 
18 14 23 134 178 189 232 257 396 407 571 620 644 694 773 785 859 863 869 
19 59 76 185 233 273 324 363 414 472 492 499 512 551 633 650 653 670 729 966 
20 17 46 102 109 209 225 240 414 428 430 446 448 561 613 797 854 864 868 919 961 
20 73 181 218 250 348 395 433 435 522 612 614 675 699 701 719 749 772 849 906 982 
18 17 49 81 114 151 170 241 255 289 393 511 512 549 617 619 727 742 985 
18 162 219 346 356 397 409 461 477 490 549 551 599 642 660 666 826 857 861 
18 46 142 166 206 207 211 243 325 477 478 492 500 555 614 667 750 809 982 
19 31 55 63 131 162 248 274 284 305 381 486 571 573 587 627 724 727 856 947 
19 23 33 95 205 209 327 330 417 518 561 578 579 608 639 651 703 707 804 989 
20 35 53 77 165 188 266 328 374 393 426 506 545 565 641 675 734 778 799 859 887 
18 37 113 123 131 201 249 304 331 366 424 457 464 536 621 696 910 961 991 
18 47 78 98 350 395 417 468 554 578 610 647 664 692 713 727 840 937 958 
18 52 55 237 255 272 283 288 291 348 393 442 455 486 554 566 576 843 849 
20 24 74 75 79 107 125 135 264 272 292 349 358 399 480 513 615 617 644 837 912 
18 299 340 341 412 421 454 467 482 524 530 639 652 708 713 742 786 846 975 
18 32 72 77 131 288 331 455 648 677 731 735 761 769 823 849 913 930 971 
19 31 48 55 185 264 280 374 385 422 429 443 535 572 609 736 747 754 835 862 
19 17 22 48 62 218 263 272 300 343 356 417 512 567 647 668 727 767 796 825 
19 10 19 138 289 345 459 462 579 600 606 641 652 696 733 734 737 771 823 950 
18 43 50 208 276 281 332 373 374 401 434 478 515 651 655 740 776 859 956 
19 51 73 126 256 294 452 453 536 558 579 625 635 691 693 712 840 872 894 909 
20 8 74 116 131 140 160 225 340 366 549 556 655 660 667 692 697 698 712 718 933 
19 38 45 91 93 120 201 344 400 411 467 479 492 556 592 638 670 728 892 989 
19 24 50 59 72 127 140 243 291 309 378 449 554 569 690 767 847 915 930 977 
18 24 121 209 212 236 285 288 383 385 394 439 616 676 711 804 849 869 926 
18 39 173 174 181 252 259 292 353 420 555 638 738 745 810 842 895 942 961 
20 46 139 266 350 356 421 422 445 482 556 564 580 614 682 750 768 776 817 846 932 
20 6 44 136 171 176 180 195 222 283 388 481 496 558 645 651 675 829 911 942 969 
20 45 101 165 195 211 215 283 396 438 473 527 558 676 715 732 748 754 902 962 969 
18 24 110 135 323 370 397 425 440 533 604 605 725 790 792 808 849 906 936 
18 96 105 164 302 308 318 412 426 434 435 476 518 530 569 593 605 687 892 
20 50 72 151 197 201 335 350 382 433 438 534 611 700 722 780 838 914 931 952 965 
18 10 169 177 180 184 196 248 365 403 414 459 460 476 683 731 763 787 970 
18 65 120 153 185 275 339 489 503 511 559 603 634 652 730 819 843 853 855 
18 106 169 357 374 444 507 513 547 551 578 725 738 741 769 854 898 901 978 
18 9 23 111 178 248 256 261 348 448 490 515 631 639 845 857 926 947 989 
19 43 45 97 163 170 188 324 348 508 518 552 661 716 720 722 724 743 904 938 
19 60 89 117 201 399 426 435 481 539 556 617 621 662 706 829 862 915 934 937 
19 45 76 154 177 245 380 401 504 622 636 683 717 723 733 755 769 848 868 903 
18 31 37 99 122 146 196 203 236 338 385 438 486 593 625 811 852 889 932 
17 137 162 164 206 207 218 329 473 487 533 552 651 676 802 933 968 986 
19 2 48 62 145 153 179 197 319 369 383 391 499 680 733 757 793 812 815 825 
20 50 101 221 251 316 357 363 370 371 402 428 481 549 633 739 758 853 917 949 990 
20 61 64 102 117 211 221 252 280 400 407 422 493 523 655 673 737 841 862 908 951 
20 22 45 144 171 176 274 282 372 420 441 476 480 521 566 609 679 819 855 882 949 
20 25 48 165 171 198 229 351 430 435 451 532 637 645 714 743 762 931 933 953 972 
18 11 14 31 57 247 249 288 356 410 541 545 636 653 709 812 824 963 970 
18 58 62 115 121 155 199 346 376 521 609 641 671 696 719 885 891 912 977 
19 17 25 31 52 74 91 194 255 383 415 501 545 575 694 809 858 883 898 911 
18 7 17 19 173 196 284 291 301 315 356 369 403 419 500 549 882 925 956 
18 28 70 216 238 311 321 330 372 399 406 431 620 859 863 882 933 935 944 
18 35 65 230 245 263 322 378 424 496 513 609 624 655 662 670 687 725 847 
19 2 43 89 145 164 238 388 405 455 523 669 678 751 793 862 877 933 941 945 
19 27 66 183 216 265 290 326 340 469 500 537 563 722 729 775 804 839 894 942 
19 51 130 143 257 316 318 322 631 635 714 732 747 772 796 801 856 870 956 957 
18 55 94 234 238 248 426 455 499 538 581 713 731 771 806 889 963 968 980 
18 29 61 95 133 141 400 507 597 649 662 741 746 767 781 846 901 917 934 
18 5 25 28 67 85 165 223 269 387 402 459 533 610 769 847 852 895 926 
20 60 93 114 188 192 263 281 289 290 397 463 525 605 636 733 751 809 837 914 925 
20 95 186 207 220 237 239 262 297 313 445 453 495 508 530 595 662 700 770 836 861 
18 220 262 324 329 350 381 431 601 629 667 694 759 770 779 822 865 874 981 
18 56 255 315 316 345 352 493 524 572 597 623 626 663 669 691 782 806 850 
20 28 40 143 151 212 310 330 366 431 501 502 564 661 673 738 779 877 937 939 949 
19 66 77 92 134 156 181 269 448 473 509 601 606 613 650 658 771 827 851 949 
18 97 134 214 237 314 459 469 555 603 665 698 725 729 759 846 864 936 981 
18 19 159 207 291 419 438 547 627 642 676 739 746 749 778 813 953 983 993 
18 129 152 162 214 221 268 303 342 356 357 514 576 710 716 811 915 933 949 
18 10 18 105 208 214 283 306 313 423 426 452 475 482 523 616 710 717 869 
19 60 85 159 249 270 286 337 410 448 484 511 651 659 676 703 763 946 955 979 
19 9 91 184 401 436 458 491 493 575 598 623 666 679 727 733 896 930 960 974 
19 103 148 189 330 359 381 388 403 410 485 496 591 598 738 760 780 846 894 966 
19 2 57 86 121 137 139 151 175 442 495 630 715 782 828 834 836 885 922 954 
19 61 117 140 195 258 269 341 368 517 539 579 596 600 706 742 797 831 880 956 
19 9 26 36 158 303 358 385 450 477 516 613 752 780 830 838 847 867 935 956 
19 9 41 65 233 234 306 329 369 455 519 598 765 789 828 840 881 895 905 950 
18 11 300 451 496 503 523 551 566 635 644 660 664 713 728 826 879 919 936 
20 16 22 41 91 133 202 235 268 335 383 405 512 584 613 625 718 760 787 953 990 
19 211 290 295 328 387 422 453 490 504 534 630 656 709 742 747 872 881 886 907 
20 7 53 62 71 177 198 210 290 374 384 454 456 602 644 664 667 694 733 900 937 
18 97 165 174 187 248 328 397 416 528 531 532 540 602 693 731 779 844 988 
19 60 95 132 150 234 274 392 395 408 510 530 613 686 712 714 744 745 747 757 
18 179 252 263 304 555 578 639 648 728 752 808 819 834 839 878 936 945 973 
17 38 260 274 382 442 476 530 556 575 612 699 714 738 748 775 783 887 
18 92 261 276 277 355 574 589 625 735 784 817 824 869 897 909 913 931 964 
19 7 58 96 201 293 335 349 436 490 494 619 631 688 707 716 763 849 883 937 
18 4 31 68 133 302 319 332 355 374 472 554 650 673 692 790 816 880 931 
20 49 59 88 101 136 167 176 203 306 368 464 494 531 585 640 718 833 841 915 941 
19 16 101 165 275 352 465 524 550 597 639 700 779 797 815 820 834 895 945 979 
19 25 28 67 131 353 367 415 437 438 552 682 706 716 724 756 811 813 851 916 
20 8 38 42 78 79 205 241 332 348 432 449 454 472 521 545 576 613 838 891 905 
19 35 52 128 135 308 354 400 427 471 617 624 659 799 858 875 905 916 974 982 
19 15 78 161 203 253 265 342 383 516 575 604 688 745 773 777 789 845 911 971 
18 10 26 35 68 102 217 310 344 405 469 493 544 628 720 745 845 911 938 
18 144 222 324 423 430 466 469 477 486 496 514 558 560 570 670 729 821 905 
19 303 313 321 387 477 543 545 567 611 630 634 645 685 714 824 838 875 879 905 
20 41 51 132 200 213 220 241 244 289 351 523 630 644 739 819 825 836 858 986 991 
18 26 46 64 118 214 231 370 409 491 635 686 735 770 783 797 875 908 921 
18 54 62 77 127 193 238 286 299 370 706 757 835 846 868 896 900 942 965 
18 92 115 118 121 151 278 280 354 358 541 598 647 666 678 793 818 934 953 
18 75 248 270 294 298 299 325 402 404 453 540 743 745 786 806 811 838 940 
20 33 82 128 271 372 440 513 562 576 579 649 674 696 699 862 911 930 950 951 988 
20 38 92 127 148 181 196 228 230 340 368 383 456 472 496 531 833 874 888 914 952 
20 62 284 297 322 335 378 438 550 556 613 623 656 755 777 821 928 940 956 980 983 
19 134 149 230 268 297 371 379 395 438 456 476 508 584 593 736 765 851 897 924 
18 4 109 131 132 251 262 294 336 338 390 407 483 548 699 731 793 884 986 
19 13 170 198 214 220 234 291 302 319 344 449 465 470 534 812 815 821 882 950 
18 6 53 72 337 452 459 605 665 671 682 740 759 767 804 853 891 949 950 
19 15 72 81 117 135 163 209 244 261 350 379 593 617 653 702 754 773 824 937 
20 62 71 83 115 227 265 280 369 437 440 520 644 653 749 848 862 866 941 955 977 
19 27 54 62 102 115 128 179 292 390 528 599 605 658 701 714 802 854 945 949 
19 25 66 91 95 199 209 299 477 501 620 659 667 674 799 861 879 883 894 930 
19 42 97 139 203 223 255 302 381 395 417 472 499 502 596 636 705 716 858 979 
19 11 168 188 249 254 308 327 343 346 420 458 483 538 549 676 791 811 849 958 
18 144 192 247 263 368 399 437 498 559 633 648 738 793 877 912 945 959 991 
18 34 56 64 84 94 176 316 349 361 412 460 470 620 680 788 790 941 970 
20 2 5 18 70 155 169 286 289 453 494 565 571 697 708 796 804 931 958 970 992 
17 26 67 106 122 144 175 199 364 453 516 534 626 689 693 841 904 919 
19 14 153 161 215 252 430 454 503 526 583 624 692 723 763 844 855 885 929 938 
20 28 77 222 243 264 273 274 288 364 401 459 564 633 703 810 844 873 874 956 977 
19 78 108 157 168 194 295 406 410 526 529 533 610 615 622 630 811 857 883 979 
18 94 144 172 177 179 199 297 305 354 367 473 624 801 882 955 973 978 992 
18 51 63 76 90 125 148 214 233 248 312 443 444 531 545 652 751 853 856 
18 3 20 98 124 147 234 303 397 427 591 598 656 750 822 918 924 951 956 
17 130 226 310 415 486 553 555 603 622 634 678 708 710 754 825 870 895 
19 25 111 170 196 219 231 245 324 336 349 496 569 612 628 684 774 824 897 921 
18 22 118 129 162 255 374 426 441 447 491 612 729 773 774 778 831 946 978 
20 6 9 47 116 142 168 211 255 327 388 493 561 623 628 638 725 886 930 960 964 
20 22 27 119 372 404 416 451 478 531 574 617 650 684 755 768 825 845 847 970 991 
20 15 85 92 100 221 277 317 388 463 522 547 604 643 692 723 795 805 853 874 887 
