1000
0 1 2 2 4 1 2 3 5 5 0 7 2 13 3 2 3 8 0 0 3 16 5 20 23 15 25 2 2 17 19 23 16 4 5 32 12 0 31 29 34 29 20 15 33 40 37 27 11 7 34 1 5 8 54 39 12 27 46 10 24 0 53 7 0 48 17 41 5 21 56 52 37 60 29 51 17 69 76 24 13 10 65 42 60 84 60 12 5 40 3 23 77 11 36 78 3 57 91 33 98 85 49 12 65 67 7 77 51 29 108 101 39 3 85 61 34 95 100 24 3 118 34 53 74 96 64 36 98 71 77 59 54 99 97 1 53 22 107 131 133 102 101 72 10 59 55 59 1 118 98 124 96 22 77 148 51 97 142 129 25 72 68 89 1 78 50 38 41 125 133 166 31 133 154 42 100 144 0 1 78 119 173 173 96 116 122 18 118 138 89 178 17 114 56 152 52 18 102 59 5 72 65 68 75 109 169 204 65 88 136 50 96 14 112 9 73 190 20 107 54 20 118 61 54 101 73 142 12 53 170 78 199 17 197 119 226 192 160 50 220 112 100 124 136 224 138 153 238 117 62 175 126 112 69 44 117 80 163 64 59 167 55 7 255 174 237 39 90 182 43 175 112 207 148 250 23 167 172 15 263 150 228 158 271 18 253 8 288 62 5 200 268 45 257 265 34 146 181 173 233 67 297 10 202 181 222 240 113 138 247 137 221 138 252 137 293 170 149 20 271 153 183 266 233 136 194 249 124 27 172 58 322 203 42 116 35 232 120 303 8 101 268 195 240 183 329 184 212 267 309 267 143 138 20 264 225 21 138 283 59 83 272 269 251 249 258 115 79 320 4 232 27 338 353 16 4 339 370 272 52 68 198 42 306 170 246 65 16 85 336 249 292 300 121 18 357 87 221 58 260 145 49 354 189 177 101 217 278 14 20 211 226 156 147 393 86 65 200 96 184 96 21 186 143 287 222 363 5 26 419 198 421 286 302 347 42 53 149 296 339 291 395 91 424 75 269 250 254 349 264 381 411 47 45 271 135 239 6 122 170 77 171 186 206 24 178 63 160 50 100 468 420 150 259 62 242 410 189 226 238 229 458 478 71 417 389 270 227 38 326 165 6 248 322 182 149 191 242 113 234 116 112 198 405 485 343 489 37 346 274 199 17 293 134 231 502 24 496 217 392 327 423 213 410 513 34 294 431 128 232 388 100 318 330 403 56 333 409 205 301 297 118 405 47 482 329 190 227 518 287 383 338 216 377 88 528 290 416 2 512 342 307 184 511 243 305 565 22 226 5 59 486 73 68 61 145 297 178 303 290 46 473 6 409 506 367 409 275 531 78 295 395 509 17 543 499 418 316 298 573 504 221 546 138 353 138 335 29 480 359 553 62 539 171 561 235 490 559 409 257 70 100 367 73 512 274 257 459 562 183 325 604 89 528 48 113 598 435 68 593 313 67 299 384 441 98 333 117 556 402 120 221 207 304 645 246 145 386 440 319 146 573 415 624 492 120 317 37 53 127 466 357 283 445 27 399 124 531 561 364 288 33 43 145 543 636 291 306 612 599 513 208 606 66 170 241 340 646 117 41 543 183 537 233 52 412 665 336 487 473 705 259 9 606 693 381 314 253 130 38 240 472 278 203 176 348 354 89 74 566 321 309 601 67 549 512 455 339 557 657 273 587 226 39 87 710 258 214 602 612 481 248 74 551 570 21 58 1 275 293 212 399 444 67 58 65 519 31 681 638 512 645 253 294 443 343 390 409 429 497 565 26 748 644 172 614 567 570 203 18 307 623 385 740 606 265 644 131 391 224 379 181 498 638 75 56 727 119 144 84 38 202 718 490 462 289 588 636 671 755 251 430 230 624 146 228 178 118 675 231 382 73 486 156 642 566 280 513 773 387 317 244 254 459 185 108 791 565 396 816 51 705 472 218 681 293 835 331 680 57 745 729 833 63 3 80 732 590 45 540 74 21 565 105 630 425 493 170 602 706 261 712 826 733 231 791 403 702 157 757 271 485 516 846 602 357 315 434 606 652 311 446 777 521 609 445 27 172 515 162 203 34 442 85 618 552 32 859 826 771 95 522 645 620 448 428 333 665 438 71 188 595 541 734 26 701 611 568 846 40 128 70 106 722 940 39 209 489 496 0 588 484 446 854 779 897 200 31 943 388 476 201 899 106 808 538 495 872 454 450 416 627 385 577 696 813 153 156 185 452 504 652 689 459 595 145 434 162 598 211 341 357 371 499 346 100 502 944 343 
1000
18 763 772 789 793 796 817 821 825 865 870 879 883 901 919 926 934 939 968 
19 753 758 767 773 807 827 852 855 870 875 880 892 922 924 929 955 957 988 993 
20 778 788 800 801 802 832 857 866 870 871 876 878 883 898 901 925 950 954 963 973 
17 768 825 857 858 861 870 874 891 899 912 915 933 958 966 969 990 996 
18 752 783 786 787 792 794 802 815 835 876 883 923 927 966 973 986 995 1000 
19 761 764 777 778 791 840 844 846 848 873 886 892 902 907 912 919 925 975 995 
19 755 758 764 773 775 811 819 820 827 843 848 867 908 926 943 945 953 963 995 
17 752 756 798 830 831 839 859 862 865 879 882 905 935 959 963 984 994 
18 769 775 787 802 813 843 852 855 858 877 894 915 940 949 953 981 991 992 
20 787 812 832 843 853 863 868 887 898 906 907 927 944 962 963 967 977 979 990 994 
19 750 776 783 815 823 829 835 841 844 851 881 883 895 920 948 973 975 981 988 
19 754 755 767 782 790 797 798 818 837 853 857 870 873 881 937 953 979 990 992 
20 770 793 816 820 862 871 886 888 892 899 923 924 928 944 946 963 967 968 981 990 
17 751 754 783 810 834 867 880 920 921 922 923 931 937 970 973 983 993 
18 755 778 780 791 803 818 822 836 841 864 865 888 921 941 945 947 953 1000 
18 754 772 779 786 793 794 824 833 844 861 889 899 922 931 934 938 961 967 
20 760 777 787 790 792 806 819 846 850 879 889 899 900 928 950 957 979 986 987 988 
19 756 771 782 786 789 796 807 824 834 835 888 905 906 911 922 951 978 995 997 
20 765 775 790 794 799 811 844 848 863 867 879 904 926 927 929 939 959 980 988 998 
18 764 769 775 788 790 800 817 826 832 839 849 868 886 914 926 976 987 995 
18 751 759 760 763 817 839 858 882 906 926 933 935 942 944 951 962 992 995 
20 761 763 779 786 788 798 816 818 854 863 867 884 887 900 903 919 956 974 996 999 
20 751 755 756 765 771 788 792 798 801 810 811 819 827 871 896 915 925 943 959 994 
17 750 757 769 778 782 789 799 820 824 842 843 845 880 898 924 930 989 
20 764 798 815 836 870 873 880 881 884 904 908 910 913 930 936 953 962 969 970 987 
18 757 759 770 773 780 782 790 805 828 832 836 844 868 873 900 909 987 989 
18 752 756 761 766 791 796 811 825 850 872 889 896 908 920 921 934 970 987 
19 752 767 800 806 819 822 828 833 863 864 878 887 888 893 901 929 947 949 962 
19 789 793 822 835 849 866 872 888 889 891 897 913 915 947 955 965 980 981 989 
20 761 762 766 777 784 800 803 817 833 843 852 855 859 868 906 911 914 923 947 987 
19 752 769 797 804 822 844 846 863 865 898 905 908 911 923 929 932 952 953 962 
18 759 796 798 812 816 833 840 858 891 909 937 943 944 951 952 967 982 989 
20 804 827 839 841 842 850 858 864 891 898 910 914 920 934 935 955 961 966 977 982 
19 752 757 765 782 795 811 823 825 833 843 858 862 883 884 918 921 937 975 986 
17 769 772 786 790 812 827 844 877 879 891 895 912 927 955 959 968 985 
19 772 785 801 804 827 857 858 874 878 888 897 899 919 929 932 963 967 969 983 
17 766 778 787 806 807 825 850 851 854 857 872 878 893 900 924 978 994 
19 765 790 808 830 837 841 846 848 862 863 877 879 881 900 917 935 937 984 996 
18 750 771 791 807 814 848 855 868 872 909 911 930 945 947 952 955 966 996 
17 755 763 772 795 819 827 838 849 859 862 872 879 916 919 938 943 963 
18 753 781 788 789 803 817 879 881 892 895 898 913 922 931 952 966 970 979 
19 795 811 824 837 841 849 856 859 879 885 893 921 928 930 944 949 966 972 980 
18 753 761 768 807 834 840 862 865 880 891 896 908 909 971 972 978 979 987 
18 758 767 793 802 815 825 832 870 876 894 907 914 917 933 934 969 972 976 
18 771 783 791 816 844 847 853 857 875 885 896 912 930 950 953 965 977 983 
20 758 771 781 794 816 837 851 868 889 891 897 898 906 941 949 963 980 983 987 992 
17 753 761 786 799 821 829 830 835 840 863 877 879 890 903 933 945 991 
18 778 808 820 842 856 892 893 894 905 910 912 916 919 920 925 933 971 993 
17 753 767 806 818 825 834 836 860 924 927 930 931 953 959 980 984 999 
18 755 771 780 791 816 832 861 867 869 874 914 926 930 933 944 970 988 995 
20 765 788 798 819 830 854 897 899 908 934 935 936 942 945 961 966 976 979 993 994 
18 767 780 807 854 862 871 876 894 903 904 911 927 929 952 961 975 981 984 
19 754 756 761 763 783 848 859 860 873 876 896 914 919 944 950 967 994 997 1000 
19 755 757 768 782 797 814 837 840 847 849 879 880 894 914 931 940 944 983 995 
20 757 758 789 793 795 798 834 835 849 854 864 865 882 896 901 902 924 955 978 990 
19 757 774 787 788 795 797 811 851 854 863 873 882 883 886 957 965 970 976 986 
17 751 754 789 793 810 819 830 864 870 880 907 910 911 923 956 992 994 
18 750 803 814 838 845 867 874 878 886 896 897 905 914 926 935 946 948 985 
19 750 758 763 766 769 785 787 788 789 798 816 818 835 850 851 953 958 973 994 
20 759 769 789 806 812 835 851 856 883 892 901 903 904 938 958 962 969 972 979 998 
20 752 754 761 771 802 820 825 830 841 843 862 868 874 912 913 924 941 959 970 982 
18 759 767 771 788 791 799 830 862 874 875 897 907 914 916 940 942 988 999 
19 762 764 774 788 828 841 848 859 902 903 908 920 938 948 953 959 970 986 988 
19 766 782 791 796 806 828 835 837 846 851 855 876 891 927 951 964 980 982 985 
18 755 785 829 836 840 849 852 853 855 862 873 925 929 946 964 978 988 997 
19 767 826 840 856 861 877 879 891 899 908 910 928 944 945 952 974 980 983 1000 
18 754 769 771 805 815 829 842 844 874 876 898 915 917 927 950 963 970 988 
17 754 758 761 769 793 794 801 810 833 863 879 882 902 905 931 952 956 
20 758 762 818 823 844 880 894 902 905 915 918 935 938 949 963 967 979 983 992 1000 
20 757 779 781 788 811 816 824 827 832 846 848 869 910 911 915 934 940 944 946 967 
18 778 780 788 795 813 833 836 841 852 865 893 908 913 941 948 966 967 999 
18 750 753 757 780 797 807 818 826 853 894 895 896 898 901 924 925 948 993 
19 752 780 783 785 791 797 821 831 843 881 882 894 901 905 910 923 970 974 995 
19 769 792 799 836 853 877 881 895 903 915 924 936 940 949 969 970 979 982 990 
19 753 764 779 780 791 813 847 870 872 876 885 889 906 943 978 984 991 995 999 
20 751 752 763 794 800 816 820 834 835 853 862 871 887 932 939 944 945 948 965 985 
18 754 760 790 803 809 832 836 840 845 849 883 887 896 898 900 901 934 958 
19 752 758 760 778 809 811 828 842 867 890 905 939 947 957 966 979 992 996 1000 
17 767 776 783 785 797 801 820 831 843 852 886 902 930 943 944 959 971 
19 752 767 822 832 874 889 894 896 917 942 946 951 964 969 975 989 994 996 999 
20 767 801 823 833 834 839 875 883 891 911 921 927 930 934 937 946 972 975 977 984 
18 773 774 786 795 811 812 815 817 828 840 845 847 896 916 932 934 992 1000 
17 759 766 793 804 809 835 854 862 865 875 886 888 900 936 941 946 995 
19 754 763 770 782 790 836 840 856 867 869 870 877 884 894 936 949 957 966 979 
17 754 756 759 764 765 772 795 829 834 854 856 887 905 911 912 920 926 
19 750 753 761 770 778 817 839 849 851 857 879 888 908 917 949 950 955 965 984 
18 755 758 775 780 801 816 822 838 840 850 879 886 902 930 942 943 961 967 
19 761 799 801 802 816 823 846 847 858 867 872 890 909 914 930 948 962 972 978 
20 755 758 761 768 773 779 780 787 792 794 822 850 856 884 887 891 913 960 981 992 
20 753 757 771 778 815 817 826 828 837 845 858 860 864 869 885 887 895 920 941 974 
17 756 763 766 791 824 834 841 847 850 858 876 884 901 945 958 975 995 
20 750 756 763 769 819 823 827 843 845 855 863 866 877 890 932 937 947 962 976 985 
17 751 755 760 762 766 796 845 865 866 890 898 914 915 932 950 961 972 
19 767 782 787 791 822 829 840 841 849 864 867 890 892 942 943 953 972 984 988 
20 750 752 778 780 790 791 795 810 832 843 862 882 886 923 942 946 956 971 991 996 
18 752 764 788 816 869 874 904 905 910 918 922 941 949 952 965 970 987 993 
19 751 771 807 809 817 829 834 837 840 841 874 879 895 896 905 950 959 962 986 
17 773 802 842 849 864 885 910 912 947 949 953 970 978 981 989 990 996 
19 759 786 787 808 812 816 830 838 840 854 864 872 877 888 912 952 956 972 996 
18 760 764 768 784 797 839 840 859 871 876 884 899 917 935 983 987 990 994 
19 753 760 774 780 794 799 803 837 857 891 907 915 916 931 972 975 978 979 1000 
18 761 765 769 772 802 850 857 858 860 862 882 890 895 909 915 978 982 998 
19 760 772 795 796 799 826 830 852 879 880 884 886 909 916 923 924 929 993 997 
18 757 781 790 793 803 811 836 857 863 868 904 907 921 942 946 965 970 997 
18 753 765 773 775 776 791 796 803 828 834 855 856 883 900 903 907 909 985 
17 765 788 790 800 810 812 817 840 874 881 882 893 909 914 942 953 957 
19 757 794 813 816 843 845 856 863 870 875 902 903 905 923 925 933 949 967 983 
17 756 757 768 784 810 827 850 860 900 918 919 929 943 955 958 975 996 
19 758 787 798 800 802 838 849 887 889 892 894 898 899 911 933 946 984 986 999 
17 757 758 763 769 779 785 822 861 876 882 888 890 892 899 944 956 999 
20 758 767 788 790 816 829 837 856 878 886 888 892 901 924 944 947 957 972 976 984 
20 769 778 788 794 803 838 849 852 864 867 874 879 881 899 902 936 971 972 981 999 
19 751 754 763 777 803 813 843 847 879 885 905 911 921 927 933 960 970 989 992 
20 763 785 794 829 838 841 846 855 878 889 896 899 904 916 947 961 963 987 988 993 
16 767 782 803 804 842 848 852 854 856 864 873 878 941 964 973 979 
19 754 767 781 784 787 808 850 851 862 871 874 900 910 924 937 952 976 994 999 
17 750 753 791 800 801 812 829 832 834 840 860 864 865 875 891 918 921 
17 787 789 791 837 844 863 885 900 911 936 944 961 968 973 978 985 996 
19 751 769 776 792 815 822 854 862 866 881 901 902 906 915 930 937 959 973 984 
18 764 775 777 783 809 813 903 916 918 922 937 948 949 950 954 983 990 994 
15 751 757 764 769 774 781 799 800 808 810 877 961 966 982 998 
20 752 761 779 781 782 786 797 815 827 835 839 852 867 883 896 904 905 912 922 955 
18 759 767 797 806 834 855 868 875 892 897 899 956 962 971 976 989 992 995 
19 773 776 786 802 818 838 870 877 881 888 891 898 928 936 942 964 968 972 974 
19 759 768 779 790 800 810 819 825 846 856 885 892 929 945 954 959 974 986 995 
19 759 765 795 798 800 814 851 867 869 901 907 937 939 944 948 956 964 967 995 
17 763 790 803 811 822 841 842 855 873 885 905 920 923 928 954 986 989 
19 757 759 769 806 812 814 820 855 857 862 864 867 880 911 915 931 940 985 992 
19 752 754 757 769 770 810 815 825 828 864 886 908 912 941 957 973 983 993 1000 
19 756 777 781 798 814 819 834 844 858 869 884 891 919 947 952 953 965 967 976 
18 791 800 805 825 834 856 862 863 865 892 901 923 936 950 954 962 993 994 
17 770 773 775 807 822 825 828 835 858 875 909 919 921 922 933 961 992 
19 767 771 774 803 809 837 838 842 851 884 908 926 929 933 941 943 969 987 990 
20 760 778 784 789 796 810 815 828 836 842 855 862 865 869 881 882 893 905 938 963 
18 750 756 764 774 784 816 835 844 851 860 863 889 928 938 953 955 976 994 
19 771 776 791 797 805 818 823 870 879 883 884 887 905 917 946 947 951 965 983 
19 763 766 768 797 799 802 820 822 826 835 839 848 861 870 898 919 937 949 966 
16 752 796 810 842 866 870 891 897 904 921 927 953 956 963 971 989 
18 788 793 796 801 815 839 858 860 876 877 880 896 907 916 923 947 952 991 
19 756 784 791 794 813 829 852 864 899 918 919 920 922 926 941 959 966 983 998 
17 753 759 796 797 801 806 819 832 859 867 876 888 915 950 952 990 1000 
19 767 791 814 818 822 844 850 861 867 872 887 902 915 918 919 926 955 984 1000 
16 753 779 808 813 819 834 840 875 892 897 899 928 936 940 941 996 
18 755 763 781 784 791 795 796 820 822 834 847 887 928 934 957 959 971 998 
19 757 767 770 772 786 790 793 813 859 875 879 886 891 905 918 924 978 987 995 
19 766 767 772 796 814 815 844 845 861 871 877 882 903 912 918 928 929 941 989 
16 830 841 845 867 868 871 904 913 941 943 961 967 979 982 991 996 
18 756 777 790 834 836 848 852 855 871 874 887 889 897 904 918 940 953 981 
20 766 779 801 804 808 842 850 864 874 880 892 896 912 916 926 940 943 951 954 975 
18 750 758 762 790 795 798 800 808 817 833 858 874 889 893 930 938 951 954 
20 751 757 766 771 793 799 817 826 849 867 869 877 879 903 940 949 961 972 992 999 
18 762 766 768 786 791 793 796 830 843 856 869 871 903 907 952 971 989 998 
17 751 756 810 813 817 858 867 875 876 880 893 894 905 928 951 964 985 
20 755 766 790 802 809 811 817 818 827 836 838 860 871 892 900 909 919 960 964 1000 
18 753 771 786 787 791 796 823 838 839 857 864 867 889 898 912 926 984 992 
16 773 798 800 802 803 839 845 853 864 904 921 955 968 969 990 996 
19 751 755 797 803 805 808 837 852 860 877 881 915 919 937 943 952 954 960 967 
17 757 761 779 789 804 824 869 873 887 888 889 896 910 944 979 987 994 
20 768 777 785 796 817 821 825 827 832 834 845 891 903 904 911 930 931 974 983 1000 
19 755 784 798 816 838 842 848 859 866 867 871 876 895 940 945 956 968 970 996 
18 779 780 796 808 840 843 849 878 881 891 921 924 943 946 951 959 970 975 
19 762 771 774 789 805 807 828 829 833 847 861 874 876 935 938 963 972 976 998 
19 761 765 787 797 804 809 831 842 848 882 899 932 950 951 955 960 961 982 990 
17 751 776 792 812 819 826 861 863 871 893 898 899 910 955 966 979 986 
19 750 754 755 783 795 809 860 862 871 897 903 913 925 935 947 948 971 978 987 
19 773 810 811 823 853 854 855 877 888 890 897 899 919 922 933 943 979 986 990 
20 767 811 812 815 824 839 862 865 869 870 887 889 899 911 935 951 973 979 996 998 
18 763 772 777 789 811 820 835 847 915 916 921 931 944 955 975 979 994 997 
18 757 773 774 792 794 824 838 871 899 909 914 915 926 931 955 980 988 994 
18 754 756 780 781 784 808 809 837 874 889 895 906 921 928 962 971 980 984 
20 752 760 776 785 786 797 810 831 835 844 870 884 898 899 932 937 945 948 965 991 
18 766 775 789 794 830 834 837 848 863 865 879 883 897 901 907 915 952 963 
18 755 763 777 825 841 847 861 869 870 894 895 898 900 905 923 946 966 1000 
18 792 806 809 832 834 847 852 860 862 878 893 913 926 931 940 947 981 993 
17 758 763 789 797 835 864 891 896 897 904 905 926 939 949 973 975 983 
19 767 768 774 781 830 856 857 858 860 865 896 914 938 964 969 982 991 994 997 
20 764 766 771 794 799 804 825 842 851 858 870 871 885 901 903 906 920 928 930 940 
17 751 761 766 773 787 803 820 825 845 891 896 940 944 962 986 991 995 
20 751 761 777 789 792 802 807 808 832 860 864 887 896 935 940 967 969 982 992 998 
18 750 758 762 769 773 781 790 810 832 880 884 887 905 910 915 959 974 982 
17 766 771 778 785 790 832 852 863 867 890 925 930 951 958 979 984 998 
17 751 757 806 834 835 843 850 854 862 886 888 893 902 915 961 990 999 
16 763 819 829 838 856 871 874 887 893 919 933 954 956 969 988 996 
18 762 796 800 821 838 849 857 872 873 881 913 916 925 933 942 954 980 988 
19 769 784 785 788 801 802 803 807 830 832 841 851 876 887 926 939 943 947 1000 
17 750 779 795 807 808 835 840 850 873 884 912 914 918 920 944 950 964 
18 753 770 802 818 823 826 827 835 856 868 875 906 907 910 945 976 993 1000 
20 750 762 795 803 811 814 836 838 888 900 915 935 941 949 953 958 960 973 979 987 
19 752 764 765 770 775 792 814 816 825 851 869 878 884 886 893 907 961 976 987 
20 757 759 787 791 804 808 814 824 845 847 852 862 864 868 874 907 911 924 928 974 
19 779 834 852 858 862 864 873 879 894 909 913 919 922 946 948 965 971 972 995 
18 760 781 806 818 824 868 872 901 902 903 937 946 948 958 971 974 977 983 
19 763 766 770 772 803 812 828 832 840 852 873 878 888 916 933 937 958 959 998 
18 769 773 776 781 784 825 828 834 850 866 879 891 927 929 930 940 965 999 
19 760 761 781 785 811 823 837 859 860 867 872 873 912 933 959 969 970 982 1000 
19 753 761 769 783 806 835 836 841 844 870 894 904 913 933 937 963 966 975 981 
17 772 800 803 814 816 824 841 863 864 872 880 881 909 937 961 980 986 
18 756 758 773 801 803 804 807 822 832 843 857 868 892 899 959 989 994 996 
18 750 778 806 809 823 827 834 841 854 878 883 890 912 929 958 970 974 980 
20 751 764 767 776 791 799 808 809 810 843 872 885 887 916 934 935 955 966 972 979 
18 776 782 802 813 819 832 837 858 870 874 897 898 912 937 959 970 984 995 
18 780 819 821 855 863 882 894 898 914 925 935 949 956 960 973 978 979 988 
19 762 779 787 789 790 838 846 867 877 882 889 906 913 943 953 960 972 989 993 
17 756 764 777 785 790 798 809 841 861 867 887 909 914 951 953 974 999 
18 772 803 815 817 852 853 865 866 881 907 920 927 928 953 975 979 992 999 
20 752 765 793 809 828 829 853 891 892 897 917 919 934 938 944 957 975 996 998 1000 
20 777 786 801 809 812 815 834 836 838 847 851 858 893 916 920 921 928 956 969 972 
18 757 764 805 808 823 831 867 870 884 892 893 894 926 931 965 976 983 991 
17 775 783 786 811 821 828 829 842 844 846 854 873 908 913 972 983 988 
19 750 752 764 788 793 821 830 840 842 897 902 906 910 924 928 933 946 973 1000 
17 758 789 833 840 866 874 875 879 896 908 921 927 928 947 958 975 991 
18 751 754 763 771 784 788 789 803 836 840 851 859 882 888 891 931 956 967 
19 776 792 796 799 810 823 826 835 881 893 920 930 934 938 942 944 946 947 998 
19 770 777 782 797 806 838 844 848 856 877 878 891 912 928 948 957 970 978 981 
17 766 780 791 800 801 814 866 885 913 919 939 950 952 953 957 967 1000 
19 751 754 799 806 848 850 853 886 900 903 914 917 919 957 960 965 967 979 996 
19 755 760 772 775 807 810 831 877 888 892 893 930 947 960 962 969 976 979 989 
19 764 768 769 777 800 812 839 845 850 855 872 898 900 912 947 954 978 992 996 
18 752 772 777 779 791 793 820 837 839 878 881 895 900 910 920 958 974 992 
17 756 787 795 810 816 825 826 833 841 893 903 942 943 951 971 984 995 
19 751 755 772 808 838 857 874 875 882 888 910 911 912 914 915 961 971 972 973 
19 760 786 789 809 834 845 847 856 865 901 911 915 920 933 973 979 985 988 990 
19 756 767 768 773 788 799 801 817 826 842 858 889 894 914 924 933 935 937 962 
19 761 782 790 826 850 852 853 872 879 881 883 893 898 908 920 970 972 990 996 
18 765 769 770 830 834 855 873 885 887 892 898 902 917 937 938 953 967 978 
20 772 778 780 786 794 797 799 837 841 846 868 877 878 887 889 908 916 943 944 954 
17 756 762 767 773 819 836 862 877 880 912 914 922 943 955 960 974 999 
18 774 786 791 792 797 814 845 849 859 868 886 889 924 934 949 975 997 999 
19 757 763 765 771 808 810 819 840 858 909 918 948 958 959 964 976 979 991 993 
17 792 803 807 811 836 837 872 873 880 897 900 933 941 956 958 963 991 
18 751 754 761 819 840 842 854 871 873 883 891 898 912 914 934 953 990 1000 
19 761 776 801 806 818 825 832 847 864 867 923 942 954 965 971 985 986 987 1000 
19 751 755 766 785 832 834 843 847 860 865 872 889 947 955 966 975 978 979 995 
20 757 764 767 769 794 797 799 806 821 823 828 840 852 857 888 906 954 968 993 998 
18 755 764 771 782 796 799 812 828 858 864 867 891 908 912 915 931 977 994 
18 750 761 766 767 784 787 791 802 807 809 814 847 855 870 909 918 945 956 
19 767 779 795 820 829 866 869 872 880 881 905 911 913 916 943 948 965 979 980 
20 830 833 838 853 860 873 881 884 911 912 914 919 933 942 944 968 971 972 981 991 
18 761 769 775 783 787 794 797 808 818 830 847 873 897 925 943 960 991 997 
20 754 757 764 781 806 810 831 840 866 875 891 899 910 923 935 937 950 975 981 982 
19 761 773 775 807 826 832 837 870 885 893 897 908 914 950 956 973 980 994 996 
18 752 757 765 774 778 794 802 806 809 810 817 823 824 825 833 909 952 965 
20 768 769 778 794 829 834 839 872 874 902 918 927 944 956 958 961 964 969 973 978 
20 764 770 786 810 817 843 853 854 869 873 874 884 888 895 900 933 943 948 965 968 
17 751 752 787 835 865 869 881 891 893 913 914 925 927 935 936 947 982 
18 754 781 782 797 806 821 867 873 880 882 913 923 961 973 978 987 989 990 
19 755 796 799 824 837 841 848 849 870 872 876 881 885 909 911 933 963 978 992 
17 764 812 819 822 837 840 841 868 873 875 911 914 925 929 946 958 987 
18 752 758 777 778 779 850 867 878 893 912 920 944 956 969 976 978 983 987 
17 763 795 800 810 814 817 831 856 858 880 899 906 918 920 936 960 981 
18 760 776 802 840 842 851 865 878 883 887 899 906 912 921 959 976 991 996 
18 751 754 769 773 785 789 826 828 848 888 889 930 931 953 957 964 998 999 
20 765 773 777 778 782 813 818 834 848 856 860 862 878 898 932 941 953 978 994 997 
18 765 780 786 801 808 831 835 840 842 897 909 914 921 930 957 969 987 998 
18 760 772 774 787 789 791 805 811 833 841 862 866 868 874 876 891 898 952 
19 775 776 791 806 853 859 865 867 874 878 915 928 943 945 958 967 975 976 992 
18 778 792 838 850 851 859 874 877 882 885 894 910 922 930 931 954 968 983 
18 784 831 836 838 841 842 849 851 868 872 888 898 900 920 938 986 990 996 
17 784 801 809 812 833 859 868 896 907 915 916 926 933 937 944 964 973 
19 750 754 818 823 829 830 857 861 871 882 891 911 912 926 930 932 933 945 998 
19 761 770 791 798 813 816 821 829 841 866 868 875 916 923 939 942 949 954 998 
18 767 780 781 819 837 848 849 869 918 922 947 961 971 981 984 987 990 996 
16 769 773 775 782 788 810 835 878 886 888 904 913 918 928 968 969 
19 757 770 787 789 802 804 807 827 833 835 894 911 920 932 940 956 965 967 998 
18 750 755 761 777 791 799 801 803 827 828 841 858 862 912 918 920 959 987 
19 770 773 791 809 816 817 844 854 858 877 887 906 923 929 930 956 975 976 985 
19 761 771 795 821 829 835 836 860 863 883 894 900 905 919 939 941 942 944 985 
19 770 784 798 822 836 865 868 873 884 885 904 921 925 928 958 962 969 986 990 
19 752 757 771 790 795 802 821 822 836 839 848 890 903 939 945 961 971 979 982 
18 772 816 830 833 834 837 842 848 853 856 913 915 929 939 981 988 996 998 
18 750 759 781 794 820 831 872 884 897 935 937 953 957 959 973 986 994 995 
18 756 763 785 786 800 831 854 872 933 934 944 954 955 959 983 991 999 1000 
18 753 773 792 799 819 822 845 848 852 918 924 933 936 942 947 950 956 997 
16 764 778 790 806 819 821 822 827 839 855 877 882 889 898 944 975 
18 752 757 789 812 815 819 827 866 880 892 894 897 915 926 950 960 968 974 
17 781 793 802 811 846 849 865 874 902 908 929 947 952 954 957 975 985 
19 756 769 773 780 792 797 798 801 823 854 856 866 876 887 894 895 908 955 964 
18 754 786 812 825 829 850 854 863 882 915 923 925 932 949 953 954 958 990 
17 751 755 795 796 809 826 854 879 894 912 928 933 935 980 984 997 999 
17 753 763 783 791 808 823 872 891 918 924 925 936 956 968 978 983 990 
18 758 775 776 813 826 833 848 854 862 866 896 899 917 926 936 944 972 981 
17 771 799 805 832 857 874 879 910 911 918 919 937 939 941 958 977 994 
18 755 758 775 813 834 848 857 863 868 877 878 928 938 945 970 973 989 996 
17 793 797 818 828 847 849 868 869 882 890 897 911 937 974 983 986 1000 
19 756 781 784 801 807 820 824 841 846 876 877 878 907 930 946 948 962 984 995 
17 757 763 781 787 810 818 861 868 901 910 931 933 941 948 968 973 998 
20 758 774 814 824 827 846 847 882 895 918 923 950 956 959 961 962 964 972 987 989 
20 751 752 765 774 775 779 824 826 831 844 863 867 868 875 907 917 957 973 999 1000 
18 770 787 796 800 839 883 891 899 915 922 933 935 940 951 952 956 957 982 
18 767 777 792 804 845 853 856 866 874 878 884 892 902 914 922 926 990 992 
17 806 846 863 865 870 871 876 916 928 933 936 942 963 969 974 986 992 
18 761 768 771 791 792 810 832 841 856 899 901 905 912 913 922 932 962 973 
19 755 770 797 814 817 864 867 870 874 889 891 924 945 955 959 961 966 983 1000 
18 752 763 764 766 809 819 854 863 867 889 893 916 947 958 969 979 989 992 
20 754 771 793 798 823 825 826 831 847 859 884 899 904 912 924 931 936 946 976 996 
20 761 783 800 801 813 833 850 852 859 862 872 888 932 942 944 965 967 968 993 999 
19 761 772 773 775 788 793 795 796 813 854 876 877 892 910 919 935 962 967 974 
18 755 756 771 779 783 794 803 809 821 857 858 891 897 921 928 934 980 981 
19 758 763 767 773 783 792 794 802 826 858 864 904 923 924 927 947 950 953 979 
20 760 764 769 771 784 794 815 820 835 866 874 875 901 930 933 941 958 965 979 984 
19 765 784 790 800 816 829 830 866 871 876 878 879 883 899 900 913 921 941 980 
18 759 760 762 777 827 845 855 867 880 899 932 936 950 956 971 972 976 994 
18 762 765 770 784 794 803 806 816 818 861 871 875 906 913 921 938 988 992 
17 752 792 801 813 818 821 842 843 866 902 920 921 935 946 951 980 998 
19 753 755 774 794 808 825 840 866 874 884 896 899 916 920 931 951 957 961 973 
17 753 763 767 769 781 784 792 826 828 882 896 912 919 947 962 971 984 
18 756 844 847 853 861 870 877 889 895 900 905 909 913 926 927 950 953 995 
19 774 777 795 801 817 833 855 868 880 895 899 924 935 946 961 968 970 990 991 
17 750 768 776 780 809 813 815 834 851 858 873 880 885 956 958 971 988 
16 751 793 812 819 830 832 836 859 861 870 892 915 937 950 967 981 
19 780 782 800 803 811 837 839 843 848 852 859 909 927 928 933 963 969 982 997 
18 790 796 817 825 864 866 874 878 890 892 905 926 928 962 963 978 995 1000 
19 756 774 778 784 786 853 862 867 870 872 886 900 910 920 923 949 963 965 983 
18 758 777 789 818 821 826 839 858 859 884 885 910 915 918 919 962 970 989 
17 753 775 788 796 826 856 860 867 868 907 916 926 966 974 989 994 998 
20 758 759 761 773 786 787 818 837 852 869 870 871 872 875 938 946 984 987 994 998 
18 757 758 785 801 810 816 830 871 877 888 914 916 929 939 948 952 961 996 
19 756 773 785 787 791 801 829 831 842 860 861 916 922 925 927 930 950 962 989 
18 751 762 763 812 836 859 864 871 873 903 911 920 939 951 958 973 986 996 
18 751 752 756 764 769 792 800 817 865 896 898 910 914 921 923 929 997 1000 
18 754 776 780 798 828 833 837 859 867 875 881 882 896 926 966 974 980 986 
17 765 768 788 791 792 795 799 800 804 805 809 899 913 918 935 949 978 
20 765 769 772 780 788 825 841 851 857 863 865 866 908 909 918 928 936 967 977 998 
18 766 777 780 781 797 810 816 827 843 876 894 929 953 963 971 988 991 994 
18 764 780 783 791 798 801 804 810 829 846 876 881 907 918 919 931 936 994 
19 766 783 794 822 870 873 874 880 882 891 918 931 933 937 940 966 970 992 993 
17 759 760 792 820 821 828 832 836 844 869 874 894 898 927 945 976 988 
18 769 770 773 776 851 854 857 888 891 896 898 913 937 964 965 969 971 1000 
18 769 770 789 797 811 815 823 848 856 901 905 924 925 946 953 964 974 980 
19 777 791 801 830 835 854 857 870 875 877 883 899 928 935 945 962 977 989 991 
20 752 768 775 783 793 794 833 857 858 860 893 903 913 925 928 948 967 970 992 993 
20 808 836 838 845 856 861 869 870 875 876 879 882 892 909 921 922 924 951 953 961 
19 758 772 803 807 828 840 842 848 858 867 875 877 878 896 911 919 928 966 979 
17 789 800 826 850 856 859 869 876 891 909 922 931 946 957 963 969 971 
18 769 781 799 816 831 846 857 888 890 927 947 950 964 966 972 977 991 993 
18 774 789 821 833 872 894 897 909 910 923 939 941 943 968 969 978 997 998 
20 752 760 781 782 783 791 805 807 821 844 861 864 870 879 889 924 941 975 989 996 
18 757 763 769 771 829 853 854 870 883 889 919 960 963 965 978 983 990 992 
18 751 759 778 796 807 817 824 832 833 838 844 868 955 976 977 980 989 995 
19 772 781 785 792 798 802 803 823 829 838 843 862 881 884 895 901 916 949 993 
20 752 753 759 768 779 801 804 839 865 880 913 921 923 930 931 944 951 957 961 991 
18 754 759 765 768 777 778 786 787 799 801 804 862 899 914 932 955 961 969 
20 753 756 757 777 804 811 822 838 865 868 870 918 942 948 962 968 971 979 981 982 
18 767 776 814 820 825 850 851 853 859 917 935 945 947 963 964 981 997 1000 
17 755 769 790 840 843 849 866 881 900 902 924 936 945 949 956 974 992 
20 755 768 773 798 799 810 817 822 833 848 857 860 869 878 893 899 935 939 962 987 
18 773 778 782 803 805 828 834 835 841 857 877 886 888 910 923 934 946 994 
19 751 768 809 818 829 838 839 870 889 890 899 903 943 948 952 978 980 983 997 
18 760 784 805 821 826 839 851 855 856 870 884 887 926 935 940 956 965 984 
18 755 773 776 777 799 804 856 885 895 896 912 915 930 935 942 952 955 997 
18 752 758 760 825 876 877 878 883 898 900 914 929 931 949 964 978 979 981 
20 751 764 789 811 816 818 830 840 851 868 873 891 897 910 918 935 953 963 994 997 
19 750 777 782 792 802 803 804 813 829 838 852 865 897 925 967 974 986 998 1000 
19 758 763 807 809 822 840 848 855 865 867 894 899 919 920 937 944 952 956 968 
19 762 764 802 804 817 824 839 841 851 854 856 876 880 903 906 944 950 994 996 
19 765 771 774 788 795 820 828 829 835 836 851 866 898 928 930 934 950 998 999 
20 793 794 799 821 824 832 835 856 857 862 866 872 908 918 942 946 953 963 975 977 
18 752 762 770 783 808 809 820 835 851 859 861 875 886 953 962 965 973 994 
19 766 784 795 797 840 853 861 879 886 887 894 934 936 945 946 952 964 968 1000 
18 755 771 789 792 801 808 817 824 838 862 871 886 904 907 947 951 963 984 
17 754 769 784 810 838 840 873 874 884 901 909 926 940 947 963 969 989 
17 753 756 758 775 801 806 808 850 854 894 901 906 928 963 989 998 1000 
18 750 755 780 788 791 805 834 843 851 880 885 890 898 912 926 928 941 979 
18 766 777 786 841 856 866 878 912 913 930 933 936 950 957 983 986 987 995 
18 771 785 789 793 797 805 830 834 848 869 890 910 912 920 961 987 995 998 
18 770 773 774 786 798 807 846 847 880 884 889 895 919 957 964 973 980 990 
17 752 753 759 766 803 831 834 839 864 888 921 943 950 955 967 997 998 
16 760 788 789 793 835 863 865 867 880 897 925 927 949 964 966 977 
19 763 768 774 775 776 795 796 821 838 846 850 863 870 890 909 930 960 964 991 
18 764 779 784 814 828 836 887 914 920 924 943 950 962 969 974 976 980 986 
20 760 762 787 798 848 859 865 894 900 901 904 913 915 916 920 924 951 955 973 981 
18 751 762 780 796 799 801 803 808 825 915 928 933 939 941 956 968 969 976 
17 764 781 787 788 841 860 884 889 891 922 938 955 956 972 974 975 989 
17 795 813 820 828 892 896 909 919 934 953 954 956 963 969 981 987 996 
17 752 767 772 785 790 798 829 837 840 843 844 869 916 920 925 964 980 
18 770 778 817 843 862 883 885 887 891 907 912 933 946 948 960 968 981 993 
20 773 776 788 802 813 840 846 853 856 862 876 881 888 903 922 941 950 965 975 988 
20 766 779 796 829 833 847 852 855 865 896 899 906 908 924 948 961 966 982 992 997 
18 762 802 803 812 828 846 857 867 873 912 923 934 936 943 953 960 985 995 
17 757 762 769 792 806 813 824 834 860 863 869 893 942 952 990 991 994 
19 764 767 771 796 800 830 832 851 864 872 887 908 918 948 951 961 965 966 969 
19 759 767 773 774 780 784 785 789 800 805 809 828 853 882 916 956 959 966 976 
19 751 753 758 771 776 783 823 833 843 860 878 889 893 913 924 931 954 983 988 
17 770 776 780 785 797 800 876 932 937 952 964 972 974 979 982 988 992 
19 755 769 790 792 796 814 821 826 853 862 881 884 891 908 936 938 958 966 970 
17 754 757 774 788 789 820 828 834 858 869 905 907 908 940 946 952 994 
17 760 768 772 811 824 832 841 859 860 872 916 920 951 967 976 988 994 
18 763 795 797 808 811 817 818 823 830 860 899 921 925 937 940 953 970 992 
19 752 753 755 757 790 794 798 808 839 849 858 863 887 895 899 912 952 961 996 
20 769 800 807 811 815 823 829 830 849 851 852 863 905 927 931 943 967 970 987 996 
18 761 765 781 804 816 819 824 832 868 880 883 905 918 921 922 951 954 962 
18 755 762 780 795 818 826 827 830 853 861 896 908 916 922 933 960 976 977 
18 763 780 791 812 822 829 840 867 911 917 945 946 952 973 975 991 994 995 
17 770 773 791 831 852 854 857 872 877 887 912 916 946 964 969 973 1000 
18 752 767 789 791 812 816 822 831 849 850 859 877 888 930 952 960 983 996 
18 751 763 790 800 810 843 863 869 877 890 902 905 909 950 955 976 992 996 
17 757 768 790 796 798 813 849 874 883 927 937 954 958 977 980 984 989 
17 779 782 804 809 810 821 827 849 858 875 910 917 930 942 962 970 973 
19 755 758 771 776 788 818 841 845 846 853 856 863 899 903 912 960 962 971 992 
18 770 776 793 794 799 812 836 866 873 880 881 891 905 917 930 942 951 975 
19 782 818 826 845 846 866 870 882 891 892 906 910 914 939 949 988 990 998 1000 
20 768 769 786 791 804 813 827 836 840 866 896 907 908 909 923 934 935 953 971 994 
20 766 791 795 830 853 864 880 898 928 934 943 945 952 954 960 967 972 975 990 999 
19 779 818 831 852 858 860 916 937 938 940 941 949 950 954 955 960 968 985 987 
20 758 766 769 771 777 783 789 800 836 844 852 863 906 925 930 939 951 958 967 974 
16 811 820 822 843 852 853 867 878 890 893 940 941 943 944 962 973 
18 752 764 771 786 787 804 805 817 837 885 901 906 922 967 968 972 983 992 
20 786 825 832 836 843 854 863 869 885 893 898 908 912 925 930 939 940 941 948 959 
17 756 759 762 779 803 881 882 892 907 929 942 946 965 974 980 988 991 
20 764 775 777 788 791 801 837 850 859 860 896 903 926 932 941 953 967 969 977 978 
18 758 762 782 819 835 836 842 871 894 926 938 949 956 961 969 972 978 997 
19 754 761 764 778 782 783 788 798 816 818 822 839 863 926 947 961 962 985 999 
18 774 792 825 830 833 840 844 874 908 927 932 935 947 959 961 972 992 998 
18 761 794 810 830 904 905 912 923 928 947 958 964 969 972 973 975 982 988 
19 768 782 788 817 835 838 852 869 880 882 886 887 901 915 943 949 962 971 983 
19 752 794 797 828 843 846 851 856 866 879 881 883 887 895 912 931 934 988 999 
18 753 758 767 788 802 826 831 853 882 913 914 965 973 975 979 984 993 996 
18 774 776 779 782 816 845 852 857 874 876 903 917 929 930 931 955 957 958 
19 750 763 781 826 833 840 871 875 880 881 894 907 930 932 954 961 963 986 1000 
18 764 775 822 841 846 857 868 874 891 917 933 936 940 958 963 972 974 997 
19 799 825 831 853 856 894 900 923 926 940 952 953 963 965 968 972 982 984 993 
18 775 796 800 807 847 861 890 893 908 931 941 945 959 966 977 983 997 999 
18 780 781 844 852 858 871 876 877 885 911 917 923 925 930 934 944 982 989 
18 757 765 795 796 797 800 806 829 844 847 875 877 891 906 920 930 947 978 
17 756 784 800 802 831 851 853 865 867 899 900 950 968 974 990 994 997 
18 753 766 789 796 822 827 859 860 881 882 894 898 912 961 965 979 990 993 
19 758 766 768 800 804 847 853 858 868 869 872 888 890 955 967 982 987 991 998 
18 765 767 791 828 858 864 873 903 917 921 935 945 949 957 972 975 980 993 
18 761 794 798 813 818 835 839 851 853 874 883 886 899 907 970 975 977 999 
17 765 773 774 777 793 813 835 839 850 878 891 910 929 955 957 966 978 
19 780 787 800 806 823 824 829 836 838 840 857 902 930 935 956 968 972 984 990 
20 761 783 786 789 801 809 827 839 871 877 887 891 903 921 925 929 943 959 986 995 
17 760 789 804 808 829 835 868 892 895 903 911 939 944 953 962 985 999 
18 752 760 761 818 847 851 862 869 871 877 878 889 891 899 909 921 948 956 
19 757 798 812 838 856 869 875 878 923 926 928 929 935 946 947 951 959 973 987 
18 752 768 792 824 828 844 845 847 876 901 923 934 935 938 944 971 973 976 
19 764 772 788 806 817 828 834 846 855 879 895 908 912 916 921 934 949 960 987 
17 782 786 793 808 821 843 845 852 870 872 922 933 947 962 969 974 988 
18 753 784 785 791 793 801 830 834 844 847 866 868 922 923 928 977 997 1000 
19 762 786 788 811 842 844 848 849 850 858 872 878 885 903 919 922 931 936 948 
16 756 771 777 799 801 823 845 858 860 861 865 883 943 945 960 969 
18 765 767 769 774 793 805 807 817 838 859 882 908 913 947 952 960 963 978 
18 766 773 792 807 809 816 855 877 909 913 919 927 944 952 964 977 982 990 
20 758 761 787 789 794 796 810 812 825 829 860 893 897 912 933 937 948 952 977 992 
17 782 785 787 788 800 849 856 900 906 934 941 969 973 974 986 991 994 
18 753 767 782 787 798 808 815 821 827 846 849 864 896 903 923 935 983 1000 
20 754 765 768 784 796 797 803 825 829 834 842 843 855 857 884 889 903 953 957 960 
17 760 766 768 777 782 790 826 878 891 896 935 938 957 960 968 982 994 
19 759 762 789 804 806 823 834 840 874 879 883 885 907 909 912 931 935 959 999 
19 750 764 770 773 797 801 817 829 855 857 880 886 915 920 921 938 952 959 991 
19 755 761 782 813 833 847 858 877 888 894 895 897 917 921 963 964 966 976 999 
18 777 811 813 831 834 838 842 868 876 879 886 917 928 936 946 985 986 1000 
18 750 759 774 775 783 786 798 804 841 850 874 884 896 918 936 964 972 998 
19 764 778 780 789 801 817 831 858 861 874 880 909 938 951 956 958 962 974 979 
19 778 794 796 799 805 810 846 851 863 875 884 885 899 902 905 909 928 946 968 
18 752 758 793 806 815 817 849 861 874 892 920 927 945 951 954 960 978 980 
17 753 772 780 822 832 855 880 888 900 916 925 932 933 936 948 967 972 
18 765 773 785 795 801 816 853 857 860 887 888 890 896 916 941 947 959 973 
18 760 780 786 793 795 797 837 846 889 898 901 932 940 966 968 974 991 993 
17 780 784 789 793 802 817 820 863 884 898 922 939 940 966 989 991 993 
20 759 768 794 810 839 843 845 852 856 871 874 883 888 892 898 899 934 976 979 983 
19 769 792 794 807 816 836 858 880 890 897 909 912 918 935 946 953 981 995 997 
18 763 793 794 796 801 804 813 815 820 824 832 875 918 948 963 979 991 998 
17 757 759 760 768 779 784 786 787 799 921 932 953 959 960 962 992 996 
18 750 762 790 792 800 821 835 838 846 856 889 910 928 942 946 954 967 990 
19 751 754 765 773 781 800 801 813 816 831 848 878 893 898 905 940 962 970 990 
19 751 769 773 783 804 843 855 860 869 902 926 927 937 940 954 962 974 985 992 
18 779 792 798 817 820 823 830 837 839 849 856 879 892 893 903 949 983 997 
19 759 761 766 771 803 833 841 842 883 914 935 937 941 943 959 964 975 984 997 
19 755 759 767 780 795 802 803 804 808 815 849 862 873 877 889 902 908 934 976 
19 763 765 770 771 783 794 806 823 833 854 857 874 910 914 923 933 942 977 997 
19 759 762 795 805 806 813 814 818 819 834 837 839 887 888 898 924 928 939 966 
18 762 778 782 793 800 805 824 845 859 863 900 916 929 937 946 952 979 989 
16 762 770 773 774 807 827 837 870 876 908 914 935 962 972 978 986 
19 757 762 763 788 793 806 827 860 873 884 885 899 900 919 946 973 987 993 998 
18 766 786 832 839 855 869 874 881 895 897 899 908 919 924 955 969 978 985 
18 758 770 817 823 837 842 845 863 884 931 933 945 973 975 987 995 998 1000 
18 762 786 797 822 843 856 858 860 883 884 890 896 897 910 927 973 976 982 
17 752 765 776 794 816 827 840 869 910 913 936 941 960 978 980 981 987 
20 762 763 768 779 798 799 803 844 852 855 878 881 884 893 913 945 952 958 963 975 
17 776 779 785 802 807 816 820 822 846 849 850 869 898 926 942 964 968 
18 766 768 776 814 822 823 824 827 828 835 840 855 865 905 947 950 972 978 
18 750 798 807 821 830 833 841 850 851 869 879 880 891 896 925 939 963 969 
18 778 782 794 801 802 816 817 820 835 841 857 868 888 925 964 977 999 1000 
19 766 770 789 792 793 797 820 824 827 855 858 863 876 924 938 969 970 986 1000 
19 752 775 778 785 789 799 807 810 826 844 862 872 893 904 910 915 967 974 993 
19 757 761 773 783 804 849 874 878 888 897 904 908 922 929 933 953 969 987 997 
17 771 796 798 837 842 847 859 863 864 876 896 904 921 924 925 959 997 
17 755 768 792 842 846 870 871 886 902 908 923 964 974 979 980 990 1000 
18 768 783 789 790 797 804 810 822 845 851 862 865 867 891 915 960 964 975 
19 772 785 805 821 824 835 840 841 852 864 870 908 917 930 962 972 987 996 1000 
20 761 769 774 779 791 818 842 847 853 857 871 884 887 888 892 899 921 945 989 993 
19 758 765 795 822 828 831 848 885 900 901 908 910 914 916 919 956 984 991 1000 
17 760 766 807 832 843 877 905 908 917 945 946 961 974 978 986 995 997 
20 756 757 760 763 764 794 799 801 808 838 849 860 872 873 881 894 920 936 987 995 
19 762 782 789 800 806 807 819 832 834 857 867 894 899 913 933 951 960 968 994 
19 804 806 835 841 854 870 885 887 894 909 911 923 929 934 939 944 945 949 958 
18 754 803 815 847 849 867 868 877 879 900 901 910 930 934 959 963 965 977 
17 775 780 796 797 826 836 847 862 867 887 902 919 922 945 959 981 1000 
18 762 770 783 807 824 837 844 848 861 868 883 895 898 916 924 926 931 956 
18 785 789 815 842 844 848 871 889 900 909 918 920 926 943 976 977 979 983 
17 754 788 793 806 834 857 861 868 884 885 889 921 930 939 956 959 977 
20 756 769 773 794 805 842 847 863 864 865 876 886 890 905 944 958 961 963 980 991 
19 752 787 830 832 834 838 859 882 885 887 897 921 926 930 939 960 963 965 997 
18 761 768 794 805 809 819 837 841 847 854 864 908 916 965 975 983 984 995 
18 756 762 769 776 800 897 902 906 907 912 915 922 950 961 973 986 988 994 
18 756 758 761 764 775 835 851 854 858 892 895 922 924 946 948 954 961 968 
18 777 801 812 813 836 849 880 885 905 911 917 923 946 965 966 975 976 982 
14 751 768 788 791 827 859 875 887 896 940 945 946 947 953 
18 752 785 801 802 810 826 828 873 881 911 914 939 950 953 974 975 986 987 
17 763 769 777 790 812 817 892 897 901 903 913 924 927 937 946 972 986 
18 753 758 760 784 816 817 874 889 904 920 923 947 952 964 974 977 988 992 
17 757 761 774 777 812 829 837 845 851 896 897 923 925 931 971 982 989 
20 756 772 800 810 816 837 851 869 889 893 904 923 929 931 953 954 961 962 971 978 
16 798 826 831 835 844 845 852 863 921 925 938 941 965 973 980 994 
18 769 772 781 812 819 826 835 856 884 887 892 898 915 936 937 946 978 989 
18 766 767 771 774 797 798 812 816 825 849 854 878 879 901 950 953 972 975 
19 763 779 782 787 805 812 825 843 856 864 913 916 929 951 958 974 975 981 986 
18 753 761 767 792 804 827 832 833 877 881 892 893 898 903 916 920 939 995 
19 753 758 760 763 779 810 827 829 841 842 850 856 859 872 913 935 943 948 977 
18 752 765 768 771 779 791 800 808 814 821 828 850 869 906 940 946 963 986 
20 757 758 763 766 769 823 836 837 847 865 884 925 930 935 936 981 985 987 995 997 
20 788 791 822 829 831 839 840 848 858 862 865 879 903 928 943 960 971 973 979 987 
18 764 785 794 805 806 811 813 827 829 849 879 882 903 943 945 956 963 982 
18 775 776 792 827 832 845 851 856 867 871 889 894 897 901 913 930 955 997 
19 761 798 801 817 826 833 840 864 868 886 920 921 953 962 965 969 975 979 993 
18 755 775 784 789 837 846 865 878 879 880 888 899 910 917 957 967 991 992 
18 760 765 769 789 790 810 834 869 871 877 895 909 921 922 927 963 973 991 
18 756 787 801 808 813 845 862 887 901 917 923 930 944 949 956 971 998 999 
17 769 792 798 801 809 818 820 827 849 863 871 908 940 959 960 961 976 
18 772 798 820 831 835 851 860 885 896 898 905 917 925 944 960 985 986 989 
16 755 760 787 810 812 827 868 870 873 876 918 921 938 955 989 990 
19 751 753 754 778 785 820 830 856 875 879 880 913 919 938 949 959 965 969 979 
18 769 786 793 794 802 859 862 875 889 915 919 920 932 933 942 944 953 976 
20 772 812 833 834 838 841 849 861 864 871 882 888 901 907 912 935 957 959 964 969 
17 769 784 799 800 811 814 828 836 842 843 850 871 901 933 937 942 985 
18 767 769 773 795 814 845 852 858 863 872 891 921 941 950 959 962 970 988 
17 757 767 772 777 783 810 818 854 869 901 929 944 953 956 962 963 986 
19 755 769 777 778 795 807 815 818 829 857 863 871 895 901 910 939 946 956 972 
18 756 764 785 802 806 811 813 854 871 879 892 895 917 945 946 950 966 987 
20 754 763 781 792 793 807 814 829 830 844 912 918 919 932 935 954 964 970 987 1000 
19 752 756 766 784 801 816 821 828 847 874 883 887 906 907 908 917 924 958 989 
19 756 764 777 799 807 820 832 868 877 878 895 913 924 927 939 946 949 957 968 
17 750 753 767 782 819 826 834 868 874 901 932 933 954 959 960 961 979 
18 768 781 782 786 799 800 801 811 819 837 865 888 959 961 964 977 981 992 
19 757 762 764 787 790 798 806 827 828 850 866 872 873 876 888 905 937 946 956 
18 756 759 770 784 792 805 813 826 829 892 899 901 910 926 939 976 989 993 
20 757 766 802 815 818 820 825 865 866 880 881 887 896 904 916 919 932 957 982 997 
17 760 762 783 784 801 821 824 825 826 833 862 866 929 931 968 971 996 
19 753 783 797 839 846 866 874 876 878 899 905 907 924 944 954 964 980 985 991 
16 761 769 832 855 857 867 914 929 930 947 956 959 961 970 977 985 
20 765 766 783 794 801 807 823 832 833 849 850 860 866 890 904 920 926 934 975 982 
18 753 758 766 771 773 779 789 793 834 866 872 874 900 925 949 960 978 982 
19 756 795 798 799 802 821 855 866 874 877 883 888 902 909 924 930 936 969 995 
18 766 784 794 809 820 829 837 858 886 910 913 917 927 931 934 967 973 998 
18 752 809 816 832 847 882 883 885 897 900 908 927 929 936 967 972 981 987 
19 756 768 791 799 801 811 830 879 891 897 899 923 927 928 934 948 955 958 970 
20 764 788 802 805 813 827 834 847 877 890 898 917 922 925 931 947 969 971 974 986 
18 775 776 796 803 821 825 838 855 874 881 897 910 912 919 924 933 936 937 
18 761 777 796 832 836 841 845 850 853 875 900 924 930 931 941 954 961 966 
17 758 765 773 775 786 788 809 810 832 859 861 876 897 940 955 969 986 
18 762 789 791 805 821 838 839 842 844 851 864 869 870 877 891 939 961 963 
18 751 762 773 802 807 824 828 829 830 844 871 880 900 919 936 941 953 980 
19 760 807 828 838 855 872 892 909 924 925 928 929 944 948 952 966 977 984 996 
18 752 755 768 770 788 789 790 792 866 894 901 923 926 945 961 964 969 984 
19 750 763 765 767 770 788 792 804 806 846 885 892 897 900 929 939 961 978 988 
17 750 753 801 804 822 823 834 837 851 861 911 918 936 938 966 972 986 
16 756 758 767 799 800 802 840 884 893 894 909 917 941 954 956 963 
19 751 763 782 783 798 824 834 861 871 898 914 945 956 978 979 986 988 991 995 
18 763 772 819 829 833 851 858 880 893 900 902 916 938 955 974 984 985 986 
19 773 780 781 824 829 853 859 879 897 926 932 945 949 968 976 977 987 988 1000 
18 755 777 782 785 827 834 848 849 850 871 884 892 903 924 926 946 951 979 
17 753 768 785 832 843 856 870 873 877 892 929 947 989 992 993 997 999 
18 772 776 782 809 816 821 839 858 897 902 944 946 950 952 967 979 994 999 
18 759 781 804 821 826 831 836 853 866 873 879 888 901 902 927 944 957 968 
17 755 778 806 838 840 843 852 855 866 911 938 942 959 974 979 982 999 
19 768 795 816 823 829 847 858 883 885 893 911 924 947 948 959 964 969 970 976 
16 765 777 785 801 822 833 838 863 867 907 920 958 969 977 980 983 
20 756 769 783 805 809 817 849 851 855 858 859 870 876 904 914 926 940 942 944 958 
18 755 807 810 835 836 855 870 881 890 893 905 943 955 957 958 966 978 993 
20 750 759 764 768 775 792 816 820 821 824 834 839 853 898 916 920 929 938 958 968 
19 787 790 793 799 816 826 842 856 862 877 916 932 941 947 951 969 979 987 994 
18 755 757 792 799 804 812 832 841 866 868 871 878 891 937 941 966 970 976 
18 753 766 771 774 776 800 805 837 861 897 909 910 930 947 951 964 969 990 
19 764 773 780 782 796 814 815 849 855 898 905 908 915 921 927 934 972 987 999 
18 762 770 800 802 805 809 842 869 890 891 919 922 923 924 926 931 975 984 
20 752 756 758 770 772 814 817 824 841 877 883 906 917 923 932 933 941 947 961 975 
19 754 763 768 781 785 793 795 810 851 859 862 888 915 922 942 970 972 984 998 
20 776 795 796 813 822 827 828 875 880 888 915 926 935 940 955 958 980 982 984 986 
19 754 755 781 792 795 810 814 869 884 905 908 920 929 930 933 953 958 963 980 
17 762 766 786 793 795 802 822 853 878 893 895 896 904 906 952 976 999 
19 754 782 784 797 816 843 847 854 889 910 921 938 962 977 986 988 989 997 998 
20 763 768 773 790 797 798 803 804 806 807 809 816 817 861 873 879 883 904 934 968 
18 751 752 753 799 834 858 859 880 902 914 933 945 957 964 968 971 972 977 
20 757 760 769 778 809 815 823 854 863 867 870 872 875 877 898 937 946 960 995 997 
18 786 796 807 833 848 881 882 904 909 914 927 955 962 966 969 972 985 1000 
17 761 766 793 802 823 869 889 911 925 940 946 958 976 977 982 985 990 
20 779 785 788 789 798 806 823 872 885 906 907 924 925 931 948 955 958 959 979 989 
19 751 767 772 824 838 865 872 880 881 888 920 923 931 943 944 968 979 984 994 
20 769 782 807 819 829 837 838 843 860 861 865 878 880 895 915 917 931 935 954 964 
19 755 766 810 811 813 821 828 856 861 869 896 916 921 925 928 941 954 956 992 
20 756 798 806 827 840 846 851 862 865 884 894 912 924 929 934 953 968 976 983 993 
19 765 773 777 791 797 801 807 840 854 855 868 877 879 889 928 950 968 990 999 
19 753 770 774 786 791 800 833 844 871 884 885 896 897 905 928 940 945 952 966 
17 771 781 793 817 831 850 869 875 897 904 905 915 931 939 960 964 975 
20 764 773 802 817 837 852 864 870 878 884 895 913 927 928 943 947 954 956 960 995 
18 758 761 766 783 795 797 808 815 846 856 864 876 889 899 920 948 955 992 
20 763 765 769 775 778 795 834 863 865 880 912 923 924 926 933 936 939 953 962 984 
19 764 772 783 787 802 826 852 856 863 867 871 876 884 897 900 924 969 976 996 
20 756 782 790 791 816 831 848 856 906 914 918 923 928 930 938 946 950 952 991 992 
18 763 766 775 780 801 823 843 882 886 889 910 915 918 938 946 950 980 989 
18 751 767 768 785 803 807 811 821 839 857 872 908 910 956 965 973 984 994 
19 784 790 801 809 816 820 835 843 859 877 879 890 899 913 926 929 934 958 979 
17 759 762 771 781 802 813 815 817 833 875 881 884 888 896 935 961 964 
20 753 794 797 799 802 829 836 843 846 855 856 886 894 908 920 931 938 942 984 990 
19 769 771 793 803 809 813 818 835 836 861 862 864 903 945 967 970 988 992 995 
20 765 775 778 783 796 798 828 831 846 871 920 926 956 963 968 978 983 994 998 1000 
18 761 774 780 782 804 820 839 840 862 871 880 884 891 895 896 902 921 924 
18 787 803 806 809 841 854 874 876 883 885 889 894 924 935 948 969 982 983 
19 754 758 767 769 772 781 801 802 826 841 882 886 891 904 915 927 933 961 968 
16 762 784 829 830 858 866 875 881 914 938 943 949 980 984 986 995 
19 752 791 871 877 919 928 929 931 939 948 966 967 969 976 982 991 993 994 999 
19 753 765 775 786 787 802 821 823 832 852 861 863 869 883 897 908 933 958 961 
18 773 794 828 845 850 862 864 870 880 889 908 924 926 936 946 959 966 991 
18 750 770 806 820 849 872 879 882 910 931 937 941 953 956 957 984 993 1000 
19 753 764 790 792 813 825 846 868 874 879 895 909 910 923 945 946 967 968 989 
18 781 787 791 795 832 854 882 886 901 918 925 941 968 973 979 983 995 998 
19 759 765 811 813 846 857 859 865 867 873 894 903 930 945 958 969 984 998 1000 
19 767 777 784 791 822 826 834 835 837 838 840 852 859 876 878 894 908 910 955 
20 752 770 805 822 823 826 848 857 863 882 888 905 909 912 915 917 927 959 961 992 
18 757 762 773 784 810 834 846 891 893 910 940 951 953 954 964 973 975 984 
17 753 781 786 794 798 815 823 827 832 855 879 905 917 936 970 983 995 
18 762 803 808 816 832 833 842 846 854 866 885 896 902 904 910 917 981 991 
19 768 773 797 801 872 879 883 915 916 917 924 927 929 950 953 955 956 959 977 
19 755 757 760 789 794 809 816 836 850 872 892 893 904 933 948 956 961 970 979 
17 796 822 832 834 849 852 874 892 894 898 904 927 932 933 947 969 973 
19 759 775 787 809 815 835 842 854 859 862 892 906 942 957 967 979 984 989 990 
20 764 770 788 802 837 857 867 892 893 908 914 920 944 946 951 956 957 961 966 982 
20 751 754 761 766 771 822 831 833 844 873 874 890 895 926 928 956 960 970 989 999 
17 759 762 786 806 812 826 833 843 858 864 870 872 880 882 906 931 932 
18 752 787 808 817 828 830 870 871 875 886 894 907 917 924 946 961 990 991 
17 751 755 760 797 847 869 875 883 890 908 920 924 929 952 957 970 996 
19 762 779 781 788 809 835 837 858 884 888 890 912 917 930 934 964 979 990 994 
18 750 754 762 766 781 835 855 857 879 891 901 908 919 920 938 951 955 961 
17 765 773 781 799 807 812 844 866 881 890 893 894 909 927 944 952 995 
17 751 760 772 824 844 851 868 872 876 881 904 905 943 958 960 988 998 
17 755 764 772 790 793 800 837 846 865 867 908 920 923 929 954 958 967 
18 750 756 778 798 799 800 811 831 835 844 892 900 927 937 952 964 978 988 
20 750 769 773 780 792 818 834 848 858 879 887 898 921 924 935 940 944 964 966 990 
18 755 809 812 817 819 830 842 862 875 890 891 892 935 952 969 971 972 983 
17 751 753 767 768 769 778 814 815 841 880 889 903 917 931 946 962 970 
19 750 767 771 779 787 792 814 831 859 860 865 877 878 903 925 950 968 990 998 
19 774 788 790 799 819 824 832 850 857 858 867 873 876 889 905 956 977 988 989 
19 764 784 787 798 800 841 858 877 878 885 920 921 927 944 949 957 966 975 983 
17 776 793 822 828 833 848 864 871 880 884 896 908 916 934 952 963 983 
18 757 775 784 785 794 805 845 848 857 867 894 896 907 908 927 942 943 975 
19 757 764 778 818 836 860 864 869 910 913 929 952 959 961 964 966 975 977 987 
18 789 805 807 818 846 851 867 887 894 906 931 932 936 947 949 960 987 994 
18 783 813 823 828 830 872 881 887 889 923 934 947 950 957 966 967 986 1000 
17 753 760 785 805 810 812 829 835 839 865 932 941 944 969 972 980 983 
17 786 803 804 826 829 836 837 864 883 889 905 910 920 923 947 981 985 
18 770 776 783 785 787 798 799 837 845 867 891 921 928 930 937 968 981 988 
19 785 791 805 815 827 829 843 846 858 874 898 900 913 929 930 940 964 966 986 
20 752 756 760 844 848 855 881 885 898 911 913 917 937 941 945 957 959 962 997 998 
19 753 768 776 786 802 816 821 824 854 910 918 927 932 935 937 942 971 986 992 
18 759 763 773 781 784 810 813 839 843 849 857 864 870 883 936 949 950 989 
18 750 760 815 821 833 854 865 878 891 909 917 926 927 946 955 984 985 986 
17 764 792 815 859 877 880 907 914 930 935 942 956 970 976 980 982 997 
17 760 762 768 781 830 840 850 872 887 928 947 953 956 960 972 974 993 
20 756 758 779 780 786 798 802 803 817 841 858 875 879 893 908 933 935 936 949 978 
18 763 775 802 827 874 892 910 921 923 928 946 949 962 966 967 972 980 998 
19 755 760 763 788 791 815 828 837 845 857 875 892 893 899 900 914 928 940 972 
18 759 770 799 814 822 832 847 866 869 877 893 906 910 923 933 937 965 992 
17 763 767 770 789 792 798 835 838 841 842 868 899 904 947 976 981 991 
19 754 798 812 822 836 852 888 895 903 923 952 956 959 966 968 978 981 987 990 
18 758 794 795 806 813 839 841 858 864 877 897 898 902 940 973 986 987 994 
18 759 764 786 791 821 883 885 901 912 913 920 937 950 961 969 973 978 989 
16 774 777 780 817 819 827 862 878 880 892 924 928 934 942 973 977 
18 753 764 771 774 777 782 788 792 815 841 848 849 850 854 883 884 941 988 
20 785 817 828 837 872 881 885 893 895 898 923 924 932 952 954 971 983 985 996 997 
20 766 774 777 779 827 840 845 867 882 893 897 901 916 928 945 956 959 976 980 985 
17 756 766 767 786 806 830 855 889 893 896 899 925 948 951 956 970 999 
18 782 795 807 809 818 822 828 841 860 867 872 875 932 950 973 975 988 992 
18 762 775 829 847 855 871 879 902 904 910 919 932 947 952 956 963 968 981 
18 767 771 776 778 803 811 828 842 882 904 917 923 938 940 966 972 973 975 
18 757 784 791 797 853 857 870 882 891 893 905 910 912 916 946 954 991 994 
19 751 755 756 770 783 787 818 827 844 857 868 896 900 901 903 934 935 948 983 
18 751 754 764 791 803 812 829 853 884 909 917 919 921 946 951 977 996 1000 
18 763 781 782 795 798 806 820 840 868 876 879 903 919 920 943 953 966 993 
20 775 794 822 823 830 832 843 855 867 870 880 908 909 914 918 935 939 945 973 984 
19 762 800 809 810 840 847 855 887 896 920 928 937 939 945 953 957 981 989 993 
19 757 771 777 792 821 841 880 883 890 915 918 919 927 945 959 966 974 981 990 
18 761 779 788 794 815 818 837 850 876 877 889 920 923 936 937 947 969 991 
18 767 777 779 790 797 813 843 855 871 888 906 932 937 945 969 978 980 988 
20 750 762 808 810 830 831 835 872 879 889 891 900 915 933 939 944 949 950 985 992 
17 756 765 772 793 823 841 868 869 883 891 892 910 911 938 955 967 969 
17 758 760 778 782 793 799 801 831 835 865 879 883 931 944 946 954 999 
17 765 775 776 789 797 805 812 864 869 879 883 907 925 949 962 979 998 
18 777 798 813 828 829 854 860 866 868 886 888 894 903 904 912 944 987 996 
19 751 779 788 821 823 838 843 849 850 861 869 888 899 924 966 981 987 991 992 
18 778 800 803 804 814 844 878 887 900 905 910 918 937 959 985 993 999 1000 
18 781 797 799 821 832 849 871 874 895 905 910 922 946 954 959 961 984 992 
17 772 815 862 873 881 904 905 923 928 929 947 967 971 976 977 979 984 
18 754 759 775 795 796 805 834 844 859 890 901 912 913 969 973 982 988 996 
18 759 773 792 794 808 844 862 881 886 914 917 919 935 943 957 958 963 993 
19 764 770 782 796 802 803 826 845 855 858 865 870 892 918 957 966 984 989 994 
19 767 777 778 781 789 816 835 842 857 860 885 889 897 917 925 927 934 974 985 
18 760 768 769 772 794 816 827 854 867 876 882 908 934 942 943 949 969 985 
19 751 754 756 768 784 809 820 834 839 880 889 899 908 919 936 962 969 972 999 
19 770 825 845 851 852 860 875 900 911 913 917 918 930 944 959 972 982 986 1000 
17 753 771 780 781 797 803 816 844 845 855 931 946 948 950 963 985 991 
20 803 814 826 832 878 886 899 916 919 920 925 931 938 940 955 966 972 979 985 993 
17 756 758 775 789 802 824 847 854 873 898 899 904 913 916 948 994 997 
18 752 764 765 777 784 800 834 836 853 882 885 894 903 921 926 962 967 995 
20 782 796 812 827 828 839 862 863 872 877 887 889 895 901 925 930 945 964 983 988 
18 753 758 768 783 791 793 837 864 865 873 877 899 917 919 935 939 985 995 
20 752 755 764 765 771 786 795 804 822 823 842 850 856 877 883 884 930 962 986 998 
18 759 767 781 784 804 807 808 818 873 889 896 904 915 921 925 934 990 998 
19 751 770 772 774 780 791 840 857 858 873 894 908 910 916 921 952 974 989 999 
17 794 803 807 813 828 855 867 897 903 910 912 937 946 951 957 973 985 
18 777 798 807 830 831 832 854 858 866 870 907 913 932 933 963 975 989 996 
17 773 775 780 813 816 838 844 848 853 875 917 919 947 960 974 978 990 
17 750 754 768 775 794 799 802 812 838 849 855 864 892 895 966 993 997 
18 786 791 796 812 816 825 826 852 877 896 904 912 919 926 937 946 948 995 
18 755 762 769 788 792 804 816 819 844 878 887 900 915 921 941 955 993 995 
20 763 772 774 800 808 810 832 837 856 868 886 891 895 941 943 946 949 950 982 995 
17 768 774 776 818 820 826 835 840 846 848 886 887 909 917 970 992 997 
17 760 763 797 805 827 839 885 892 899 916 924 931 946 953 962 972 988 
18 762 778 797 810 842 859 860 872 878 884 889 917 922 923 924 951 952 1000 
18 751 757 767 808 819 830 847 848 872 878 891 912 934 957 963 971 973 983 
17 751 778 785 791 804 817 828 831 849 856 860 861 912 920 939 951 978 
19 754 763 795 803 813 829 844 866 899 918 932 941 944 945 966 987 990 994 998 
17 751 768 769 781 802 824 825 831 836 848 889 891 926 927 944 977 999 
20 751 788 795 799 805 815 820 847 849 869 870 874 876 878 914 930 934 953 970 991 
17 762 775 779 793 804 828 842 844 874 876 886 895 923 938 941 985 994 
20 752 754 755 792 808 842 863 875 876 883 904 908 916 932 938 951 957 981 989 999 
16 757 781 808 816 818 824 832 840 843 853 868 900 926 948 960 1000 
18 776 779 825 827 838 873 875 877 884 888 916 928 930 954 958 968 990 1000 
20 751 757 760 766 772 789 793 848 865 867 870 875 882 891 929 949 956 982 996 998 
19 754 769 773 788 807 811 818 835 884 899 912 946 954 955 959 963 968 974 981 
18 769 770 800 817 825 827 851 856 915 928 930 936 947 957 967 979 987 988 
17 757 784 788 798 799 813 827 833 836 851 858 879 896 934 941 944 961 
19 766 778 780 781 796 802 821 823 827 875 884 891 899 900 942 948 964 976 995 
18 750 756 773 790 802 812 814 817 822 834 847 879 902 931 979 988 991 997 
19 750 759 760 793 804 831 842 846 869 871 889 899 914 921 965 967 968 987 998 
17 755 766 798 819 825 840 869 872 874 878 892 904 907 924 932 949 957 
17 753 770 798 804 819 862 900 905 928 951 957 963 969 983 987 991 1000 
17 758 759 761 802 820 850 854 894 902 917 931 946 965 972 983 989 997 
20 765 804 813 827 833 836 850 859 871 890 898 899 900 919 943 947 948 975 985 987 
18 760 790 798 805 809 817 840 862 864 894 898 913 917 946 960 979 994 996 
20 779 787 832 848 854 863 874 875 882 887 890 897 902 919 922 934 943 951 953 994 
19 751 771 772 797 801 802 844 850 859 863 886 894 910 915 916 917 976 979 983 
18 757 760 779 783 797 814 815 821 826 842 863 889 920 928 937 945 956 972 
18 764 765 780 790 792 803 817 846 892 895 903 926 927 950 973 975 988 997 
18 750 772 807 820 835 849 922 933 938 955 959 962 968 973 974 987 995 999 
19 771 778 807 841 854 866 868 869 879 918 926 936 937 940 951 970 985 990 1000 
18 762 805 820 826 854 861 863 873 874 875 877 922 923 960 967 970 981 982 
18 750 752 755 788 792 816 839 844 864 876 881 897 913 921 922 957 960 981 
18 759 769 788 818 820 822 828 840 843 844 862 873 897 902 914 939 976 990 
17 754 814 832 833 841 845 846 862 864 868 869 870 905 933 941 975 977 
20 759 760 767 769 797 801 823 844 860 864 870 879 887 891 930 940 970 975 978 988 
19 751 752 790 802 861 871 888 894 907 909 925 941 942 944 948 950 958 961 989 
19 751 753 769 799 827 828 884 888 894 910 921 933 942 952 966 967 970 976 987 
17 750 793 803 816 828 836 846 850 897 912 931 935 947 976 980 985 987 
19 778 787 788 823 838 841 853 855 862 880 885 909 921 938 947 976 981 982 988 
19 765 776 811 821 836 851 884 887 900 916 932 940 958 961 968 983 986 988 995 
16 768 778 785 786 794 833 849 895 924 934 958 960 963 982 984 993 
18 757 759 760 762 809 814 825 826 838 850 855 869 870 880 901 926 980 990 
18 777 779 786 801 803 818 821 837 854 860 864 867 895 902 937 967 979 996 
19 759 821 823 827 846 847 923 924 928 934 941 949 950 952 966 975 979 985 996 
17 751 759 798 811 830 831 862 866 876 889 899 909 922 956 970 988 993 
18 785 788 795 807 811 817 823 829 830 834 861 884 914 915 933 935 962 964 
18 761 775 780 785 796 797 858 866 896 901 902 907 909 913 916 943 976 987 
18 751 806 814 815 819 831 841 846 852 863 876 894 897 909 912 930 997 999 
18 771 774 783 801 848 855 874 879 883 914 930 946 947 949 959 970 982 996 
19 752 766 767 770 775 810 832 857 880 896 900 914 938 942 944 952 953 975 976 
17 751 755 779 781 784 796 862 869 870 872 874 901 910 950 956 985 998 
17 751 761 764 786 795 811 852 881 915 924 948 954 956 963 984 988 992 
19 751 756 806 830 831 837 850 852 864 870 871 887 893 965 974 975 984 987 992 
18 755 759 765 775 781 792 793 843 849 876 896 917 918 932 971 973 982 988 
20 754 774 792 795 797 817 834 839 861 876 877 887 898 919 927 933 949 983 989 991 
20 759 772 773 774 784 787 797 808 825 860 876 883 888 918 919 955 962 974 997 999 
17 771 777 810 819 823 825 835 846 880 892 894 921 932 942 951 969 978 
19 760 772 777 796 798 799 826 833 865 879 905 907 909 916 918 939 983 985 998 
17 767 794 812 821 831 842 845 846 848 854 856 871 886 958 961 987 988 
18 776 782 804 808 821 824 831 836 846 881 900 916 939 940 943 952 962 963 
17 764 770 807 808 823 839 845 892 908 925 952 960 963 982 985 998 1000 
19 795 801 823 824 862 863 882 888 889 895 904 925 929 949 963 975 986 989 995 
19 780 783 787 824 843 845 847 854 896 915 938 941 953 973 975 976 980 984 997 
18 752 787 790 797 808 822 828 863 864 879 883 894 923 924 926 930 959 978 
20 751 769 779 798 803 836 837 856 865 877 904 908 909 919 940 942 949 976 980 998 
18 794 799 840 846 852 857 858 866 895 912 915 939 945 946 948 961 962 972 
18 761 764 798 803 809 818 827 854 859 866 878 895 900 903 907 929 934 999 
19 753 771 776 777 795 798 799 825 843 875 888 903 920 942 960 963 965 990 996 
19 753 767 770 780 832 843 848 863 865 875 879 889 921 933 952 953 969 975 981 
19 755 762 806 841 854 864 873 913 926 928 953 955 959 978 979 980 986 990 998 
20 759 764 823 825 829 842 847 863 864 879 883 890 892 911 922 932 965 970 978 983 
19 750 751 776 794 799 809 821 845 860 870 873 876 907 913 917 937 951 979 996 
17 762 768 788 806 809 817 829 839 841 854 856 877 895 906 918 991 994 
19 753 756 763 777 788 794 795 819 874 879 906 919 946 947 951 960 983 990 994 
18 820 829 831 862 872 876 878 906 910 919 920 931 937 959 962 979 989 994 
17 767 775 778 786 822 855 856 868 889 910 914 932 935 948 959 996 999 
19 762 774 777 791 796 816 817 823 834 841 851 887 916 921 924 953 957 961 969 
19 766 770 784 795 805 814 837 876 884 885 906 907 908 917 923 952 980 983 992 
17 782 799 817 825 826 835 850 885 959 962 965 970 972 975 978 982 992 
18 755 772 776 803 816 818 819 831 855 865 866 867 884 909 928 964 979 993 
17 794 804 810 818 842 845 855 862 888 894 895 902 930 949 960 961 965 
20 764 765 772 780 799 803 806 841 872 885 893 895 897 918 922 926 950 960 974 986 
19 759 761 766 784 827 858 859 868 873 883 892 899 923 927 932 968 969 979 990 
18 751 761 764 794 814 822 825 835 842 862 874 904 914 923 934 945 953 992 
17 759 775 783 809 825 869 871 882 884 932 939 944 963 980 993 994 997 
17 767 768 773 775 799 800 804 859 864 885 911 926 946 963 975 987 993 
17 767 783 786 788 789 810 832 838 852 870 874 877 939 962 967 979 991 
17 780 782 785 816 828 849 851 877 895 902 905 906 921 924 943 957 962 
18 781 784 785 797 808 821 849 880 894 897 905 917 940 941 948 954 989 995 
19 776 794 816 827 831 863 865 875 878 888 899 916 928 949 955 975 986 988 991 
18 777 780 790 800 803 808 832 842 846 850 884 886 893 929 933 976 981 1000 
18 777 780 796 801 827 848 869 880 883 887 893 895 904 910 942 944 959 968 
20 785 799 804 805 827 836 854 857 863 880 883 908 910 916 918 926 928 935 939 987 
20 754 760 773 791 802 839 862 869 882 884 887 913 918 924 933 938 954 967 971 976 
17 755 758 760 804 817 824 848 880 908 909 938 946 954 955 964 972 975 
20 762 770 773 810 816 843 855 866 881 884 886 912 915 917 932 935 941 963 975 976 
20 781 790 826 839 842 857 860 864 896 910 922 923 936 960 967 986 988 993 998 1000 
20 787 799 810 818 849 856 873 883 885 894 903 909 912 943 946 963 967 975 983 985 
20 750 757 764 784 786 813 821 831 842 843 857 863 882 918 942 949 959 987 989 994 
20 757 764 766 787 791 793 802 822 825 834 872 879 895 913 946 951 959 961 970 981 
17 751 759 763 783 797 798 818 842 867 905 916 923 926 930 946 955 987 
18 764 768 785 790 791 812 814 852 881 900 901 904 920 930 973 977 986 997 
20 768 780 784 799 827 854 855 860 864 865 872 894 902 905 912 927 937 941 997 999 
20 770 795 798 801 804 812 823 825 829 840 851 886 905 916 943 959 971 972 988 996 
19 768 773 808 812 836 838 863 882 888 913 926 937 939 941 944 972 981 982 987 
19 750 754 772 774 778 783 785 787 789 811 838 841 860 886 901 947 959 960 1000 
18 766 767 770 772 809 841 852 855 863 868 883 899 922 929 952 962 970 975 
18 752 763 765 780 782 786 794 802 812 817 821 887 901 906 936 964 979 996 
19 751 763 782 798 807 831 835 848 857 862 865 890 897 904 920 929 930 935 995 
18 770 774 775 778 783 795 802 803 830 866 888 911 916 924 929 975 993 995 
17 755 778 787 801 838 860 863 894 896 899 903 917 921 922 927 945 991 
19 770 779 780 781 783 809 811 814 818 828 834 847 882 897 923 929 945 962 964 
20 754 773 785 786 789 792 838 863 867 889 915 926 928 946 952 953 954 974 991 996 
17 752 763 778 789 813 826 861 873 886 893 898 910 911 923 947 966 990 
18 750 757 803 811 817 818 834 838 868 876 888 936 954 956 959 963 972 994 
17 754 762 788 790 801 813 819 835 846 853 863 920 954 957 963 967 995 
18 754 763 776 777 781 792 804 816 868 910 912 918 921 954 971 973 974 995 
20 762 768 773 793 807 810 828 840 844 848 849 855 891 900 940 941 958 963 975 983 
19 773 809 847 850 865 866 873 887 891 924 927 931 937 964 970 976 977 978 983 
17 756 772 779 795 843 864 867 879 894 904 915 917 922 931 932 975 986 
17 786 815 835 836 857 862 876 877 888 896 911 919 944 945 958 973 984 
20 751 754 755 770 800 803 828 838 841 853 875 877 879 884 888 896 911 932 936 993 
18 778 819 834 837 847 849 862 880 899 917 920 924 929 935 957 967 987 995 
20 756 768 787 812 828 864 883 901 907 913 933 941 943 947 950 959 965 967 975 980 
20 792 794 815 818 844 845 846 865 869 899 905 940 945 946 949 950 955 957 988 997 
19 773 789 795 805 810 820 846 869 879 937 951 954 966 967 970 974 975 992 1000 
18 763 773 783 802 808 810 815 816 854 855 856 865 903 925 926 927 952 960 
18 757 774 810 825 844 848 852 861 886 891 908 912 928 953 973 985 995 998 
18 755 768 786 791 799 817 845 867 884 897 905 919 924 934 949 952 978 996 
19 789 794 800 803 821 837 841 846 876 883 891 902 913 936 943 950 960 971 990 
17 753 776 783 784 795 822 824 843 844 898 910 963 965 969 987 997 999 
19 771 775 797 807 813 824 852 878 882 883 896 912 930 942 946 958 974 980 994 
19 763 765 767 778 781 828 831 871 886 890 895 896 902 912 926 940 957 984 989 
17 767 774 804 807 830 835 853 854 873 883 900 901 910 913 920 926 965 
20 752 758 780 783 797 805 810 835 848 864 865 868 869 870 872 900 902 952 991 994 
20 750 787 789 795 806 807 820 865 879 883 892 921 925 943 956 963 981 983 989 992 
18 768 770 790 795 818 820 821 839 841 865 874 901 915 947 954 986 994 996 
19 773 791 796 831 838 839 841 851 870 871 898 901 916 926 933 947 973 982 984 
20 750 783 793 798 809 812 838 847 887 893 903 938 944 951 954 965 970 972 974 997 
17 758 792 804 816 832 846 853 855 857 907 926 936 955 964 968 972 996 
19 754 779 791 810 811 823 829 832 855 869 872 881 953 954 963 984 989 996 999 
17 761 783 800 813 820 824 832 841 860 875 877 891 894 901 942 961 992 
19 750 751 758 766 769 777 790 791 829 835 851 854 874 921 922 952 964 978 994 
19 752 753 780 793 802 814 836 843 850 852 863 881 915 919 928 944 975 985 992 
19 750 762 765 775 781 788 822 823 859 861 873 886 899 909 959 962 969 982 999 
16 791 795 825 847 870 887 905 931 936 938 939 950 958 959 965 989 
19 768 837 839 841 843 852 860 866 886 898 914 932 934 940 957 960 962 986 995 
20 759 760 761 771 779 804 816 819 827 830 834 873 894 920 940 942 948 957 972 995 
18 753 767 769 791 815 826 835 842 844 849 856 858 859 895 954 965 972 984 
18 750 761 763 782 816 819 837 855 865 873 882 947 953 957 972 982 993 997 
19 761 781 806 812 815 829 842 845 859 866 871 900 901 910 925 947 956 979 989 
20 751 762 764 772 776 784 803 837 855 868 884 886 890 891 929 955 970 980 987 991 
20 772 784 789 817 825 827 845 851 858 859 860 885 887 892 902 904 914 957 964 985 
16 755 759 764 769 796 800 803 815 824 859 865 879 885 886 907 949 
19 762 777 785 800 802 817 824 827 828 830 835 880 881 885 903 931 937 970 994 
17 753 781 790 791 821 833 838 848 867 890 945 968 982 986 988 995 999 
20 757 758 828 848 866 873 883 893 903 925 953 956 957 958 967 969 970 983 987 993 
17 761 763 766 804 817 828 889 897 901 904 925 941 947 962 965 995 997 
17 761 774 782 798 823 860 884 896 908 915 926 932 940 950 988 989 996 
18 769 776 784 817 846 881 887 889 890 909 917 919 925 935 945 959 991 995 
18 753 764 777 790 793 823 835 839 860 900 901 911 919 931 946 964 967 992 
19 750 770 771 797 832 836 861 883 905 907 910 944 954 972 977 979 982 988 992 
20 767 769 773 818 831 842 889 890 903 920 922 938 945 956 969 973 977 986 995 1000 
16 762 768 780 793 821 827 846 877 883 908 949 954 970 972 996 999 
19 771 773 781 783 803 838 849 865 867 880 921 927 930 931 935 937 966 980 990 
17 760 767 771 781 783 797 802 830 839 853 867 884 890 904 937 949 982 
17 761 771 773 775 781 814 839 855 866 886 887 891 909 932 946 966 967 
19 750 774 776 777 782 792 813 816 829 843 846 848 856 878 890 893 934 975 977 
18 755 765 780 783 789 794 795 796 798 806 826 837 850 896 922 923 958 963 
16 772 781 790 796 808 811 820 836 842 848 851 863 869 947 954 966 
17 774 781 785 818 827 882 883 892 900 901 910 921 926 933 982 986 1000 
20 755 759 769 778 786 789 836 856 895 901 905 910 915 925 927 935 949 979 981 985 
18 790 806 829 835 846 856 863 878 892 897 901 937 961 962 968 970 971 980 
17 750 753 779 785 799 806 815 816 821 822 904 911 918 929 942 963 1000 
20 758 759 782 783 788 836 849 853 863 878 883 910 914 925 958 972 979 981 988 998 
18 754 757 775 793 819 827 828 837 843 874 883 895 897 902 923 944 956 989 
20 756 757 766 786 817 835 841 849 865 878 891 912 917 920 932 945 946 954 966 974 
19 751 754 778 795 817 818 822 839 869 879 891 925 926 934 940 943 949 975 989 
20 753 802 810 822 840 844 847 855 864 902 925 936 939 949 955 957 967 969 987 995 
19 782 789 800 812 823 852 863 870 872 875 883 901 915 916 935 958 963 975 984 
18 788 801 829 855 862 866 875 883 889 897 908 914 919 925 929 946 951 973 
17 763 777 780 806 807 809 812 823 849 885 905 909 911 943 950 977 984 
17 756 757 800 811 815 829 836 847 858 884 911 944 974 988 990 999 1000 
18 753 777 793 815 818 853 858 863 868 870 875 885 909 946 959 963 968 1000 
19 752 756 761 762 768 786 791 812 814 826 829 862 893 903 931 953 958 981 982 
19 766 768 799 800 811 819 831 834 839 841 865 877 880 881 883 899 925 941 971 
17 777 786 792 795 809 810 863 885 888 909 910 922 923 940 980 985 998 
16 752 756 757 760 811 815 831 855 892 893 903 918 923 949 974 987 
17 757 790 797 802 828 858 867 871 872 885 899 912 924 965 991 992 995 
18 757 777 781 783 791 795 805 873 882 886 887 911 926 927 934 937 970 978 
20 756 757 761 777 784 789 800 817 825 826 835 847 854 880 897 936 940 957 994 997 
19 781 800 818 827 875 876 884 892 894 895 908 912 914 916 918 958 971 976 985 
20 757 769 787 791 806 831 840 843 850 858 882 894 901 908 912 968 974 989 992 993 
19 752 753 789 817 818 824 829 848 855 858 864 866 873 919 921 932 954 968 984 
17 756 765 790 793 796 802 803 818 833 840 860 871 872 876 920 940 966 
19 757 760 771 794 803 824 844 867 876 892 894 895 936 943 945 948 960 982 997 
18 770 800 817 829 843 853 858 865 867 873 898 915 921 946 972 987 993 996 
16 777 786 793 819 820 829 897 913 928 936 941 951 969 978 994 998 
18 767 797 802 805 808 826 842 857 862 887 907 913 916 940 942 951 991 999 
16 750 755 766 816 850 863 894 905 926 929 930 937 940 945 972 979 
19 750 786 821 841 842 845 853 858 873 885 886 890 901 919 920 933 954 973 989 
17 786 798 825 828 829 830 888 890 893 900 907 934 938 939 948 967 970 
18 767 771 775 798 807 829 837 866 875 881 903 905 910 936 965 974 978 994 
19 770 774 778 789 847 854 859 885 961 965 969 971 972 973 974 977 982 985 999 
19 765 786 817 833 834 836 850 884 904 913 918 945 957 962 981 986 989 997 1000 
18 753 766 772 797 810 811 813 828 829 855 862 896 900 934 944 958 964 984 
18 758 762 783 785 790 800 810 822 823 830 838 851 874 889 929 930 943 948 
18 773 781 787 795 817 834 837 861 873 888 903 916 958 966 977 989 990 995 
18 757 760 770 782 807 814 825 827 834 851 863 896 918 937 976 979 985 988 
19 802 812 820 842 861 867 870 876 908 914 932 935 955 962 969 972 987 998 999 
17 761 766 775 778 786 809 814 827 843 857 876 890 897 911 939 989 993 
19 755 776 785 805 818 825 828 831 847 856 864 875 879 919 922 944 961 988 998 
19 764 766 781 794 814 828 853 861 889 897 899 903 935 936 968 969 972 986 987 
17 787 818 836 840 843 844 855 873 898 919 943 945 965 966 970 996 999 
18 752 754 756 800 814 825 873 876 881 884 910 918 922 925 930 938 958 978 
19 751 756 782 802 825 840 856 864 865 874 923 931 943 982 983 986 988 998 999 
20 752 755 777 795 833 837 843 845 851 863 884 898 904 911 922 927 933 960 971 989 
18 759 764 792 793 797 809 815 849 851 862 882 886 899 905 928 942 959 997 
14 759 767 769 778 783 803 822 823 848 901 904 927 952 995 
18 759 785 793 805 826 827 828 850 858 863 887 890 892 895 900 929 943 972 
17 758 762 773 774 810 843 870 872 876 893 916 962 971 976 982 993 995 
18 750 765 789 817 828 836 865 868 876 905 911 944 948 958 963 965 987 999 
19 762 770 776 780 789 794 796 824 831 868 869 900 907 947 965 968 971 974 978 
17 750 753 759 782 804 812 822 831 841 885 887 891 895 908 930 937 950 
18 789 829 846 851 853 865 877 883 889 896 897 905 908 909 920 950 972 977 
19 761 790 798 807 843 895 896 908 916 923 928 964 968 974 977 978 982 986 995 
18 763 771 788 821 832 836 847 865 899 911 936 945 954 962 966 972 979 991 
19 763 815 828 865 875 897 903 905 916 932 943 945 968 971 973 977 979 982 987 
20 759 768 812 826 831 832 855 858 859 869 881 891 893 903 905 914 924 941 960 961 
18 756 779 793 798 802 804 823 827 844 850 856 862 897 915 951 964 968 971 
18 755 779 795 799 812 821 829 834 839 888 911 913 927 932 946 949 983 993 
18 757 771 787 788 797 799 801 826 830 841 845 870 874 894 942 951 988 996 
18 755 761 773 774 798 845 850 857 881 928 930 932 940 941 955 966 969 982 
19 755 765 776 781 785 796 836 864 869 871 875 879 913 917 928 932 973 974 995 
20 752 755 769 792 801 806 808 814 819 833 849 876 886 894 910 919 946 968 985 989 
20 767 770 771 780 790 810 819 823 864 879 885 897 899 917 918 940 954 958 970 995 
17 754 774 778 794 806 825 827 844 856 876 884 892 924 925 953 989 996 
20 752 753 779 805 810 820 829 841 845 865 875 885 892 896 972 975 977 978 993 1000 
17 753 759 786 789 812 817 823 861 866 877 881 923 946 949 950 964 967 
17 751 762 782 786 787 810 817 850 873 877 904 908 917 925 943 953 970 
18 768 789 795 815 821 835 848 879 886 890 895 916 940 948 953 957 959 991 
18 756 759 762 784 805 809 810 839 840 842 863 890 898 927 934 942 957 963 
20 765 796 797 823 827 833 850 865 873 875 884 902 914 917 960 967 972 983 984 993 
20 768 777 802 812 856 859 870 874 875 917 922 925 945 957 963 979 982 991 993 997 
20 751 760 780 800 834 867 869 870 897 902 910 920 926 943 953 978 979 983 986 987 
18 756 775 796 800 814 827 833 852 870 881 896 923 932 948 968 978 979 994 
18 754 767 783 824 831 851 869 881 883 889 904 921 928 937 960 970 982 986 
17 751 771 774 775 809 816 819 824 827 853 901 928 932 939 946 980 984 
18 776 789 805 808 817 820 841 883 909 917 924 930 931 938 947 948 952 998 
20 754 759 765 775 788 790 801 812 830 840 897 900 916 917 921 938 955 958 962 993 
20 753 756 774 796 813 828 843 872 879 884 895 901 931 937 953 958 969 990 993 996 
19 750 757 792 812 821 824 840 854 857 862 869 890 899 928 953 970 975 976 991 
16 758 807 819 821 855 860 873 886 892 895 914 935 952 975 998 1000 
16 769 778 781 786 791 797 814 834 845 879 880 897 902 933 991 1000 
17 779 787 792 839 844 862 864 866 868 886 896 912 928 930 973 984 989 
16 754 757 759 766 782 785 800 818 853 869 910 917 945 953 968 997 
19 782 790 798 806 810 846 850 862 876 878 916 928 938 940 943 952 980 986 991 
18 752 773 811 836 857 859 869 873 876 883 884 898 903 913 927 942 947 988 
20 765 775 776 787 788 802 803 819 821 833 846 865 871 889 906 918 960 972 980 985 
19 765 769 778 804 812 825 855 873 888 906 907 941 943 962 966 969 973 980 987 
20 760 767 834 861 863 893 904 914 919 921 932 935 942 949 966 971 975 977 981 999 
18 760 762 788 797 818 820 843 848 868 870 919 921 936 947 955 956 968 996 
20 759 796 801 802 804 810 815 840 841 872 883 916 919 928 943 964 970 979 986 992 
18 752 757 762 786 789 796 810 838 843 857 876 881 904 909 912 954 957 980 
18 752 760 768 778 787 789 807 829 834 866 869 870 874 901 932 942 973 998 
19 752 764 785 813 828 835 849 853 856 858 863 894 895 931 961 962 967 970 986 
17 771 777 782 802 806 833 864 875 899 911 913 929 931 944 948 951 953 
19 774 783 791 818 824 830 846 848 850 852 870 874 915 924 942 973 977 985 986 
19 750 779 795 810 820 822 835 840 843 863 877 883 892 896 903 912 966 979 984 
18 777 782 788 796 800 818 819 820 852 862 887 890 906 937 940 970 978 979 
18 763 774 789 792 810 817 826 850 857 863 869 885 886 888 924 969 972 975 
17 758 764 801 802 809 841 847 850 856 874 879 909 933 939 951 953 979 
19 752 767 775 786 789 813 858 864 875 877 916 917 933 936 942 952 953 967 980 
20 752 754 760 790 798 821 822 836 854 859 866 896 909 922 924 935 968 981 993 1000 
