642
0 0 1 2 4 3 5 4 3 8 10 2 7 6 0 1 15 5 7 10 0 20 10 21 9 11 0 19 26 13 7 9 8 30 23 24 1 33 15 15 30 6 6 1 40 19 45 36 15 32 18 42 34 53 36 30 30 3 13 45 41 21 11 62 4 35 29 54 8 42 54 36 58 20 10 24 75 62 65 34 77 24 29 12 54 77 45 17 58 24 5 21 40 76 52 11 64 87 74 21 7 9 10 65 85 19 73 24 65 88 86 27 37 104 16 47 26 53 106 74 16 79 96 83 92 60 97 67 127 18 50 81 12 120 117 7 72 10 55 1 114 139 64 70 88 82 44 77 46 14 143 132 108 96 126 132 120 117 52 159 12 12 9 159 37 27 112 163 132 90 94 106 59 67 156 37 56 156 16 35 134 46 102 32 60 142 23 119 177 7 15 86 145 150 60 165 42 131 177 36 119 5 149 4 79 5 99 101 108 17 178 147 201 112 212 140 40 122 214 150 35 9 86 190 101 177 60 164 192 75 190 74 43 108 43 144 229 182 223 167 169 14 73 204 11 153 138 98 137 181 53 93 193 138 73 22 247 216 82 225 45 37 27 36 25 117 74 217 245 148 230 129 175 243 12 214 273 94 21 121 75 143 75 215 79 235 31 18 247 240 280 195 129 156 102 190 25 162 206 56 171 294 223 183 197 193 113 287 267 127 222 72 301 115 66 116 84 144 158 241 53 189 162 96 230 222 149 292 151 108 229 220 234 214 14 122 123 257 60 81 65 243 223 242 255 222 202 303 105 143 307 254 212 200 22 118 335 324 123 109 333 317 190 181 196 351 334 236 287 111 91 289 208 306 59 327 111 205 154 258 339 116 155 371 44 236 108 332 331 295 110 143 303 325 209 45 258 366 339 211 245 177 27 294 152 72 24 120 14 142 56 116 345 119 294 73 381 99 113 297 195 293 137 20 13 326 404 179 393 65 56 145 169 150 428 278 339 188 56 363 137 234 228 390 119 121 203 321 395 444 263 212 112 363 80 127 180 329 317 200 212 18 56 317 305 281 362 32 318 244 235 20 337 14 29 41 13 163 50 129 131 40 157 87 54 154 18 293 158 277 84 127 302 385 431 354 390 199 52 263 27 384 184 486 101 425 488 375 500 117 172 145 261 292 189 204 2 473 348 397 21 499 84 397 379 80 24 198 242 107 367 131 116 224 392 89 41 418 524 391 374 461 303 504 58 298 467 484 396 485 56 505 517 387 146 297 445 259 291 411 194 186 489 102 322 119 387 51 438 415 377 130 16 358 95 496 480 371 123 64 417 392 208 470 205 376 293 434 479 143 512 183 576 511 193 364 97 126 95 158 561 582 300 509 403 30 401 127 52 438 40 131 368 33 516 379 508 61 172 267 597 526 366 56 31 577 522 19 624 286 339 185 265 306 26 534 252 437 346 415 211 104 
233
13 509 152 379 61 349 147 474 254 515 92 631 287 49 
7 312 611 353 124 158 310 407 
5 442 165 341 89 331 
18 54 310 94 316 296 145 15 163 43 568 515 625 524 253 518 613 240 50 
16 635 180 639 563 282 439 182 329 372 387 375 276 364 38 110 512 
16 459 101 520 246 456 371 435 142 407 479 600 73 59 9 496 210 
15 21 436 313 373 132 521 409 408 207 553 79 43 16 369 94 
15 329 7 350 423 453 16 569 479 242 383 366 553 404 502 477 
5 274 617 283 533 635 
20 68 235 198 483 173 98 270 520 423 116 213 296 326 117 97 588 325 597 125 393 
10 135 224 357 23 265 512 9 203 27 26 
17 200 211 102 629 184 245 394 140 337 388 103 424 57 239 126 68 204 
5 484 241 535 293 36 
11 539 340 336 272 28 297 424 480 12 615 613 
10 393 556 274 522 455 245 295 156 462 526 
7 598 534 505 330 178 236 540 
4 579 315 277 241 
16 633 217 620 460 427 141 525 486 138 84 315 218 349 213 605 504 
14 321 202 238 264 153 251 149 490 116 419 584 578 616 311 
10 29 252 368 22 266 351 494 185 271 470 
1 634 
12 296 562 325 597 386 252 317 209 262 517 506 573 
5 399 374 206 125 295 
11 123 114 572 64 641 393 17 447 142 115 241 
8 294 198 474 526 207 327 213 472 
9 157 153 162 171 293 176 277 373 262 
11 364 421 55 84 52 192 113 289 437 260 498 
15 63 417 102 268 593 116 321 627 13 217 3 443 37 159 144 
6 600 445 223 89 59 390 
16 424 279 208 265 256 146 617 124 435 479 477 360 417 432 298 109 
16 217 388 24 59 81 82 333 133 147 4 235 385 279 375 31 555 
17 607 114 74 272 402 570 290 619 323 441 463 602 103 306 14 563 462 
6 212 583 516 61 150 494 
10 90 185 133 388 557 83 573 467 614 629 
15 479 260 255 60 125 286 108 259 193 640 223 302 246 174 639 
9 623 100 10 203 28 55 439 467 219 
13 77 511 207 90 243 223 460 201 631 583 214 300 576 
9 16 271 560 203 423 433 212 99 190 
1 346 
17 242 384 438 525 464 8 82 257 137 552 404 401 261 303 636 485 626 
11 406 400 84 419 251 95 161 199 451 303 252 
7 286 251 284 63 67 471 550 
6 471 552 612 620 498 634 
7 633 28 416 446 311 360 9 
5 263 227 221 234 415 
9 54 119 466 341 310 49 102 355 381 
2 22 273 
19 451 26 149 619 310 605 325 337 127 464 52 224 528 362 154 631 181 176 328 
1 93 
15 45 57 593 364 245 432 526 195 547 389 188 35 356 229 587 
15 358 495 129 490 435 272 252 228 445 464 241 285 125 457 192 
8 31 521 354 105 451 294 208 406 
18 183 168 72 319 444 613 121 537 87 200 71 608 211 113 248 276 147 587 
14 193 317 130 92 65 288 348 532 398 590 165 83 499 598 
5 178 155 137 27 239 
17 629 8 505 452 487 109 63 179 466 429 553 571 371 348 120 277 4 
1 626 
8 8 566 233 78 311 259 182 397 
6 183 616 67 275 420 284 
5 414 632 637 44 84 
13 61 337 289 626 548 50 288 269 151 172 166 235 147 
6 593 472 590 40 33 288 
14 91 1 130 635 88 470 561 3 629 373 625 185 423 550 
13 305 417 409 612 352 122 619 334 450 620 476 88 196 
17 67 498 414 542 33 313 602 57 456 7 459 119 446 123 449 333 173 
5 506 296 8 145 119 
6 612 355 173 379 330 202 
2 576 206 
16 520 479 437 99 358 184 342 532 254 556 75 488 521 2 396 58 
16 405 105 253 285 275 362 485 521 435 257 459 28 55 424 634 421 
2 220 5 
5 98 136 103 362 15 
4 207 274 255 224 
19 100 396 447 562 460 454 585 324 508 637 276 552 249 498 157 384 107 426 503 
16 569 335 486 509 44 180 625 280 524 376 77 326 150 55 3 271 
8 210 9 342 414 135 627 73 140 
9 413 72 527 626 620 200 107 595 489 
3 2 482 431 
14 642 55 60 398 102 339 46 2 508 79 180 516 410 302 
1 422 
11 393 541 184 483 111 461 337 67 629 448 170 
2 627 175 
16 194 179 636 493 209 465 74 532 620 272 547 125 6 552 37 492 
8 38 303 14 214 57 461 501 124 
14 305 258 187 192 109 213 154 501 639 380 239 263 333 519 
10 3 614 576 423 246 591 210 492 470 114 
10 97 104 163 171 572 89 51 168 64 440 
15 116 561 547 552 47 597 479 613 319 290 137 304 298 505 634 
18 576 496 425 45 55 216 458 578 429 569 2 58 555 560 17 580 408 317 
17 332 407 167 188 449 335 266 399 555 358 330 620 371 409 534 76 475 
11 268 260 219 402 584 570 548 309 242 273 597 
8 314 640 536 61 102 444 80 377 
13 307 273 298 390 378 464 168 248 210 592 629 245 401 
7 470 134 185 171 519 545 161 
6 263 523 41 264 596 11 
10 245 391 437 508 328 9 40 525 528 80 
2 308 346 
5 475 281 186 359 388 
1 194 
11 429 513 528 237 35 4 309 438 194 203 452 
1 256 
6 45 286 557 607 197 207 
4 503 154 5 530 
5 333 454 424 271 311 
14 102 281 630 23 605 152 46 292 207 388 389 266 237 520 
15 8 490 582 400 177 108 492 542 470 313 544 298 220 165 398 
17 476 276 10 208 314 116 427 91 325 84 409 531 529 41 80 54 292 
1 110 
18 208 598 396 486 90 76 211 456 535 261 77 63 223 78 8 358 44 182 
7 44 257 253 563 509 637 77 
7 68 203 224 289 530 466 355 
14 344 263 474 88 136 488 383 515 215 34 624 210 417 322 
4 601 400 75 505 
9 281 379 634 549 495 356 45 333 453 
9 195 375 154 362 422 561 91 129 525 
16 443 89 418 311 102 557 175 509 386 602 1 587 108 351 538 629 
15 340 230 168 82 493 101 190 13 412 165 98 118 621 291 128 
17 260 99 602 112 138 102 464 62 459 457 280 16 395 34 533 394 618 
9 146 291 281 444 630 63 547 90 575 
3 171 635 94 
4 121 501 380 366 
7 179 46 457 529 131 139 355 
7 285 546 332 629 362 192 315 
18 329 269 603 353 234 507 114 118 465 455 38 404 552 83 76 146 199 477 
11 57 396 398 336 174 344 484 302 427 188 414 
16 531 133 510 254 526 481 336 512 334 43 497 558 408 575 61 185 
9 610 197 53 515 332 274 142 416 289 
4 426 209 170 625 
18 92 200 378 262 485 79 85 156 215 632 25 630 476 571 7 553 108 395 
11 537 15 338 315 37 69 407 200 99 215 40 
14 218 490 197 360 316 459 69 43 191 393 125 308 121 571 
13 584 182 608 224 150 185 458 66 147 609 95 633 441 
10 431 386 222 578 274 280 379 488 232 501 
10 142 624 504 323 107 255 351 492 101 450 
9 395 66 615 642 491 480 378 236 62 
16 309 486 271 5 411 330 162 124 469 57 281 280 62 393 248 408 
12 642 382 317 197 578 285 320 606 173 502 584 188 
7 511 191 93 601 17 253 320 
2 440 268 
10 424 110 300 459 323 3 483 183 245 583 
2 461 94 
3 447 182 299 
17 240 608 104 352 279 66 127 131 466 361 542 591 217 155 531 325 184 
15 617 92 392 615 416 232 144 527 565 497 414 21 200 65 8 
11 346 500 74 290 302 490 349 144 155 304 492 
15 471 382 173 423 36 306 211 286 124 529 506 593 273 388 567 
17 283 454 491 335 512 19 114 471 346 194 273 604 190 240 65 460 102 
16 154 567 570 190 378 380 11 152 310 370 617 22 238 602 420 431 
15 628 135 390 399 543 626 380 12 235 488 431 290 621 332 593 
18 317 623 592 68 63 611 528 478 490 354 428 456 523 278 620 302 410 593 
8 506 265 363 426 294 548 100 455 
13 253 342 626 21 289 406 556 183 65 231 473 57 242 
13 279 133 30 598 407 80 317 584 354 9 160 613 66 
6 381 126 248 336 616 9 
5 388 585 310 128 557 
5 565 36 254 109 604 
12 520 232 292 482 235 151 572 453 382 449 285 621 
4 400 107 358 232 
2 10 202 
20 311 153 450 516 505 435 17 256 563 409 473 70 239 175 342 410 427 533 67 8 
7 323 311 141 59 209 393 497 
10 116 518 133 103 243 158 334 96 438 408 
16 599 95 162 357 358 264 235 620 276 253 533 610 319 377 232 429 
7 34 358 223 520 188 467 596 
19 161 365 376 551 408 510 238 162 291 100 566 427 450 135 366 7 582 345 610 
1 503 
20 61 533 569 183 331 346 57 601 636 520 83 1 605 312 46 206 503 126 224 314 
8 417 486 218 8 412 42 150 460 
2 576 611 
19 368 571 455 235 482 431 345 228 89 226 339 425 554 299 531 157 190 634 91 
10 38 43 536 517 243 144 484 542 229 466 
6 630 586 578 587 178 128 
8 349 501 522 152 471 224 519 45 
2 538 62 
9 314 262 368 240 30 412 471 192 632 
3 568 475 517 
20 265 531 248 332 614 3 588 242 66 473 276 393 481 458 142 523 30 408 340 535 
1 638 
4 280 482 120 338 
2 174 555 
15 76 224 528 289 189 167 73 398 519 534 323 94 250 201 511 
19 395 622 335 416 456 106 93 407 632 230 338 616 85 231 590 94 174 71 297 
17 541 361 595 217 15 483 505 629 242 11 102 509 341 313 618 100 37 
4 132 247 394 401 
7 627 183 292 569 383 261 207 
2 37 614 
10 9 162 539 175 400 278 358 439 566 132 
20 266 17 354 475 602 507 109 450 528 175 592 470 454 540 503 439 305 285 336 39 
16 158 465 74 213 401 98 132 10 267 435 135 235 618 572 530 560 
6 254 517 197 430 320 50 
20 108 310 549 633 149 449 452 485 589 332 359 285 535 469 3 34 222 418 456 205 
10 110 233 313 449 506 90 478 41 293 272 
17 84 642 293 68 216 186 569 289 380 383 356 126 184 257 618 21 174 
7 482 641 95 526 173 341 328 
18 354 34 594 219 112 447 451 307 267 557 270 234 58 283 272 422 413 506 
13 370 447 113 198 467 228 225 415 108 142 615 470 172 
16 153 527 214 218 331 632 595 31 406 294 430 469 237 55 398 562 
17 462 544 42 140 9 198 305 527 509 607 364 143 557 411 104 156 39 
15 346 61 91 300 313 34 434 165 504 557 175 640 298 224 209 
18 584 622 6 272 470 559 638 439 199 107 307 31 326 95 507 472 206 311 
17 189 251 49 277 511 117 460 504 267 59 281 390 536 570 325 48 125 
11 483 349 561 337 264 462 580 409 102 548 120 
4 95 143 416 147 
3 555 528 69 
7 519 451 311 597 78 319 57 
18 616 277 164 159 346 594 24 292 1 138 436 534 355 402 15 532 238 150 
20 266 502 20 317 272 87 570 304 394 574 96 465 642 429 152 340 2 203 240 28 
10 203 259 83 522 442 280 122 167 135 198 
10 124 531 589 274 435 443 364 354 277 604 
3 55 430 75 
6 354 19 277 495 452 432 
3 228 233 488 
10 312 232 323 132 436 70 457 428 145 302 
12 255 564 484 371 497 528 337 392 244 148 329 58 
1 296 
10 194 380 633 162 187 206 564 302 103 186 
4 425 291 334 612 
19 142 564 133 260 467 592 559 570 341 399 248 26 41 628 199 15 102 311 529 
14 181 622 90 472 430 22 621 473 145 583 279 466 112 624 
16 492 229 362 439 454 390 407 187 121 511 210 148 438 273 109 65 
20 426 3 37 75 528 468 530 197 40 408 285 594 55 184 23 306 525 187 359 371 
3 550 106 125 
3 390 608 427 
12 406 289 377 40 457 587 334 390 272 293 534 448 
15 231 26 382 618 7 136 366 60 417 441 628 96 122 532 585 
5 96 216 477 311 584 
10 387 255 407 86 494 551 60 212 6 98 
15 363 633 410 121 154 314 537 353 277 404 470 50 244 454 269 
12 407 439 128 527 72 170 191 35 550 341 588 402 
4 243 192 254 299 
14 591 604 595 363 500 297 379 476 434 365 34 501 159 540 
15 632 587 248 135 472 581 494 235 304 492 567 78 108 222 439 
16 394 123 450 350 494 325 91 146 308 186 210 398 376 415 357 13 
