1000
0 0 2 0 3 5 0 3 7 8 1 11 9 3 11 11 5 2 16 7 19 4 16 17 10 10 24 16 11 23 12 29 27 25 32 14 35 16 24 30 0 22 36 0 19 10 15 27 12 7 10 5 24 34 2 10 56 48 43 12 10 55 8 27 61 16 45 3 68 23 56 50 42 61 14 4 62 11 20 68 68 46 47 36 36 1 1 28 33 33 71 6 6 85 48 40 76 0 4 20 87 3 85 59 5 29 80 81 45 90 60 100 83 93 97 115 39 116 49 33 11 103 91 99 45 0 15 103 64 127 59 119 61 77 24 77 48 122 65 76 71 64 28 24 18 35 33 42 97 74 64 16 5 122 11 146 46 29 137 94 65 125 112 115 84 107 129 145 147 83 125 74 44 14 65 174 95 55 23 60 27 46 89 105 146 46 74 16 129 82 84 115 43 30 96 152 12 51 31 78 83 33 51 62 70 150 78 177 32 84 124 75 195 192 124 102 98 171 131 182 27 73 199 208 165 1 45 55 106 113 227 164 14 116 135 79 233 81 64 21 239 71 216 122 203 213 131 89 34 65 164 19 116 125 185 209 192 251 97 50 12 255 113 85 57 185 84 238 9 264 211 129 166 177 238 151 6 63 66 159 196 117 138 109 152 108 51 160 152 258 231 260 232 61 162 37 192 90 201 230 161 296 179 86 68 82 73 13 288 155 276 4 95 37 119 4 189 52 0 26 105 67 108 19 249 322 174 236 278 297 150 292 319 278 134 319 179 170 9 30 88 165 115 78 80 314 107 150 118 90 334 260 198 310 98 266 69 5 87 54 111 72 126 234 326 59 111 303 338 268 118 4 51 352 219 122 313 250 214 171 60 324 317 78 327 50 341 254 63 220 322 285 277 84 201 233 373 65 275 184 116 1 153 0 384 144 36 367 25 264 116 329 79 200 47 283 280 235 71 332 16 220 54 222 378 70 318 194 366 0 35 411 368 323 13 60 192 59 340 408 24 426 400 205 118 180 43 52 3 200 19 232 197 318 36 260 373 362 12 413 312 315 173 71 372 139 206 89 409 10 443 295 58 50 26 438 80 413 241 287 64 233 114 215 394 17 384 122 266 155 460 367 107 477 314 195 146 274 116 384 229 215 403 242 348 256 177 467 143 403 367 477 335 91 461 31 202 11 233 325 379 22 289 522 266 349 524 372 492 478 425 202 242 151 27 316 244 147 425 506 528 190 237 36 330 354 72 39 99 449 28 127 134 474 293 100 500 119 432 181 256 241 48 468 167 217 465 90 250 348 159 308 395 243 450 70 475 30 264 316 304 539 269 300 460 286 36 422 156 32 47 221 452 389 58 568 198 422 44 579 182 167 95 86 372 604 210 229 302 466 449 467 153 51 32 74 118 587 368 578 199 503 25 250 584 399 320 250 95 415 296 617 63 571 241 103 455 350 269 472 635 300 151 427 495 335 306 644 53 637 86 579 21 373 9 182 348 541 13 284 33 472 10 68 381 61 126 642 606 115 291 661 628 142 431 604 0 520 579 238 342 558 658 595 41 528 635 297 116 257 530 559 350 616 101 164 276 568 280 437 76 422 70 336 530 180 274 90 647 701 463 525 199 486 205 325 706 146 199 305 609 464 16 638 369 267 15 637 632 457 584 684 153 410 195 100 662 13 331 554 363 101 135 137 516 394 130 411 550 683 518 649 115 167 569 329 81 12 133 627 52 494 237 674 278 101 221 71 176 435 297 160 96 218 116 556 635 230 425 723 273 476 400 204 431 330 115 671 109 359 93 768 386 724 282 172 757 421 480 608 533 794 735 113 55 326 733 620 545 413 493 689 614 574 99 558 485 275 356 305 87 35 508 753 2 40 652 292 674 54 501 594 119 46 123 740 745 294 524 435 673 381 36 21 352 281 18 153 24 741 290 570 57 134 47 116 772 201 813 474 328 794 383 261 811 533 58 293 240 637 405 864 268 321 220 276 867 298 20 185 458 107 667 881 829 311 167 875 607 592 380 802 318 65 561 228 194 713 354 462 272 55 898 776 494 359 195 435 420 808 524 223 217 413 250 601 841 887 654 187 158 162 795 910 878 129 430 829 591 271 259 693 896 367 291 748 620 143 63 339 132 747 25 142 570 75 45 407 467 159 219 643 899 936 70 91 124 50 563 764 455 392 79 531 251 758 729 291 492 535 645 957 958 1 11 187 855 878 851 133 689 411 364 797 817 815 811 183 508 976 470 744 857 529 479 343 798 431 42 732 
1000
18 62 74 109 159 277 293 303 397 411 414 691 697 742 811 911 955 956 993 
20 21 26 214 231 244 271 339 356 441 470 514 559 727 795 834 877 891 897 949 992 
18 46 92 239 291 418 446 511 632 665 667 718 733 766 777 835 849 860 903 
19 23 120 161 229 287 300 404 425 451 564 586 604 648 677 749 765 812 858 999 
19 145 160 172 208 244 271 301 378 406 465 512 566 645 711 799 829 854 860 878 
19 31 34 75 88 120 160 215 217 310 353 354 418 568 604 735 755 768 972 981 
20 51 70 179 181 202 260 294 300 350 362 382 523 560 569 679 766 839 900 962 977 
19 18 96 168 202 299 321 405 542 588 597 689 722 799 804 864 912 972 980 981 
18 92 100 211 286 319 351 391 431 472 564 578 731 803 844 866 902 927 966 
19 18 59 64 76 121 208 209 345 387 526 585 643 755 793 873 896 908 947 960 
20 28 40 138 259 266 292 301 309 368 447 544 545 581 606 837 848 856 870 873 928 
18 46 117 146 160 231 305 320 329 388 431 449 501 658 743 913 962 968 986 
20 17 34 148 183 201 225 226 270 282 367 456 564 631 700 705 714 742 786 806 956 
19 15 34 104 208 229 500 519 520 589 677 763 826 843 902 921 931 935 971 987 
18 50 125 137 174 216 243 401 499 555 760 762 788 858 880 899 907 959 964 
20 49 85 130 139 175 191 206 211 227 277 332 520 551 577 605 661 848 862 920 930 
18 9 34 66 92 140 158 185 289 308 425 427 517 562 704 872 883 892 929 
20 7 48 66 90 115 208 303 343 364 447 533 574 575 603 629 759 832 936 952 975 
18 33 68 89 94 99 212 396 511 623 634 655 675 678 752 813 948 956 997 
18 31 69 130 144 164 167 327 334 337 340 348 510 522 641 708 737 774 921 
19 105 143 252 282 312 337 379 392 464 467 475 515 520 584 735 835 874 929 994 
18 32 33 77 120 234 286 413 494 515 633 643 747 765 781 798 906 937 938 
18 37 100 116 132 145 210 254 262 449 452 550 567 574 720 746 842 858 895 
18 22 73 109 169 241 242 286 365 469 484 494 679 737 840 848 887 914 951 
18 47 101 112 230 266 268 329 367 394 532 587 599 631 649 835 913 930 940 
20 110 121 152 165 227 238 252 332 368 478 545 575 599 608 654 701 716 837 869 968 
20 41 96 126 244 266 309 313 343 417 505 530 572 754 806 811 861 888 889 926 941 
18 77 108 142 146 153 155 167 244 389 484 496 693 775 794 829 877 911 920 
18 21 214 229 327 347 351 355 362 414 553 761 789 791 812 852 869 964 979 
19 46 237 302 332 341 370 393 520 526 611 622 626 683 810 833 862 863 866 969 
18 14 34 216 267 271 347 399 507 526 590 617 747 782 853 950 960 972 981 
20 59 80 128 270 275 327 348 358 374 427 435 454 518 578 630 675 901 917 995 996 
19 13 38 58 162 171 227 302 321 330 410 511 542 609 621 748 784 805 806 840 
20 53 60 107 128 146 290 313 358 416 431 586 612 744 758 763 768 811 940 957 969 
19 49 158 182 411 450 463 509 551 552 569 589 626 670 766 795 830 858 880 980 
18 7 58 88 100 112 277 315 426 431 565 736 773 815 873 889 906 909 992 
19 8 69 88 102 104 180 255 259 338 346 436 501 535 543 567 742 809 813 934 
20 93 96 124 134 175 214 331 398 473 490 518 634 717 728 759 772 777 840 861 864 
18 4 67 76 141 144 179 291 343 450 480 490 541 629 666 743 764 911 953 
19 82 91 226 323 387 414 416 468 492 499 508 585 761 762 775 790 820 916 970 
19 5 8 221 235 281 382 390 426 437 565 591 641 660 760 788 990 996 997 999 
18 54 62 98 254 255 420 466 515 643 644 656 788 832 836 846 942 971 987 
19 35 84 108 203 249 253 276 366 374 380 556 701 744 759 825 864 892 925 995 
19 95 106 118 169 202 236 263 297 303 367 501 558 576 577 588 673 728 819 822 
19 105 149 151 227 275 288 311 345 415 486 534 544 578 651 679 746 750 865 871 
19 23 47 83 99 133 184 196 358 443 690 697 700 732 779 819 923 944 968 981 
18 14 25 76 116 132 153 178 180 287 459 490 581 614 628 758 864 894 901 
18 60 163 211 219 231 243 249 282 373 406 456 629 666 741 786 870 957 964 
20 131 151 269 275 344 377 461 548 552 600 644 661 812 868 887 894 923 967 975 996 
18 30 53 170 218 313 326 357 408 412 450 471 581 673 700 719 856 922 930 
19 54 104 166 174 249 256 263 320 339 345 349 427 450 678 709 758 797 882 890 
19 3 52 74 117 138 200 254 260 323 503 555 604 619 641 658 695 709 724 836 
20 31 82 88 136 206 216 237 310 344 364 393 470 478 653 700 779 800 821 857 913 
19 55 60 100 136 145 176 252 355 418 546 597 614 808 841 857 881 895 937 999 
18 30 94 111 219 280 301 338 343 397 474 584 604 619 628 634 652 683 755 
20 29 155 274 311 357 364 373 403 505 549 567 602 702 711 757 799 839 845 974 985 
19 6 96 164 169 245 294 299 391 396 416 421 483 530 549 582 697 741 793 954 
18 87 100 124 180 248 261 312 322 334 371 471 530 613 700 706 777 855 875 
20 66 110 240 289 307 330 346 392 418 453 482 538 603 646 735 762 789 857 899 938 
19 168 251 303 347 351 359 403 407 424 431 456 472 627 690 691 855 877 923 965 
20 5 202 216 264 335 381 383 396 403 466 621 654 672 698 767 831 842 904 907 965 
18 1 46 55 103 274 422 432 605 652 655 658 690 745 756 811 844 901 988 
19 63 134 256 276 286 334 347 423 483 488 528 536 617 619 722 764 840 863 994 
19 6 13 89 110 208 354 358 359 409 467 482 550 598 639 655 795 902 903 960 
20 22 29 50 86 105 312 316 346 476 487 499 523 712 718 809 824 836 850 865 915 
20 45 94 128 158 172 173 254 287 309 317 553 721 729 740 841 852 924 932 947 969 
19 23 33 229 293 300 336 352 355 411 436 486 488 542 651 684 783 828 835 996 
20 74 83 89 143 194 212 313 325 384 389 401 505 570 585 783 790 791 862 947 977 
20 48 94 196 224 259 263 332 418 446 484 487 521 532 537 683 709 834 872 873 907 
20 47 62 73 78 93 126 160 181 267 325 358 473 517 549 582 591 640 662 672 889 
18 33 65 69 179 182 183 237 301 317 339 393 438 516 744 794 864 967 997 
18 7 41 47 69 108 165 198 373 398 436 473 778 785 799 837 851 860 934 
19 7 138 154 202 217 257 275 303 335 347 541 550 612 632 645 800 895 950 995 
19 82 147 154 254 258 339 435 458 514 560 570 654 671 716 730 789 883 936 998 
20 81 123 143 201 240 253 291 305 322 362 394 479 497 583 681 730 808 815 835 951 
20 189 222 242 307 343 363 375 423 443 451 491 504 508 547 622 720 755 790 832 976 
19 13 113 277 278 366 415 422 472 508 551 557 585 624 637 639 666 745 764 814 
18 3 146 166 192 214 239 305 400 427 525 530 538 708 758 869 890 900 950 
20 12 41 172 175 242 262 282 334 401 411 413 472 475 623 693 794 866 898 977 992 
19 93 121 234 480 496 502 538 540 633 655 662 736 807 858 896 966 980 986 995 
18 74 129 130 169 204 251 318 335 338 462 621 705 733 742 745 777 805 964 
20 12 105 214 242 288 314 358 368 454 471 523 580 581 693 697 706 711 720 812 990 
20 38 247 309 327 329 336 363 426 593 600 613 620 679 726 799 826 864 903 905 966 
18 54 77 161 185 221 354 448 549 664 684 820 822 823 851 902 966 997 998 
20 103 110 166 174 237 347 503 577 609 639 653 667 671 744 779 840 925 930 952 962 
19 102 148 247 328 335 400 401 402 547 682 731 734 742 825 855 895 962 967 971 
18 44 88 293 295 336 348 388 456 498 598 599 614 674 705 723 787 879 900 
19 113 123 128 165 166 269 326 344 464 538 541 615 619 756 814 832 919 968 996 
18 26 57 119 121 202 325 473 497 564 571 607 664 805 856 863 882 951 955 
18 138 158 173 225 234 255 336 354 374 471 498 501 515 526 568 646 723 741 
19 30 80 85 108 215 236 237 344 376 419 448 543 642 671 712 756 815 856 894 
18 11 44 130 145 165 176 200 221 256 380 405 610 660 700 801 898 901 955 
20 75 82 170 214 261 290 387 390 533 545 565 577 583 644 759 781 792 852 883 997 
19 222 290 297 309 348 355 405 407 433 495 499 628 631 675 721 802 889 899 959 
18 50 65 198 353 403 490 542 588 634 673 687 698 717 718 750 754 836 959 
18 69 80 101 220 254 259 271 357 398 445 558 597 746 764 799 878 891 911 
19 127 133 140 202 219 240 277 278 297 334 387 418 609 714 889 940 950 955 998 
18 57 59 72 184 195 256 330 498 509 513 516 607 772 846 888 894 946 973 
19 130 168 215 265 277 341 358 374 483 494 504 508 576 650 653 721 860 891 912 
20 29 55 85 151 188 351 354 372 459 476 500 518 605 617 712 729 735 801 910 985 
19 53 78 129 164 207 306 341 440 530 573 588 594 653 678 711 792 966 967 971 
18 154 157 225 238 242 270 285 309 316 356 527 562 584 589 640 650 923 978 
18 82 118 150 427 431 464 534 645 655 660 700 723 726 808 818 844 845 893 
19 32 83 152 181 325 354 406 408 415 434 482 505 510 553 793 814 890 907 937 
17 70 105 132 156 220 230 274 410 709 751 779 782 840 907 926 983 985 
18 86 125 237 282 384 413 455 491 540 545 566 667 723 758 836 930 958 981 
18 29 32 33 74 84 96 138 175 213 357 453 456 629 742 784 832 833 883 
20 33 173 225 234 291 301 336 401 524 537 573 578 580 622 641 675 727 778 790 811 
20 24 113 178 286 344 517 519 578 591 613 622 625 674 682 722 866 909 926 931 958 
20 28 102 161 213 235 352 401 413 438 440 463 519 565 722 755 862 907 931 941 951 
18 2 4 47 90 215 232 250 353 410 465 511 523 644 728 815 854 921 952 
20 66 70 142 195 268 277 348 366 418 441 451 494 604 626 663 686 732 899 963 969 
18 185 265 394 404 418 421 433 485 508 550 551 573 647 712 728 742 922 933 
19 21 26 43 95 127 177 238 253 292 319 342 357 535 590 659 809 915 921 973 
20 25 34 39 43 171 180 271 316 394 490 514 519 620 681 838 848 868 939 991 999 
19 9 132 144 264 277 283 365 491 494 536 619 654 661 673 743 761 826 880 932 
19 3 97 187 249 254 315 392 404 506 582 625 674 747 826 862 941 956 963 987 
18 11 214 231 296 297 312 351 398 403 423 444 587 647 700 751 801 817 894 
18 34 46 63 173 184 325 329 369 375 422 468 478 492 497 528 602 729 930 
18 74 227 248 282 332 342 369 478 496 536 553 588 595 666 729 778 866 914 
17 28 72 138 172 191 215 230 302 442 482 537 561 625 640 670 795 889 
18 164 173 181 204 235 294 364 387 653 664 739 766 768 821 832 947 973 984 
18 85 105 178 202 210 231 244 279 399 422 478 537 676 696 756 830 950 1000 
20 4 30 59 160 214 326 401 412 497 501 514 663 683 762 810 897 979 982 989 994 
17 20 49 58 69 182 386 499 544 681 683 698 778 786 798 812 831 910 
17 15 44 113 145 188 271 293 305 463 667 689 709 733 800 812 817 933 
18 23 64 118 243 244 270 323 438 449 566 594 599 600 666 693 890 924 998 
19 22 40 51 105 184 263 287 353 440 488 523 540 640 646 648 654 667 753 924 
17 29 122 133 137 174 204 391 400 406 421 437 441 468 489 696 970 975 
20 38 87 96 185 199 292 305 502 677 689 695 781 853 855 900 905 907 953 968 990 
18 2 143 160 268 290 313 344 418 425 442 520 550 739 750 834 881 902 924 
18 28 68 80 109 126 131 134 202 246 258 462 586 655 725 739 939 956 966 
17 76 160 223 262 311 346 389 403 416 418 557 618 650 756 761 867 987 
19 2 8 84 200 277 286 344 407 460 465 468 525 715 742 818 849 914 922 995 
19 15 19 30 95 99 128 270 335 365 394 431 489 494 605 761 866 974 984 993 
17 66 127 150 191 230 248 303 328 406 436 468 549 637 761 891 935 963 
18 9 83 116 259 270 322 417 451 471 499 522 525 660 700 758 791 840 984 
19 245 247 257 310 425 464 490 492 524 554 555 571 600 680 699 709 744 822 921 
19 36 72 154 214 266 272 284 313 476 499 587 599 610 622 720 737 869 875 909 
20 2 71 164 240 264 306 388 399 412 601 673 683 693 734 846 862 893 898 914 979 
19 77 82 109 190 203 448 500 545 584 627 654 747 763 811 820 852 882 897 963 
19 139 158 186 218 261 273 363 413 433 448 470 484 677 739 774 810 871 894 961 
19 106 132 133 191 281 466 567 585 598 642 694 721 779 835 898 916 938 950 996 
18 76 127 284 301 344 351 358 432 443 450 600 638 765 863 937 965 984 996 
20 15 108 265 296 316 323 350 352 424 493 495 531 617 627 703 726 852 878 904 970 
18 28 193 281 329 361 405 460 604 609 627 682 703 718 752 771 779 886 974 
20 38 65 114 116 127 150 189 241 252 255 283 299 333 380 471 711 755 807 897 953 
18 57 73 75 163 188 225 287 340 473 584 593 598 608 652 814 853 865 968 
18 56 69 99 103 119 159 253 315 324 356 384 393 434 667 728 807 890 914 
18 50 90 114 115 374 377 384 387 472 502 712 787 823 866 932 935 969 980 
18 36 217 249 260 269 276 285 340 352 356 466 471 543 594 700 705 916 955 
18 75 117 120 303 328 355 468 469 484 556 565 574 606 609 632 782 917 946 
19 261 313 343 366 396 505 511 541 565 586 608 628 646 704 772 809 816 869 915 
18 71 125 168 191 232 292 383 472 521 534 553 555 603 641 729 760 896 976 
17 19 231 270 273 333 343 370 411 537 571 605 615 621 827 864 924 941 
20 24 30 38 46 81 151 167 195 228 300 497 551 594 610 718 782 791 837 842 969 
19 23 84 107 178 196 198 206 226 289 335 429 434 441 509 555 704 714 769 897 
19 23 298 312 357 363 439 447 449 475 500 516 524 597 773 888 913 926 939 982 
20 80 149 200 207 279 383 420 454 459 473 494 498 508 523 589 593 662 683 846 945 
18 126 167 263 314 360 398 406 411 449 455 557 613 625 677 897 937 940 944 
18 35 64 204 336 346 453 502 541 615 638 690 695 745 762 854 870 917 988 
19 37 40 105 110 124 153 244 250 301 340 388 399 466 562 619 765 793 983 992 
20 24 80 94 182 240 246 281 301 358 362 396 440 480 604 625 773 791 829 889 974 
18 69 88 119 218 276 303 335 347 361 373 453 510 606 620 720 731 778 967 
20 39 108 112 184 197 210 258 307 330 415 505 552 673 744 837 842 953 980 986 987 
20 22 44 231 264 556 588 609 641 677 691 694 710 750 766 772 839 853 868 936 952 
20 34 67 80 129 209 309 365 427 460 661 679 697 736 756 765 848 882 955 964 1000 
18 23 45 86 131 228 435 437 438 480 481 501 524 694 720 734 872 928 990 
17 73 144 275 353 405 420 434 440 468 472 531 554 606 632 650 754 998 
18 34 90 99 134 174 234 282 406 411 425 485 568 606 651 737 877 937 944 
19 33 55 96 182 261 273 296 399 469 547 568 595 626 651 823 837 880 904 989 
18 28 156 211 282 377 408 456 604 622 628 636 647 675 846 857 906 992 993 
18 8 12 38 151 162 171 172 188 281 316 345 688 715 721 788 905 952 953 
19 18 30 81 101 127 137 147 176 216 218 309 393 397 622 731 755 758 759 787 
20 36 52 210 253 259 260 312 325 484 630 644 651 658 727 731 767 844 845 899 974 
18 54 87 101 287 345 357 375 464 504 511 565 566 594 654 669 813 922 965 
18 17 87 122 172 198 209 279 310 327 427 475 563 603 610 738 739 811 917 
18 23 138 226 315 321 450 483 513 536 558 585 632 716 738 803 830 831 972 
18 94 113 286 292 294 375 410 651 668 696 718 756 759 882 886 893 904 983 
18 23 98 129 174 300 387 419 631 693 712 722 726 735 738 752 756 766 907 
20 6 121 347 353 381 396 439 463 482 541 551 605 648 657 714 756 757 760 873 899 
18 13 33 50 122 177 234 263 269 299 327 361 403 456 548 724 762 855 863 
19 26 50 178 186 301 314 355 403 410 456 458 474 563 647 791 800 843 978 981 
20 51 173 202 219 220 224 234 296 378 398 516 558 615 623 636 787 833 918 919 967 
19 57 93 231 235 263 289 323 357 401 463 608 670 686 735 769 801 803 894 923 
19 27 70 142 228 299 406 513 515 564 622 677 686 779 826 878 903 907 934 953 
18 44 56 90 92 138 163 233 272 297 323 427 465 541 547 840 880 939 980 
19 16 41 296 301 325 363 378 438 450 532 562 608 706 715 739 863 870 910 929 
18 15 95 132 184 191 287 406 415 449 456 576 730 762 770 780 796 854 959 
19 31 36 183 200 324 438 543 545 596 612 691 694 779 792 815 823 882 949 963 
18 161 227 250 279 393 409 430 473 512 584 634 644 682 828 850 864 878 891 
18 30 73 231 242 250 264 289 401 457 581 625 626 643 695 732 768 769 996 
18 23 81 99 113 148 153 235 283 285 360 516 605 662 686 802 855 896 997 
19 81 83 158 222 236 241 370 376 391 410 431 433 521 559 625 712 884 887 892 
19 96 233 294 375 444 463 503 577 588 638 682 686 722 730 874 881 934 948 986 
18 56 135 146 196 205 391 420 421 447 590 601 611 718 748 837 871 947 961 
19 103 173 191 211 293 359 384 412 436 491 517 579 714 789 792 794 796 807 881 
18 52 121 184 335 345 478 550 594 684 742 804 849 855 905 925 968 969 972 
18 17 23 35 116 160 163 203 206 250 261 314 350 575 637 662 833 900 986 
18 17 39 77 110 145 178 185 223 239 353 480 500 688 791 824 849 876 991 
20 17 21 57 113 144 176 179 317 514 570 573 606 686 710 711 726 869 912 949 961 
18 206 215 252 330 367 376 419 525 528 534 625 631 636 714 754 804 820 960 
20 43 61 113 165 174 177 179 238 487 600 636 702 710 771 824 904 956 967 980 983 
19 81 82 91 215 273 300 311 339 377 435 447 459 502 523 591 680 725 746 964 
20 131 148 163 200 205 244 293 401 412 443 456 546 610 652 686 704 748 793 915 975 
17 19 50 100 345 391 442 451 457 513 517 534 628 678 712 774 979 999 
18 146 204 226 238 435 436 483 538 594 605 623 694 726 736 759 823 825 845 
19 123 200 226 242 343 365 376 547 576 611 626 699 734 799 804 806 810 825 938 
18 73 90 116 152 291 443 480 494 590 593 609 626 704 771 776 780 825 829 
19 24 53 107 185 231 246 384 386 408 548 584 638 686 771 804 929 932 939 962 
19 7 8 63 104 221 253 341 402 410 530 692 699 714 719 842 907 909 934 949 
18 134 155 170 188 262 266 315 335 443 487 571 607 621 691 745 759 920 925 
20 2 47 135 152 161 309 416 459 604 605 615 646 680 719 783 811 854 876 892 971 
19 17 37 43 74 181 186 187 283 284 433 489 497 576 657 679 927 960 970 981 
18 150 165 251 310 373 390 393 419 466 581 693 739 796 894 942 963 969 1000 
18 116 120 121 170 190 201 277 291 304 435 453 538 554 709 727 781 915 963 
18 35 134 179 182 216 233 291 401 408 456 497 628 752 851 860 890 947 955 
19 153 158 292 304 315 370 404 512 521 528 564 581 585 664 751 763 772 800 843 
20 31 65 75 135 199 209 217 228 243 331 341 596 607 613 621 742 780 884 899 998 
19 13 66 141 173 253 301 342 459 496 539 574 751 752 809 852 893 931 957 963 
18 97 149 198 204 246 383 403 446 447 457 484 542 570 674 708 723 921 944 
18 5 7 41 115 120 126 201 216 400 427 439 441 447 602 615 674 732 818 
19 20 35 95 179 269 355 372 377 465 544 679 727 782 818 845 866 868 944 959 
19 65 89 90 115 283 303 359 457 480 507 594 614 685 709 743 819 879 924 942 
18 40 85 215 297 301 461 515 572 589 600 633 679 753 839 848 875 924 954 
19 73 76 136 149 165 195 245 286 295 355 411 425 474 592 597 711 779 786 806 
20 38 51 104 107 149 196 425 466 602 603 613 625 688 692 698 709 712 890 980 989 
20 65 76 157 166 211 243 255 392 401 417 443 453 486 547 578 681 725 738 772 840 
19 17 89 147 171 182 207 371 460 570 581 616 639 649 674 761 819 823 933 991 
19 8 323 324 374 379 438 448 485 526 546 557 601 676 716 736 798 870 871 939 
20 15 40 51 168 205 229 286 361 363 496 618 669 671 695 737 827 863 922 924 982 
20 25 72 162 271 301 410 444 537 551 652 667 687 739 755 767 774 824 834 890 934 
19 17 25 111 137 170 319 324 351 419 461 504 536 552 580 659 678 706 814 874 
18 14 26 97 104 316 347 381 429 474 481 551 561 751 774 775 828 920 928 
19 74 157 166 223 267 350 381 427 521 544 686 735 747 785 802 821 828 845 992 
18 6 92 115 131 148 185 190 264 270 388 399 425 576 674 927 942 971 984 
19 11 38 62 184 251 288 447 461 532 617 669 690 726 806 821 860 879 900 995 
18 4 9 31 51 149 164 382 404 444 451 473 494 534 634 703 724 872 901 
20 21 133 140 273 348 382 435 448 497 537 538 574 575 594 613 618 644 771 909 926 
19 4 11 66 68 103 178 244 269 611 653 655 672 771 783 811 886 952 968 1000 
18 73 112 121 146 187 293 318 381 387 509 533 541 651 670 745 821 888 902 
17 84 121 179 201 350 394 491 560 579 619 633 663 730 846 853 894 958 
20 51 59 205 279 285 297 409 442 543 559 572 575 593 595 604 663 716 769 847 910 
20 18 50 71 121 136 322 406 421 437 511 517 535 672 738 749 786 820 847 890 891 
17 28 338 345 401 478 501 537 596 609 646 760 776 882 939 975 977 999 
18 30 45 173 253 425 492 595 642 683 684 729 742 758 760 770 773 927 942 
19 11 28 102 110 128 132 151 186 254 381 525 592 594 630 667 704 734 772 779 
20 16 52 84 115 186 217 247 275 352 368 435 462 475 585 630 661 747 759 925 981 
19 43 88 129 184 252 369 388 510 572 581 583 696 774 797 862 874 916 946 982 
20 49 57 74 152 249 252 423 485 586 640 716 793 803 809 823 859 906 942 966 996 
20 117 125 128 193 195 246 271 507 512 546 610 693 743 784 787 794 799 875 924 932 
19 96 176 177 252 291 317 406 464 513 555 574 611 675 687 729 800 803 852 864 
18 114 206 265 270 313 451 503 547 644 652 747 763 843 894 896 897 919 986 
20 64 137 150 210 228 282 308 331 335 342 384 565 582 633 655 669 714 721 864 887 
19 29 127 238 244 294 386 389 394 457 528 547 612 656 666 757 829 929 949 951 
19 1 56 119 130 214 245 387 480 489 502 537 541 544 630 632 635 711 819 910 
19 53 94 96 120 168 189 258 263 364 382 392 393 441 499 553 578 592 707 867 
18 42 52 113 203 206 244 433 527 547 673 696 699 742 765 828 877 980 1000 
20 57 101 243 303 316 432 478 490 496 535 537 557 577 597 605 690 774 868 908 934 
18 31 35 87 165 169 244 258 354 525 571 614 690 699 703 830 888 890 903 
18 7 40 46 82 127 161 199 228 529 556 567 603 606 736 742 857 900 902 
19 14 26 38 114 150 177 197 307 449 481 483 530 570 585 597 821 831 977 979 
19 2 154 161 182 230 406 446 472 499 547 572 584 628 640 710 901 933 941 971 
18 217 257 262 328 353 380 577 587 628 654 662 714 723 792 848 883 898 991 
18 48 58 75 76 220 288 347 354 534 640 657 661 708 779 787 804 856 967 
19 40 118 131 153 170 292 313 331 349 402 414 416 418 581 630 718 771 857 926 
19 38 105 250 295 325 338 342 361 419 422 458 482 554 587 641 646 796 835 878 
20 32 85 119 137 160 235 307 352 366 485 500 530 576 651 676 702 705 723 906 948 
18 37 76 108 125 133 208 217 251 261 331 349 357 457 489 536 666 850 877 
20 8 58 112 121 143 153 157 240 243 251 314 358 370 630 641 770 811 887 978 989 
18 66 102 117 121 144 149 250 280 311 391 410 424 581 624 663 707 760 871 
19 2 7 35 153 429 552 556 560 623 685 690 703 722 735 745 814 904 931 956 
19 135 136 159 199 260 263 312 316 377 404 455 478 507 601 647 658 677 840 873 
19 29 61 176 187 194 237 309 396 433 502 516 579 640 682 719 738 824 863 883 
18 7 17 66 88 192 201 228 267 282 286 296 342 378 383 424 720 810 902 
18 148 235 257 269 310 464 503 583 710 714 748 751 758 920 940 941 967 990 
20 25 27 319 354 398 402 409 460 467 487 520 549 626 660 707 742 778 873 951 963 
19 17 46 77 81 161 192 257 285 426 460 505 511 515 540 542 596 871 887 974 
20 57 72 101 128 181 186 195 213 242 252 341 449 480 581 724 785 856 893 899 953 
20 15 71 229 401 443 456 513 514 538 647 684 688 713 762 823 860 871 932 949 984 
20 8 43 99 100 294 296 435 443 450 486 500 547 550 553 558 693 789 881 900 926 
20 3 19 56 85 160 252 256 278 461 487 615 654 693 740 791 833 836 844 875 899 
19 138 169 246 273 325 398 411 444 463 505 628 633 642 656 664 789 816 845 855 
18 44 54 82 146 195 287 329 356 475 560 714 733 856 888 908 909 977 995 
19 46 52 76 197 234 258 259 273 315 387 393 556 615 631 663 674 737 816 976 
18 109 112 116 178 217 281 318 389 410 466 498 625 657 783 804 852 863 892 
20 14 78 179 215 443 463 471 520 536 668 682 731 747 822 831 888 909 929 947 951 
19 64 137 152 211 258 288 308 375 384 447 460 537 591 604 736 742 839 842 866 
19 31 50 94 95 98 105 190 212 249 274 282 308 428 450 462 499 562 575 811 
17 3 223 266 362 363 468 495 518 668 691 706 756 773 807 867 887 914 
18 38 117 144 153 170 235 288 324 328 357 430 592 641 805 891 910 914 981 
20 5 13 39 133 203 205 228 236 289 295 340 368 369 570 580 621 804 854 929 988 
19 21 247 274 297 326 334 354 384 500 526 570 591 678 679 680 733 805 884 920 
18 27 88 101 155 343 375 433 532 535 539 552 643 693 825 863 889 894 982 
20 55 190 212 274 332 375 394 403 434 467 472 569 586 604 612 765 874 891 945 992 
20 13 81 115 178 204 233 237 255 340 444 471 507 529 643 695 756 779 785 889 890 
20 50 237 297 315 321 377 404 421 452 624 716 726 738 774 787 794 842 925 945 962 
18 17 110 229 238 317 364 416 418 424 500 554 557 608 646 740 794 812 826 
19 33 114 115 211 298 404 496 529 544 595 687 700 714 715 799 814 845 896 913 
20 145 163 188 240 260 337 363 485 569 572 622 659 689 787 813 880 897 910 917 938 
19 44 70 114 118 124 191 246 333 359 399 494 545 677 742 756 818 920 976 991 
18 6 116 161 186 204 239 246 308 310 331 463 501 557 569 623 664 672 689 
20 62 84 127 189 190 240 276 281 420 426 471 555 590 609 622 650 696 794 833 944 
20 13 52 229 282 299 301 331 340 442 475 599 604 621 741 757 780 796 826 836 977 
19 106 152 162 218 220 326 394 504 555 558 662 664 792 854 871 886 909 912 953 
20 57 71 148 239 297 304 368 457 613 615 652 661 663 677 754 801 849 932 958 997 
18 52 87 101 169 173 276 325 339 499 602 612 639 719 738 775 812 825 976 
18 35 171 227 294 329 485 533 607 637 638 668 777 805 814 823 898 906 961 
19 9 79 139 213 276 340 366 385 452 463 555 677 767 772 803 843 929 988 993 
18 4 25 30 146 178 197 404 405 449 468 486 624 658 807 811 860 908 955 
17 200 256 335 378 421 546 611 617 635 649 654 773 852 856 904 976 983 
18 23 295 341 367 381 385 413 425 520 529 584 605 660 663 671 697 857 878 
18 110 165 239 249 270 448 469 479 488 555 587 679 700 716 734 818 833 846 
18 13 96 135 150 189 250 411 417 483 503 609 617 683 699 840 934 965 991 
17 113 123 133 325 326 527 530 537 587 620 643 763 773 868 887 940 974 
18 17 99 100 111 183 197 198 204 255 403 419 476 599 625 640 853 879 893 
19 66 88 158 178 223 225 266 341 352 398 586 598 630 639 654 772 866 903 959 
19 17 74 188 202 390 490 493 500 577 591 599 763 811 840 890 901 919 932 978 
19 6 84 105 130 140 168 211 257 277 281 288 405 531 550 606 662 692 925 936 
19 152 258 287 295 322 343 360 461 482 531 612 648 767 796 807 825 850 913 961 
19 95 97 110 193 229 446 494 529 555 619 657 724 751 846 886 898 933 965 983 
18 36 66 194 340 350 355 383 392 517 567 615 634 659 749 769 790 817 942 
18 8 24 50 95 107 123 243 310 377 451 649 668 684 759 842 862 936 979 
19 37 77 184 210 242 251 298 360 364 588 641 724 729 766 789 793 891 929 944 
20 15 69 82 98 194 218 248 255 302 353 536 572 592 617 642 659 810 842 847 999 
18 80 159 165 215 334 341 361 365 368 458 487 499 680 810 812 818 885 984 
19 114 153 230 242 322 340 366 479 513 544 569 622 664 728 741 827 885 960 996 
18 37 50 99 107 147 173 178 243 372 434 545 700 715 771 813 828 951 981 
20 36 84 97 141 178 189 196 208 240 300 318 410 446 459 651 717 718 747 857 956 
18 30 43 93 111 238 250 303 312 348 355 453 701 712 739 750 893 929 959 
19 51 178 183 244 291 309 359 455 516 545 558 562 673 726 775 776 820 827 992 
19 134 229 244 256 257 262 293 301 332 439 449 493 495 501 547 586 663 951 986 
19 32 86 115 136 144 188 264 349 357 359 360 372 385 659 730 748 758 863 891 
19 158 199 224 233 251 256 259 263 289 389 512 553 596 624 653 881 920 976 978 
19 29 111 125 175 297 432 450 466 566 633 649 667 692 749 789 835 851 898 992 
17 92 97 172 290 300 319 334 439 448 557 589 647 711 715 834 931 960 
20 20 21 227 228 259 265 379 394 402 449 468 487 509 643 747 845 848 871 926 981 
19 157 170 228 299 374 399 483 509 536 568 701 839 879 899 906 928 929 964 987 
18 36 103 291 301 321 328 370 564 608 666 685 700 837 873 891 913 946 998 
17 6 18 220 291 415 418 506 645 647 705 714 719 818 860 917 949 990 
19 3 8 14 49 147 150 173 263 476 480 604 612 631 659 678 815 827 847 916 
18 22 148 283 302 319 431 525 572 670 709 740 756 763 773 890 911 941 994 
18 34 125 183 205 227 272 286 328 389 472 475 775 776 836 837 865 900 954 
19 17 86 109 153 174 240 246 386 401 481 485 574 584 671 674 687 778 849 884 
19 72 95 167 207 315 328 347 380 502 543 593 621 664 685 702 856 935 975 996 
19 42 45 68 104 144 162 251 290 443 455 496 509 513 522 565 573 676 798 801 
20 29 81 175 179 180 183 205 322 327 455 611 629 677 737 767 771 791 944 956 981 
18 155 156 166 200 212 246 274 420 503 549 555 613 645 811 859 939 942 1000 
19 23 114 147 231 249 254 295 356 477 512 527 781 795 802 818 878 921 976 989 
20 25 41 75 77 222 257 376 435 515 522 566 584 646 782 854 899 907 922 935 992 
18 57 159 166 240 303 305 310 432 462 529 557 562 643 748 893 920 955 968 
19 145 188 225 265 322 415 440 447 485 524 557 559 574 600 660 710 758 775 949 
18 30 123 126 151 184 307 342 344 398 399 426 596 633 658 695 772 788 908 
20 23 101 162 190 265 280 312 362 387 491 545 618 636 656 692 801 850 854 981 990 
20 35 43 65 133 135 193 220 322 343 440 497 518 607 609 632 732 734 742 974 982 
18 32 110 122 144 170 217 294 296 347 356 389 434 678 735 781 902 928 930 
18 30 101 152 220 347 463 522 570 614 630 635 657 784 819 854 903 932 1000 
19 58 80 140 221 222 346 351 376 412 415 456 467 485 510 524 535 579 745 803 
18 32 57 95 101 206 259 296 389 433 465 544 598 604 709 765 784 838 958 
18 66 144 171 201 349 351 433 519 521 525 589 594 660 691 730 747 817 876 
19 121 130 199 236 350 396 440 531 558 679 708 747 790 855 888 896 906 940 977 
20 12 54 174 266 282 364 396 589 598 663 699 743 803 804 823 826 867 927 964 967 
20 46 70 75 163 188 190 213 274 275 303 374 393 430 581 752 771 822 827 866 874 
19 30 85 174 273 292 307 376 434 449 457 592 600 635 643 699 720 785 838 979 
20 2 12 16 46 48 187 190 208 220 256 279 331 357 374 492 493 545 720 877 930 
18 4 66 68 69 70 84 160 215 231 241 430 494 538 735 795 808 850 875 
19 15 53 172 176 216 226 278 385 440 574 587 596 606 714 763 781 814 859 889 
19 4 42 45 106 161 184 187 222 244 263 311 394 564 571 618 639 683 803 813 
18 18 73 87 107 141 175 269 305 406 506 611 653 669 810 815 842 855 992 
19 118 150 153 154 172 196 264 454 490 512 519 595 659 782 786 880 963 972 989 
18 21 32 67 98 187 188 468 554 568 623 649 683 693 712 772 814 838 995 
19 133 168 173 203 372 399 541 557 562 597 607 615 701 728 787 825 851 941 972 
20 57 134 247 260 310 465 547 629 649 671 684 685 705 726 757 821 830 837 905 958 
18 13 48 82 261 375 399 463 485 566 610 624 654 669 775 935 946 951 956 
19 4 131 184 296 301 353 360 365 440 491 527 570 579 777 808 820 824 876 942 
19 190 344 415 428 442 457 476 510 598 604 629 650 703 731 766 807 839 876 898 
19 44 56 143 159 185 229 283 341 444 503 586 630 682 761 816 872 894 955 983 
19 6 76 210 234 238 374 452 511 523 549 704 738 819 835 848 913 931 960 973 
19 56 124 133 145 189 205 260 277 304 395 476 622 629 675 700 834 916 971 986 
19 45 120 157 191 205 256 266 286 427 433 505 622 681 704 767 862 894 913 935 
19 70 81 102 134 144 243 360 375 427 436 448 499 680 733 747 840 845 895 968 
20 55 86 193 203 321 358 372 413 431 638 663 672 759 773 824 846 851 904 962 966 
19 15 175 177 278 337 371 456 502 551 557 597 642 703 715 734 763 770 804 922 
19 53 155 169 240 282 284 298 362 465 499 561 619 719 724 737 773 844 880 947 
17 9 50 75 91 170 197 209 212 246 260 368 593 649 686 725 914 971 
20 60 61 63 69 73 189 248 250 256 328 340 403 513 599 686 774 820 853 877 948 
20 12 88 89 148 192 201 203 223 279 323 328 374 384 420 451 453 591 628 731 815 
18 21 37 50 86 91 116 173 181 201 278 343 460 543 569 619 755 886 981 
19 35 60 76 80 265 266 407 535 594 662 665 756 774 869 885 888 916 945 992 
19 33 100 138 194 261 340 414 459 553 568 667 691 727 733 796 799 830 942 953 
19 218 233 251 263 323 338 387 396 461 575 609 645 668 669 748 791 844 903 917 
18 42 155 171 240 329 343 385 518 563 610 628 630 668 687 762 837 901 909 
19 88 126 135 194 201 361 417 540 547 588 630 641 670 715 731 796 797 947 954 
20 18 46 48 65 120 132 269 279 292 311 320 385 395 427 479 491 517 623 830 925 
20 263 274 281 306 379 414 416 453 513 531 612 629 657 711 722 826 862 921 929 997 
17 9 124 141 237 270 295 395 425 523 721 769 780 804 886 931 960 984 
19 69 142 196 198 267 311 359 360 369 370 417 485 488 558 568 570 617 888 985 
20 40 57 120 162 188 381 425 430 530 594 629 666 741 763 770 784 812 933 936 999 
17 44 117 128 206 266 346 477 613 660 667 676 708 732 782 888 930 931 
20 57 175 184 274 291 336 353 354 405 446 457 503 645 689 735 746 835 874 879 929 
19 20 38 109 153 185 199 211 217 264 316 327 358 472 533 633 653 719 906 980 
19 12 91 131 173 212 241 251 259 280 301 481 548 703 768 807 814 889 952 981 
19 37 48 66 142 181 245 246 342 421 445 470 570 573 644 672 692 786 877 952 
19 45 152 172 175 238 240 309 380 401 497 520 578 668 734 787 826 888 894 927 
18 32 102 147 221 280 318 329 371 414 416 456 466 508 565 662 764 824 962 
20 48 83 122 140 147 159 166 187 206 230 286 332 364 365 543 578 893 900 906 979 
19 107 140 144 210 299 337 370 431 553 585 643 646 670 710 723 726 790 862 879 
17 2 60 245 285 378 384 406 465 543 604 613 714 850 875 884 911 953 
18 199 245 274 287 310 313 398 413 436 642 645 713 722 747 770 792 865 886 
20 38 99 100 198 248 277 344 350 396 449 472 487 492 598 635 700 720 735 804 869 
18 203 210 231 293 353 371 376 563 692 698 743 768 769 883 954 955 987 996 
20 42 71 125 171 271 302 338 349 366 394 474 515 544 614 681 771 809 852 871 894 
19 24 36 62 166 189 295 329 365 455 461 482 570 581 624 689 719 797 888 952 
18 8 67 75 91 132 180 203 331 363 371 485 595 629 650 695 721 735 799 
18 74 83 171 177 205 272 429 473 512 532 533 556 608 642 757 759 815 916 
19 48 55 69 84 85 137 187 257 342 423 457 504 623 682 724 734 742 942 951 
19 155 160 207 274 448 478 494 514 536 627 628 661 698 762 862 903 914 934 959 
20 38 121 255 307 366 405 509 532 562 630 645 667 672 680 698 733 749 773 948 997 
19 53 64 118 126 169 253 325 373 421 588 603 617 640 661 677 822 867 872 916 
18 70 72 303 492 495 497 528 556 656 667 723 735 758 763 847 853 904 989 
20 47 95 216 228 244 290 357 398 429 437 462 477 624 672 798 807 911 925 954 994 
18 119 168 186 219 236 270 399 497 537 597 629 643 645 659 808 821 828 994 
18 21 70 101 162 164 318 362 371 406 424 440 456 460 510 650 682 789 874 
19 68 109 137 238 320 344 367 455 508 523 722 730 760 803 810 860 870 900 952 
20 48 138 204 217 230 244 271 316 423 557 562 677 705 732 837 872 920 935 958 988 
18 1 23 26 40 112 146 152 306 387 412 449 484 511 606 669 701 779 969 
20 32 85 175 207 212 257 259 312 384 394 433 470 498 505 778 861 885 935 936 951 
19 64 140 277 333 392 433 511 643 647 686 701 706 722 728 782 866 948 981 1000 
19 120 144 167 266 295 324 446 487 505 555 631 668 677 710 762 791 841 897 999 
18 56 80 118 144 274 529 571 630 653 654 737 750 758 819 829 833 945 966 
18 89 154 273 275 316 422 454 546 576 614 639 677 712 865 965 989 996 997 
18 40 49 67 139 167 177 259 289 353 383 429 519 574 594 610 847 896 994 
17 3 73 153 201 218 225 301 319 345 348 424 460 466 497 612 711 809 
18 49 65 196 197 366 403 445 474 478 502 560 738 778 806 823 929 935 986 
19 20 196 214 285 325 416 445 500 601 671 769 777 792 838 863 880 908 913 941 
18 39 103 104 167 196 247 256 282 285 590 619 649 753 788 837 923 957 959 
18 14 43 114 147 153 229 359 418 466 495 636 640 689 757 788 830 847 915 
19 78 86 203 228 353 362 367 395 492 494 511 556 596 611 673 733 812 902 910 
19 30 36 127 177 194 211 331 529 593 671 686 692 798 808 865 870 872 954 964 
18 68 111 187 227 238 330 337 460 463 468 505 648 659 690 779 807 969 971 
19 50 53 120 129 132 186 233 288 361 479 503 527 542 760 918 927 929 971 995 
20 31 44 145 158 236 260 274 310 312 334 338 339 413 498 579 826 879 905 949 961 
18 57 77 97 155 238 254 315 320 403 464 487 497 678 704 708 751 765 981 
19 133 147 210 258 319 325 430 441 568 635 725 783 792 811 831 867 887 931 977 
18 21 95 106 134 142 221 233 240 339 405 467 486 490 582 616 722 753 804 
20 28 42 63 89 228 256 322 345 347 381 457 511 639 653 672 767 799 933 946 1000 
18 37 62 78 151 300 327 355 398 435 438 484 490 508 534 569 907 934 974 
19 12 50 98 161 250 275 408 454 482 517 569 590 593 603 922 923 929 933 998 
20 11 13 24 74 85 99 136 495 496 546 631 644 705 749 753 772 777 829 918 963 
20 38 111 150 175 384 417 452 543 546 707 709 753 766 808 816 846 849 869 915 970 
18 89 129 141 172 198 270 301 339 363 419 518 704 805 819 841 879 907 961 
18 4 67 138 225 280 328 442 527 545 559 716 726 746 754 834 862 911 952 
20 20 64 131 160 175 216 252 304 360 391 394 422 426 515 592 635 681 866 946 975 
19 123 197 233 250 267 282 283 301 553 588 613 640 676 682 744 857 871 912 961 
19 1 15 37 72 82 119 144 230 299 305 415 431 460 528 610 758 771 847 992 
19 21 108 147 182 199 240 245 254 346 411 442 578 594 637 753 812 835 982 998 
18 41 203 212 223 230 275 337 345 372 411 500 614 633 729 776 833 924 933 
18 61 77 92 204 206 217 279 479 481 548 610 650 717 720 798 818 857 894 
20 68 127 145 184 220 246 309 361 398 459 578 679 744 745 803 815 850 905 910 922 
20 16 100 191 199 232 276 299 409 441 549 557 567 634 637 796 880 915 939 948 953 
18 29 67 134 135 175 201 220 314 380 381 403 412 420 458 470 808 832 938 
18 36 51 79 91 118 127 148 173 270 443 769 805 822 840 907 930 946 948 
19 40 41 48 81 108 146 170 178 288 290 307 316 341 614 679 722 738 820 968 
20 100 110 187 244 279 327 377 408 479 495 506 549 614 776 802 870 871 976 984 987 
19 61 79 103 151 230 242 248 279 306 342 356 555 620 693 731 936 938 973 985 
19 129 235 268 341 392 456 476 523 531 594 717 733 760 767 781 816 839 907 950 
18 40 108 142 160 229 287 389 445 473 495 583 679 703 785 790 841 860 956 
19 7 18 160 215 274 317 344 456 501 503 524 557 666 774 779 781 805 944 963 
20 57 65 129 156 173 309 353 372 410 414 440 445 653 655 672 755 869 874 969 985 
18 139 183 348 467 469 565 619 702 717 738 748 785 791 819 838 868 907 955 
19 99 119 186 216 327 338 400 425 464 508 514 585 620 621 632 784 841 940 948 
18 22 139 190 255 339 456 562 626 650 674 680 687 707 852 935 962 996 997 
19 53 110 129 194 219 264 292 370 457 487 550 714 764 770 785 814 902 908 925 
18 14 16 37 44 87 200 233 234 380 401 435 461 541 660 708 762 920 955 
19 15 66 88 168 384 481 528 560 607 679 739 793 833 870 873 904 949 953 992 
20 107 112 126 139 166 242 311 323 349 429 458 560 561 574 734 819 846 874 895 971 
18 53 72 214 432 434 436 462 547 606 623 646 658 753 757 792 921 943 969 
18 32 153 173 380 388 434 563 576 583 597 650 657 658 678 748 805 814 965 
20 19 25 120 185 246 248 313 322 396 453 460 476 737 776 805 840 918 948 971 978 
20 4 123 172 181 195 249 365 429 470 478 542 611 679 722 741 743 763 787 845 906 
18 18 22 52 163 183 185 200 249 276 338 345 515 606 634 768 802 805 855 
19 44 63 96 158 183 358 377 464 548 674 683 767 768 802 816 839 912 928 957 
19 118 131 136 149 258 271 285 327 355 392 435 530 539 624 691 818 882 907 974 
20 54 87 215 218 222 231 314 351 576 654 676 680 686 788 839 898 950 955 995 998 
19 21 40 72 110 232 319 321 409 444 495 508 514 577 578 681 734 770 862 916 
18 37 55 158 191 198 205 228 276 304 412 426 459 528 533 666 765 949 981 
20 120 121 152 168 171 174 285 308 320 450 484 506 539 544 739 744 755 846 893 989 
18 59 142 242 265 313 352 353 373 404 481 516 527 538 555 823 828 891 893 
18 20 28 220 295 318 427 460 496 528 533 551 580 622 658 686 870 930 992 
20 163 171 215 268 416 421 485 491 590 609 668 703 708 740 793 813 828 836 937 987 
19 57 139 163 180 318 320 369 386 423 425 449 491 528 671 774 828 860 875 982 
18 116 118 170 174 429 455 577 579 637 660 703 713 766 788 804 862 874 926 
19 58 155 202 250 251 312 343 375 397 485 585 623 684 719 740 751 850 863 910 
18 12 68 171 193 268 312 407 444 493 510 561 597 608 656 734 765 978 985 
19 12 64 91 111 167 181 200 329 485 495 573 658 676 730 812 815 852 899 913 
19 8 53 93 99 143 164 311 422 612 634 693 744 817 819 870 885 901 975 977 
20 8 115 266 279 380 387 448 491 495 526 544 623 664 668 680 713 720 777 900 998 
19 93 245 333 395 422 424 437 460 465 594 595 756 798 801 828 861 903 954 1000 
19 17 20 105 174 222 279 302 320 447 591 633 639 670 732 738 776 919 922 977 
20 97 175 215 242 261 374 390 476 486 581 598 652 659 674 736 768 841 851 969 995 
19 36 87 88 145 151 163 225 287 446 494 583 619 727 778 780 789 834 862 877 
18 15 72 191 194 199 202 347 468 582 598 617 653 749 753 810 828 947 992 
19 6 27 77 166 244 246 298 372 461 472 538 564 672 867 868 889 937 972 996 
17 12 131 143 226 284 286 369 397 491 496 589 713 737 753 800 841 896 
18 16 99 122 274 526 556 571 617 618 693 724 809 813 867 873 934 957 981 
20 114 117 119 169 193 217 236 400 431 438 572 586 629 702 723 811 890 903 904 928 
19 36 61 192 310 334 386 389 427 478 516 603 619 646 720 741 861 880 891 986 
18 3 109 124 132 320 326 535 564 567 698 705 758 780 789 804 913 930 978 
19 67 78 138 152 264 322 405 447 525 555 582 584 651 813 875 912 939 978 999 
18 29 78 170 368 394 418 497 531 544 554 572 626 645 764 785 788 882 884 
18 148 152 174 187 204 213 221 227 260 391 407 445 489 741 755 850 864 996 
18 131 144 151 373 382 442 456 467 476 477 550 614 629 690 710 773 799 905 
18 2 147 197 276 373 379 390 456 535 572 578 635 725 893 904 906 941 974 
20 17 22 48 151 181 227 243 302 316 443 512 534 572 638 738 757 787 824 876 925 
20 22 37 156 215 290 347 353 386 412 431 469 499 559 562 811 812 814 832 971 991 
19 105 134 166 168 178 264 291 309 320 452 471 514 550 571 578 709 756 814 843 
17 7 45 127 141 157 178 314 488 592 722 749 756 765 854 859 861 992 
19 76 128 266 274 275 316 338 421 532 584 611 617 659 702 776 779 844 969 986 
19 140 210 310 421 450 483 515 526 530 551 590 601 701 826 859 868 896 906 989 
19 58 116 172 185 299 400 428 459 460 539 643 657 671 673 697 774 789 816 882 
18 5 275 331 332 349 438 542 559 595 754 812 853 902 924 959 965 975 976 
19 31 34 83 86 120 173 355 375 433 452 561 616 654 702 811 821 852 910 967 
18 12 75 243 325 347 365 397 463 573 633 638 676 702 782 863 890 894 909 
18 25 57 137 192 275 311 358 500 574 595 644 780 828 831 846 873 946 963 
19 44 144 152 166 220 236 272 332 373 406 533 552 640 705 755 781 817 902 959 
20 12 14 24 65 98 162 235 273 314 412 652 679 688 755 790 843 859 924 959 967 
18 123 176 195 224 305 314 379 407 463 554 564 581 613 713 737 743 804 943 
18 59 68 79 194 229 234 281 286 291 292 328 332 355 457 540 541 724 894 
17 73 75 126 178 234 388 559 567 631 634 709 754 819 863 873 875 920 
18 164 177 276 286 329 405 413 418 526 551 630 674 739 809 816 902 955 991 
19 88 97 101 153 198 249 417 448 517 545 682 722 729 731 739 850 897 913 979 
18 2 55 77 132 146 163 168 235 368 418 419 481 493 597 679 699 905 907 
18 105 189 212 218 261 264 297 431 455 472 533 641 665 681 723 863 869 938 
19 48 85 162 221 222 233 237 307 315 397 461 485 581 700 727 797 850 906 988 
18 1 99 287 336 381 411 511 524 536 654 724 735 818 868 888 922 935 960 
19 45 208 219 264 320 325 335 356 444 507 566 640 667 696 705 729 788 906 979 
18 72 155 199 259 262 280 353 451 460 464 480 482 639 644 682 749 825 953 
18 91 188 191 244 287 296 311 341 342 469 507 694 723 757 866 873 884 897 
18 61 92 149 231 259 341 481 498 522 531 545 709 770 772 810 824 902 913 
18 2 47 70 181 240 291 340 348 380 480 512 572 578 579 669 728 783 983 
20 66 103 122 244 315 325 333 345 358 551 619 655 662 663 674 716 760 840 890 997 
18 55 76 96 127 178 393 421 433 465 499 515 517 705 766 767 772 878 932 
18 58 84 112 114 132 150 299 329 333 509 560 567 816 841 868 917 923 983 
18 117 118 132 181 206 217 226 241 301 600 618 622 625 820 912 943 956 994 
18 9 16 30 125 287 337 409 416 520 571 597 709 756 822 872 915 926 963 
20 10 30 36 55 61 94 181 195 205 263 282 297 317 518 570 599 662 713 817 819 
19 132 143 162 243 253 340 342 357 372 400 404 420 429 535 632 703 814 816 962 
19 11 161 264 287 340 352 373 380 387 647 660 684 685 752 796 866 894 952 964 
19 91 130 148 177 197 253 307 511 563 602 607 731 760 783 850 925 929 944 999 
19 121 162 306 349 417 524 543 580 605 625 629 641 645 665 702 757 814 849 860 
20 26 60 71 129 133 192 291 406 409 479 504 648 677 700 793 866 888 912 947 1000 
19 104 110 167 178 195 314 318 349 515 540 557 633 688 755 784 847 961 969 1000 
18 87 126 149 178 271 343 363 484 544 567 597 656 665 746 790 816 944 988 
20 24 64 104 134 141 186 247 284 348 449 491 526 570 603 660 674 694 721 755 925 
17 1 56 66 116 195 238 343 412 549 578 589 744 827 839 905 958 998 
18 6 90 99 117 194 195 211 295 554 561 634 646 677 803 807 840 896 913 
18 51 82 103 112 190 197 225 318 607 616 620 661 687 746 929 930 954 962 
18 49 68 70 94 283 313 330 349 354 356 415 452 460 535 538 602 623 733 
17 73 174 199 202 396 426 433 445 475 533 653 677 705 726 864 916 993 
19 23 35 44 138 177 198 211 237 254 276 319 388 415 426 512 556 832 874 910 
20 46 65 83 102 116 128 253 292 322 446 466 482 549 598 599 670 712 820 827 870 
18 72 82 116 204 205 309 397 405 409 452 642 698 699 716 888 902 969 972 
20 14 220 235 243 260 337 433 515 550 551 796 808 836 867 915 929 930 974 977 990 
20 62 160 206 221 245 264 294 412 415 442 481 499 501 636 702 715 794 810 822 941 
19 1 96 109 223 292 299 309 322 339 499 515 534 604 625 651 791 931 996 998 
18 23 213 339 402 422 470 525 603 705 798 807 816 841 843 851 875 958 987 
19 4 42 158 185 271 326 348 387 490 618 636 691 740 774 829 888 907 908 987 
18 27 64 65 118 182 218 239 248 324 507 616 637 696 794 833 870 876 884 
18 3 54 101 140 203 225 278 401 447 452 538 582 586 752 872 875 956 965 
19 147 154 198 264 298 373 398 475 579 667 793 839 847 848 858 877 911 966 968 
19 26 123 232 239 293 330 408 460 461 484 516 611 628 636 671 755 777 811 856 
18 4 58 79 166 226 318 353 377 395 457 471 682 799 818 843 905 955 976 
19 30 80 128 140 161 203 375 406 452 513 553 585 633 685 789 816 883 966 986 
19 43 80 124 133 200 291 321 344 364 494 572 574 609 673 675 723 751 899 991 
19 74 80 117 139 247 267 372 443 485 593 690 745 747 808 811 815 855 875 982 
20 5 14 56 72 86 117 231 233 258 279 369 549 626 679 810 837 849 853 878 892 
17 20 26 117 132 187 225 272 299 381 587 640 641 725 792 802 896 924 
20 26 55 56 60 127 143 164 192 211 224 252 425 459 479 563 636 699 963 989 993 
19 33 95 148 163 171 200 229 301 314 340 412 532 536 562 574 604 640 816 843 
20 50 142 148 149 249 261 262 308 349 404 457 510 584 673 795 803 864 955 962 968 
20 2 181 303 373 375 396 487 601 642 689 757 794 829 847 892 894 910 946 958 959 
20 18 147 179 221 230 335 343 359 457 520 541 543 738 798 836 848 881 885 964 993 
19 35 94 213 215 324 360 370 478 518 588 652 684 688 700 818 826 860 873 975 
19 42 125 128 150 165 189 198 243 279 335 345 475 493 572 595 608 928 940 965 
18 25 282 314 378 397 409 429 442 451 494 516 638 757 790 820 826 883 942 
18 8 21 41 176 184 305 309 346 437 487 551 672 760 783 825 841 874 948 
20 163 209 261 273 290 326 347 387 476 592 610 649 692 765 809 855 907 914 969 987 
19 14 47 282 283 307 308 346 438 463 562 567 628 642 673 692 787 889 900 957 
20 161 165 281 323 474 508 529 563 577 592 595 618 666 685 748 792 902 938 946 950 
18 58 60 165 184 186 245 304 310 401 448 466 508 524 694 704 834 879 992 
18 9 102 136 152 182 251 297 336 343 362 376 403 588 614 628 647 677 844 
19 1 92 112 184 205 213 256 270 332 333 348 440 531 579 732 759 773 879 989 
18 3 7 62 122 169 192 239 301 413 422 431 470 611 618 665 673 740 872 
17 53 172 243 290 304 352 359 470 492 516 536 541 555 641 835 847 897 
18 158 198 227 303 304 311 324 439 585 649 659 704 707 745 785 792 818 962 
20 107 123 138 172 175 253 311 418 551 627 694 739 769 834 840 843 862 901 960 969 
18 17 75 102 171 303 534 549 664 665 673 744 790 820 868 878 893 919 955 
19 18 32 58 95 98 220 266 412 416 422 514 542 548 572 594 710 752 780 879 
18 11 137 151 164 204 205 225 252 349 430 466 575 597 612 721 800 907 920 
19 18 114 123 131 140 269 292 303 329 394 401 419 445 536 596 651 742 790 793 
18 76 105 355 422 455 474 503 537 579 607 643 710 747 902 955 960 967 972 
17 107 172 186 192 213 291 432 463 565 653 731 746 757 888 912 924 950 
20 30 68 179 195 291 327 336 393 404 429 478 511 611 784 800 834 897 906 922 936 
18 9 126 227 249 295 354 446 479 545 553 580 661 774 785 807 897 945 956 
19 18 54 89 178 194 214 231 331 383 488 495 505 530 546 622 748 793 867 967 
18 91 141 249 306 316 328 341 406 451 509 545 550 654 716 743 854 857 870 
18 12 20 95 115 123 180 210 224 248 254 493 535 604 635 655 697 791 863 
19 116 205 235 304 309 372 417 526 545 568 627 655 678 711 719 826 828 932 979 
19 5 18 43 148 168 293 312 330 339 369 387 409 444 547 564 695 711 821 914 
18 37 56 231 261 333 367 368 474 477 492 529 551 611 664 773 831 866 906 
20 59 97 127 201 277 362 424 433 564 651 671 750 780 796 842 868 889 899 980 996 
19 29 40 93 117 134 192 246 325 355 436 459 532 698 727 778 814 898 904 993 
19 144 280 289 326 341 352 362 443 552 639 740 745 764 804 834 843 900 934 987 
20 11 125 181 200 216 245 295 313 334 422 457 614 712 760 766 824 833 865 916 930 
19 11 57 235 294 302 467 484 521 530 596 657 671 687 773 792 897 924 948 993 
18 44 177 201 335 451 481 486 532 580 599 631 732 757 825 832 839 876 975 
19 81 191 215 245 339 390 419 462 496 499 787 788 815 818 852 898 916 933 958 
18 36 41 132 202 269 272 289 322 399 541 594 643 675 774 805 890 933 950 
18 15 46 59 99 114 178 402 405 510 522 589 654 687 706 827 887 949 987 
20 20 71 84 199 253 290 338 367 383 430 511 644 678 690 799 824 830 870 922 958 
18 26 282 287 316 340 412 427 566 570 585 590 681 756 843 897 909 927 973 
19 62 89 121 133 138 167 193 274 309 315 318 546 560 590 628 825 844 864 968 
17 59 106 187 270 285 286 316 322 593 623 672 680 769 818 884 959 992 
20 45 111 147 185 213 230 233 257 351 565 643 650 671 718 765 831 909 931 943 975 
20 116 173 208 273 399 420 468 488 514 542 569 629 652 729 745 755 783 832 897 925 
18 41 50 64 70 156 195 221 239 381 395 415 566 595 610 655 777 863 997 
19 77 101 120 173 303 468 484 550 615 632 687 814 860 863 876 894 919 927 982 
18 57 137 144 187 213 233 249 280 335 428 561 618 627 825 832 900 924 976 
20 61 114 164 169 214 258 400 458 481 513 535 542 583 672 679 740 754 894 947 990 
18 7 33 213 252 314 414 620 678 686 785 805 831 863 917 922 968 980 998 
18 12 28 33 147 180 279 342 373 375 401 426 483 649 663 727 918 954 973 
20 60 66 176 183 196 276 294 309 323 421 437 465 492 493 641 643 733 749 758 890 
20 42 98 145 222 276 313 377 405 424 447 578 717 735 793 828 857 883 897 954 961 
19 22 57 61 99 186 200 201 345 379 466 579 639 700 709 736 752 760 801 889 
18 4 67 76 100 176 177 178 281 366 463 617 682 803 891 894 936 957 960 
18 66 109 228 235 291 307 446 498 508 571 615 625 725 749 753 852 899 917 
19 32 69 87 207 217 263 271 347 506 548 622 640 697 745 747 754 848 896 992 
18 30 85 108 185 251 316 375 424 477 482 489 495 509 770 930 952 977 989 
18 24 47 93 103 185 199 336 340 465 492 493 698 762 800 845 857 894 956 
18 214 245 281 283 364 371 445 453 465 543 622 640 673 689 801 868 955 996 
20 35 51 53 80 248 265 291 296 314 360 376 428 549 554 741 820 829 846 903 940 
18 5 159 225 227 464 493 527 570 612 738 771 795 814 817 828 848 882 903 
20 1 20 49 211 231 315 350 454 561 575 618 712 750 761 784 793 840 909 929 979 
18 34 75 76 229 251 253 300 346 437 561 639 677 686 694 722 847 957 965 
20 62 87 175 216 257 277 296 309 374 428 479 484 537 599 643 686 768 840 952 970 
18 72 159 178 192 222 287 357 391 438 683 699 782 789 824 887 926 968 988 
19 24 42 122 135 199 223 224 291 421 519 590 691 759 771 828 836 909 930 974 
19 23 30 50 58 134 144 155 162 228 262 369 426 497 626 719 749 802 829 877 
18 82 90 141 200 270 345 417 438 515 516 644 679 681 689 848 857 904 945 
19 71 98 102 113 182 276 347 413 628 692 737 798 808 851 866 876 906 925 940 
19 33 146 167 251 318 387 438 452 465 501 586 596 715 742 789 807 820 842 940 
18 27 45 125 130 231 298 380 589 590 608 671 676 781 840 876 878 916 947 
18 9 51 60 95 146 231 248 293 345 481 560 690 707 763 867 911 935 988 
18 43 60 118 189 224 258 279 318 365 399 439 605 774 789 792 853 914 975 
18 63 129 193 208 224 287 389 393 416 488 618 685 686 718 732 750 835 838 
18 47 73 114 127 140 142 165 208 310 313 320 384 425 593 604 679 708 997 
19 68 219 257 281 286 375 398 400 514 540 547 612 629 658 665 683 725 844 930 
19 76 112 228 230 329 416 518 633 673 722 730 746 784 816 845 865 923 928 974 
20 37 75 134 266 276 317 393 451 477 485 548 555 564 649 771 829 876 885 890 980 
20 84 112 196 228 237 266 315 482 557 603 622 680 746 759 793 806 899 947 985 994 
20 54 97 145 166 229 263 279 301 305 324 435 467 538 554 564 606 617 779 950 993 
19 114 123 144 285 291 319 334 341 475 513 534 605 633 790 793 821 926 956 990 
18 69 115 127 189 254 266 272 340 393 552 565 643 747 798 818 835 866 981 
19 57 253 254 308 370 397 455 469 518 616 660 665 738 846 883 892 930 951 972 
18 75 103 147 174 219 242 245 264 276 332 354 365 412 541 574 606 643 931 
19 36 41 108 142 184 215 230 253 322 359 378 453 560 593 695 765 776 819 987 
18 58 176 185 263 285 393 519 520 530 687 704 706 709 727 730 864 929 983 
18 21 66 80 102 147 258 374 401 520 521 618 642 674 699 837 929 946 976 
18 83 100 163 164 321 348 412 424 453 467 489 561 622 674 713 774 812 857 
20 26 80 134 144 161 202 226 248 286 361 464 505 610 644 669 717 725 796 841 869 
20 107 111 126 163 222 226 238 270 303 339 363 437 543 589 599 673 736 755 919 961 
18 11 156 167 173 459 476 479 514 516 546 548 554 566 676 695 722 843 991 
17 36 45 173 181 190 214 290 294 357 433 514 527 741 752 857 863 873 
20 35 111 162 166 168 340 426 431 444 456 474 617 766 785 804 838 879 905 928 945 
17 5 75 117 170 323 435 464 471 505 543 570 616 629 678 812 855 946 
18 18 61 117 211 264 270 276 279 295 302 351 430 497 577 704 897 943 966 
19 39 138 140 148 177 192 283 319 362 383 417 478 527 602 646 670 691 730 739 
17 50 72 76 286 304 329 399 418 525 545 552 661 743 768 830 835 898 
18 114 130 213 306 343 346 352 394 398 490 544 583 779 802 852 884 919 973 
18 15 79 91 182 204 258 265 266 343 353 529 581 624 631 736 780 857 920 
18 1 80 166 185 210 232 350 463 497 523 558 659 709 831 841 916 928 929 
19 57 84 116 154 157 180 278 302 425 587 655 690 728 740 788 827 927 948 957 
18 1 48 152 236 271 415 534 569 591 638 640 697 701 794 819 878 933 934 
18 30 39 52 101 116 206 244 259 281 375 470 502 582 768 843 938 939 990 
19 61 104 124 129 130 309 321 341 427 459 498 544 572 605 606 667 754 773 1000 
19 51 106 128 154 167 195 221 248 347 428 452 460 469 476 508 696 781 900 981 
20 39 70 144 156 219 273 353 377 386 471 573 625 633 716 734 772 787 812 827 991 
18 27 111 158 275 291 323 324 375 574 613 650 654 681 693 744 837 939 941 
18 4 21 26 29 37 44 45 199 252 359 513 525 763 778 816 830 865 949 
19 190 232 245 511 513 540 579 658 767 795 827 828 837 845 847 934 964 970 978 
18 23 28 42 66 321 354 368 412 414 468 486 603 611 815 833 835 860 943 
19 5 94 105 111 125 143 155 181 187 204 306 442 532 576 657 731 892 913 953 
18 11 63 167 192 214 222 264 415 461 470 526 597 681 711 727 793 854 903 
18 81 148 173 187 229 289 307 424 428 456 616 625 691 719 816 820 856 963 
19 48 157 160 275 279 300 358 429 444 472 515 527 573 593 640 641 906 923 931 
18 18 31 225 229 259 538 543 594 600 610 686 725 794 807 821 900 944 976 
20 102 171 179 218 242 250 268 336 357 431 456 480 573 575 673 752 794 800 924 999 
18 118 170 220 224 248 259 266 307 315 477 628 707 781 798 811 862 989 993 
20 48 53 284 285 286 330 344 510 578 640 669 690 691 811 818 870 888 903 949 977 
18 39 174 182 198 211 300 378 526 533 641 666 777 808 826 912 949 973 993 
19 109 134 145 163 266 306 325 346 347 381 469 495 556 570 580 651 695 704 878 
20 45 158 228 362 413 458 463 501 548 565 672 682 705 760 765 775 798 865 903 995 
19 65 82 93 200 331 333 351 386 400 440 465 499 617 685 697 747 918 928 929 
19 126 132 164 168 181 183 257 289 318 356 380 381 473 600 652 692 822 944 949 
20 94 98 192 200 256 284 289 331 353 377 429 590 687 736 811 854 855 914 916 975 
20 58 60 74 136 166 225 276 283 314 357 384 409 439 465 539 551 577 751 868 960 
18 78 153 215 278 298 307 392 394 428 498 538 598 669 774 903 937 940 998 
20 17 165 173 192 357 433 486 514 580 587 629 677 689 803 812 840 881 886 907 955 
20 13 58 86 272 277 315 340 404 441 468 538 614 623 624 662 701 716 731 840 898 
18 65 128 146 171 268 284 295 408 438 439 460 463 489 578 624 667 888 998 
20 41 45 58 108 197 199 216 222 299 306 343 385 406 470 497 582 620 679 691 970 
19 5 26 120 128 287 311 386 402 510 539 642 653 675 708 727 738 769 814 945 
20 74 89 173 204 224 261 266 386 530 551 646 672 715 729 769 807 809 871 872 964 
18 28 67 107 257 280 286 293 359 512 563 575 586 706 708 808 821 883 995 
19 3 64 74 113 141 184 257 340 343 350 370 661 669 697 698 736 753 893 968 
18 1 42 45 124 214 234 350 378 481 486 487 563 706 735 800 866 984 990 
19 63 120 181 192 232 266 280 375 430 435 574 744 754 783 791 792 802 863 873 
18 55 202 281 330 401 443 543 607 654 667 681 698 700 701 771 787 863 911 
17 32 117 227 245 262 326 388 399 425 527 559 725 785 819 843 921 994 
20 55 67 91 118 212 274 317 337 353 433 523 602 625 635 708 848 873 885 902 965 
17 39 86 120 273 274 309 317 372 400 427 485 607 652 722 752 897 989 
20 52 149 163 182 197 387 388 488 502 504 542 566 597 649 745 747 772 900 911 915 
18 54 148 172 236 240 323 409 536 596 639 640 675 678 679 787 849 957 988 
20 23 31 41 149 201 219 228 296 316 379 419 532 633 683 762 780 787 816 918 926 
18 14 77 242 263 337 353 439 445 518 545 567 586 622 806 813 822 944 966 
18 89 115 225 281 286 390 420 435 502 561 643 700 767 839 873 884 951 989 
20 2 81 114 131 150 178 232 246 351 393 594 696 712 731 809 814 883 889 927 941 
20 64 92 108 109 128 133 178 187 246 254 360 361 528 575 706 784 856 907 959 972 
17 146 221 346 710 766 783 808 816 824 854 887 902 919 927 973 986 996 
18 5 25 207 218 304 329 391 440 481 544 583 634 654 679 824 831 837 994 
19 25 42 144 200 233 284 305 344 388 494 516 526 558 576 625 836 845 879 935 
19 7 12 40 135 198 260 279 280 348 366 437 481 534 549 572 870 911 947 962 
18 5 60 62 223 268 284 337 448 595 645 662 667 677 703 852 907 929 944 
20 20 124 188 212 241 382 399 402 488 547 592 598 633 649 681 699 711 723 754 937 
20 90 97 126 148 187 243 247 273 300 389 408 507 539 553 584 621 659 774 790 976 
19 66 69 78 172 176 194 199 413 492 536 558 601 620 682 692 702 865 917 986 
19 18 30 39 47 122 149 235 244 310 552 663 730 894 899 904 924 952 977 986 
19 46 213 377 418 485 513 527 591 696 714 733 736 759 764 780 797 829 872 898 
19 24 36 112 142 149 242 244 302 303 325 340 452 508 511 813 815 824 825 936 
19 23 55 158 160 170 186 189 334 349 443 459 472 632 677 757 791 793 808 911 
18 22 70 81 118 136 339 435 451 470 548 624 649 800 824 849 929 959 984 
20 7 179 184 207 286 347 426 469 540 547 552 559 632 699 711 868 907 913 922 988 
18 32 38 137 222 269 277 395 416 421 577 665 699 737 738 749 819 859 926 
18 122 140 241 278 369 371 385 397 414 505 568 614 676 723 759 771 854 869 
20 54 80 190 247 251 271 307 310 334 361 378 594 622 678 701 712 755 774 957 983 
18 32 48 86 95 190 285 295 296 424 596 629 688 777 781 784 854 965 990 
20 52 57 62 139 155 161 177 273 278 412 424 445 560 621 698 788 850 925 933 943 
20 12 48 193 243 310 319 339 364 452 469 523 569 648 677 727 809 900 931 983 984 
19 141 297 377 385 436 446 455 508 537 545 553 580 603 656 669 862 899 926 996 
20 196 236 241 304 308 449 519 522 533 598 686 704 733 771 798 876 879 924 964 994 
20 37 75 131 134 277 294 347 386 405 415 630 654 707 718 879 894 940 960 994 999 
18 27 41 59 170 220 316 455 467 509 588 613 636 685 732 839 877 966 970 
19 29 219 240 280 293 302 315 345 381 444 465 475 615 664 678 778 827 845 956 
19 51 136 157 235 282 332 406 426 457 520 577 652 675 694 705 833 860 899 928 
20 17 71 93 108 124 196 207 220 238 392 459 492 615 660 664 684 727 921 954 956 
18 65 116 192 193 344 454 471 479 589 591 623 706 727 774 790 856 857 970 
19 25 188 239 292 325 348 380 405 439 501 546 555 584 620 634 664 771 943 969 
19 48 116 141 151 240 267 276 340 350 354 365 478 522 828 833 855 874 878 940 
18 8 38 121 179 181 278 354 450 635 639 683 693 729 810 841 872 887 943 
20 133 145 174 210 262 298 324 452 453 456 551 561 568 590 591 757 868 920 930 936 
19 6 137 181 230 270 350 394 417 509 552 719 740 835 913 916 921 932 935 983 
20 7 65 75 88 144 149 163 189 293 368 409 418 506 534 558 765 794 838 860 895 
20 101 107 122 132 242 285 412 460 527 562 572 626 628 695 712 782 792 847 868 955 
18 53 318 323 367 394 403 432 491 551 677 690 721 755 805 901 951 972 993 
19 63 186 200 281 344 413 424 428 450 501 532 573 668 670 689 702 857 915 977 
20 45 64 72 137 139 181 231 285 336 387 430 534 566 615 691 731 749 830 918 950 
18 73 76 96 140 160 236 360 484 536 548 576 580 653 681 702 748 829 930 
18 59 104 120 168 208 216 255 268 301 308 324 338 391 449 519 606 924 978 
20 50 81 127 147 165 195 246 260 372 421 482 490 548 561 590 620 640 712 770 842 
18 1 16 79 113 226 277 347 450 467 571 618 622 625 654 729 898 913 987 
18 54 97 156 251 310 349 454 465 483 484 561 622 715 746 768 776 823 974 
20 15 52 155 171 197 346 443 488 598 648 649 792 814 857 905 914 927 930 953 966 
20 104 287 289 291 299 306 329 431 439 493 525 557 640 811 824 846 906 923 954 1000 
19 294 372 377 396 413 421 594 640 698 795 810 812 859 861 862 883 895 923 962 
18 107 241 242 281 351 355 448 524 532 573 609 624 716 786 800 867 940 969 
18 107 118 212 215 243 244 341 360 417 425 452 475 552 648 880 913 950 962 
20 18 22 57 58 71 94 166 205 215 260 287 377 408 450 476 540 615 757 794 962 
19 19 58 90 91 165 195 198 215 223 253 302 359 529 538 786 815 840 945 985 
18 140 216 245 267 329 358 368 433 452 555 576 648 669 697 818 875 889 902 
17 31 123 131 137 142 154 206 454 496 582 595 654 700 724 917 918 940 
18 21 97 105 200 254 281 310 341 344 368 644 746 773 801 848 907 931 964 
18 5 35 108 175 177 216 244 287 293 353 495 513 672 714 785 821 825 970 
18 7 189 245 262 335 340 376 383 584 693 814 870 882 912 930 939 944 975 
19 76 121 124 134 268 429 445 547 640 653 674 682 727 731 763 788 806 902 958 
20 91 159 184 203 217 237 284 345 370 555 610 651 667 674 710 739 863 887 934 982 
18 39 108 122 142 240 337 399 412 496 505 562 567 598 624 636 857 877 989 
19 39 121 149 153 216 347 396 418 437 461 564 605 657 680 715 782 827 922 936 
19 37 65 82 96 179 231 237 460 540 549 590 656 699 754 829 899 944 982 986 
19 3 34 37 40 49 234 268 361 430 450 459 488 659 767 770 780 833 859 973 
20 20 38 71 100 147 269 306 314 364 441 469 478 638 669 702 709 743 759 814 975 
18 66 87 208 280 376 479 529 595 615 630 636 722 768 774 861 866 909 981 
19 52 112 200 343 355 493 537 550 621 624 643 695 726 772 806 898 963 973 980 
20 17 31 147 170 199 212 282 312 320 383 404 449 477 537 547 613 629 637 706 861 
19 37 136 273 274 297 302 306 330 345 351 424 433 497 516 535 568 584 641 928 
19 87 113 210 320 370 400 404 453 494 507 536 562 590 676 691 735 794 796 854 
19 64 85 94 101 106 123 138 218 277 349 497 600 627 635 730 740 752 785 861 
20 39 267 361 364 382 394 400 423 637 654 689 740 746 796 799 825 830 907 912 932 
20 6 8 78 97 135 138 170 220 292 331 350 361 403 413 442 450 451 599 653 796 
19 30 50 150 211 238 292 366 442 476 486 522 528 554 650 737 890 953 976 995 
19 5 61 95 110 218 281 309 348 445 526 680 758 773 805 846 868 931 956 987 
19 22 90 119 145 194 292 295 364 398 416 539 680 683 705 895 909 934 949 983 
19 49 53 92 242 342 350 352 403 481 500 543 592 628 643 662 733 769 795 924 
20 7 44 55 152 168 235 279 315 365 439 449 481 484 509 532 659 700 845 960 973 
18 18 27 34 50 146 239 267 297 305 324 471 513 549 797 813 912 931 946 
18 77 104 150 178 221 285 302 313 345 376 596 611 631 693 743 963 970 973 
19 34 41 138 182 241 348 360 395 413 626 650 671 722 757 765 783 880 883 885 
18 36 41 42 132 171 210 222 374 416 461 508 525 543 712 842 952 977 981 
17 7 146 353 382 431 481 515 618 743 791 803 810 830 851 899 930 960 
20 23 40 64 124 171 210 302 318 407 434 483 500 526 687 716 726 748 797 811 989 
18 19 77 96 224 357 376 414 456 471 569 593 726 755 783 833 883 986 991 
17 12 52 138 189 206 311 407 506 587 629 633 635 645 646 675 929 987 
18 6 80 217 257 322 328 333 377 420 485 538 704 721 783 821 823 835 850 
20 23 141 155 180 219 225 304 421 453 525 533 565 573 608 647 653 766 816 835 851 
19 9 16 29 87 185 213 228 287 320 331 518 699 706 718 742 897 920 931 938 
19 45 344 378 418 469 502 517 518 560 584 677 747 768 791 819 835 888 927 929 
19 39 45 58 167 223 364 415 483 505 621 640 646 676 692 706 781 798 806 811 
20 16 21 43 72 84 88 109 147 170 274 321 337 400 477 551 611 712 785 798 939 
19 28 128 140 149 200 206 237 263 282 308 348 473 599 677 842 877 892 960 962 
17 3 166 223 226 280 286 319 321 378 440 643 668 677 819 869 916 948 
19 12 19 24 26 125 147 248 275 295 357 391 607 624 801 861 929 931 977 993 
18 95 188 276 311 398 442 487 595 623 630 639 670 705 730 782 831 882 934 
18 3 49 73 132 286 301 534 558 588 589 617 647 659 686 715 798 839 995 
20 23 26 291 402 434 437 467 510 557 590 619 647 719 734 823 841 873 900 966 978 
18 156 162 195 381 404 444 540 551 587 644 746 790 813 855 865 883 984 998 
18 78 143 204 311 362 395 465 567 582 607 612 634 673 750 776 918 961 975 
18 14 20 117 198 202 451 606 610 640 748 760 765 793 807 939 949 952 955 
18 368 400 401 411 436 437 478 563 570 580 585 590 689 729 773 785 973 993 
19 156 187 269 272 369 394 395 431 513 520 553 642 682 844 871 886 953 979 989 
19 60 100 165 168 191 236 252 296 372 497 536 601 722 735 778 832 858 954 994 
19 27 69 90 93 151 183 225 256 493 517 552 665 678 710 741 787 810 875 926 
20 48 112 128 212 214 241 310 314 331 367 450 551 653 698 705 751 761 902 912 944 
20 15 120 139 243 258 271 305 359 448 595 675 690 735 738 740 823 827 899 954 993 
20 26 54 62 174 209 316 424 463 477 570 668 701 797 875 906 951 969 972 990 999 
20 47 48 87 145 150 418 458 462 525 580 598 718 812 865 885 898 904 920 955 992 
18 10 31 104 222 350 400 404 439 493 523 570 622 633 673 757 793 826 878 
18 38 72 78 105 156 170 200 331 380 398 589 607 684 755 758 924 958 982 
20 155 199 256 274 324 337 394 406 520 578 598 619 680 687 743 788 888 900 935 961 
18 16 20 51 144 184 262 277 280 342 372 436 468 595 733 761 840 858 915 
19 41 112 151 197 215 245 359 444 478 551 561 676 678 737 844 858 985 986 987 
20 61 156 167 193 273 332 428 436 445 522 568 576 599 747 771 783 904 910 928 965 
19 57 166 172 207 368 478 488 500 518 550 571 578 607 639 646 776 825 842 996 
20 22 53 198 271 283 302 412 419 473 520 525 690 723 738 754 762 767 774 856 920 
20 31 94 95 113 214 283 334 364 381 412 519 567 589 639 676 723 880 886 948 966 
19 52 115 191 196 214 239 325 388 497 524 552 698 710 721 743 799 863 937 961 
18 8 32 40 271 395 496 520 529 573 624 708 715 730 780 829 939 955 965 
20 26 59 223 239 338 471 533 575 601 644 651 654 698 719 753 788 812 818 990 998 
19 44 52 70 78 90 94 102 137 218 263 294 462 539 620 624 638 680 892 985 
17 50 52 124 171 208 248 444 452 485 632 679 706 754 784 793 902 940 
17 87 244 256 282 297 321 403 428 481 605 618 619 644 684 739 791 899 
19 47 70 76 83 126 143 231 236 269 400 417 512 590 600 678 704 725 904 948 
19 2 47 118 145 219 226 248 291 483 496 530 620 626 652 792 902 915 947 953 
18 2 117 133 177 203 266 274 359 454 520 568 569 633 659 765 808 863 874 
18 134 140 155 314 323 334 371 453 553 593 617 699 807 826 867 872 948 968 
19 5 25 55 191 218 230 426 465 500 516 543 620 666 693 719 736 835 893 962 
20 51 53 148 243 247 261 269 349 375 447 463 610 660 722 753 765 787 795 946 976 
20 14 81 83 227 277 383 523 611 653 677 678 696 712 736 738 751 758 769 818 914 
18 255 277 350 362 454 527 534 561 599 638 652 745 749 777 787 887 957 968 
18 98 134 150 182 225 243 322 487 589 619 644 650 756 767 768 812 870 932 
18 17 18 45 95 131 254 291 344 356 441 451 533 580 595 642 793 828 919 
19 52 116 154 205 276 283 311 335 371 393 552 568 607 660 680 755 871 907 984 
19 103 113 159 197 203 211 288 395 400 480 497 537 559 610 768 810 869 885 926 
19 10 53 102 121 128 131 173 287 332 336 352 496 541 684 706 774 797 880 951 
20 281 310 346 348 352 421 447 481 510 535 547 574 593 614 623 642 806 848 923 953 
19 101 122 126 131 165 208 287 422 436 504 532 714 777 849 956 959 976 988 990 
18 9 62 146 263 277 418 469 478 544 555 571 581 635 731 739 741 788 944 
19 10 14 53 93 143 259 266 315 358 406 416 465 543 567 696 707 832 899 969 
17 51 154 239 285 289 290 312 328 356 432 473 486 535 671 727 913 965 
20 2 51 76 79 89 124 130 246 252 265 299 369 384 458 512 573 694 769 809 871 
18 17 23 287 368 416 466 531 644 684 691 744 809 844 869 904 932 951 983 
20 8 175 198 285 354 388 435 444 528 560 617 703 716 835 851 864 891 897 976 979 
19 24 115 194 210 240 275 300 477 518 556 575 634 714 785 810 823 853 894 901 
20 20 68 205 245 296 312 366 405 439 454 495 573 604 668 698 753 802 829 861 873 
20 24 69 80 101 149 167 188 196 217 247 316 355 368 417 506 677 763 765 803 871 
20 55 87 89 120 162 229 235 269 305 474 495 595 635 703 721 783 793 843 929 985 
20 76 139 171 249 256 266 307 361 367 423 467 500 518 536 548 570 575 591 682 934 
20 28 106 132 189 197 226 235 387 388 396 449 572 597 761 844 848 857 907 914 985 
20 1 31 49 90 138 172 173 262 389 391 423 580 637 638 715 724 792 800 893 914 
20 52 90 167 256 343 358 370 383 413 481 513 520 584 625 665 695 747 791 964 970 
20 122 190 254 308 408 458 572 576 579 581 608 638 649 671 689 711 845 854 924 996 
18 27 87 148 265 292 362 447 461 523 573 583 657 680 735 777 789 819 950 
18 4 74 140 141 147 191 211 247 385 451 477 677 723 740 743 777 915 995 
18 25 104 212 326 332 334 335 353 488 508 600 627 672 688 689 718 940 945 
19 65 69 117 154 177 208 211 219 410 443 517 534 579 644 716 823 838 907 996 
19 1 14 40 113 119 139 193 218 262 354 453 507 529 621 653 669 672 915 993 
19 28 166 258 295 300 362 453 493 507 534 550 638 646 700 793 868 911 967 986 
19 24 67 203 269 273 403 427 488 517 573 612 661 665 669 670 696 842 900 934 
18 18 20 31 36 124 162 257 269 444 455 469 500 568 713 758 767 917 952 
19 125 131 151 170 318 319 348 382 393 425 456 586 667 708 777 784 874 921 925 
18 59 77 189 227 261 295 451 592 658 660 678 694 727 752 753 813 814 968 
19 8 35 128 212 262 304 470 504 543 615 634 654 685 701 742 850 869 894 969 
19 37 148 197 206 245 248 283 289 384 472 533 553 588 624 668 770 799 842 850 
18 14 22 59 144 162 205 217 331 370 419 507 534 693 718 732 749 842 904 
20 3 84 133 157 259 334 371 408 415 581 650 660 685 696 714 724 820 887 916 950 
20 44 118 144 148 179 182 215 287 432 459 460 524 601 626 636 848 866 944 945 948 
19 46 65 98 106 137 142 213 218 245 310 368 444 515 614 678 724 796 822 940 
18 9 18 69 81 125 201 281 341 353 362 395 464 542 566 663 694 765 878 
20 100 139 257 305 338 368 438 449 458 472 623 640 666 677 732 822 840 843 855 910 
19 7 55 60 273 281 412 418 483 601 618 656 661 725 780 796 848 881 888 975 
18 7 16 53 89 98 196 345 380 542 569 698 750 846 884 887 979 984 997 
19 1 65 93 142 209 279 447 503 508 517 521 578 614 652 703 847 959 961 983 
19 7 32 249 275 354 358 458 485 567 586 621 772 777 779 813 861 902 921 950 
18 77 83 101 199 228 234 364 366 451 495 513 613 684 697 754 760 921 943 
18 151 217 244 313 324 332 342 355 383 439 681 684 709 718 728 765 842 882 
18 89 115 131 178 322 390 442 453 480 491 502 514 614 715 771 772 803 913 
19 6 13 26 56 94 101 292 301 336 354 363 432 452 502 597 729 799 805 812 
18 31 72 81 254 334 339 422 469 471 507 519 577 628 745 754 783 968 987 
17 38 53 63 141 194 224 242 257 334 487 510 573 693 809 810 851 926 
18 7 20 90 162 166 229 315 381 396 419 536 587 649 675 716 746 838 968 
20 65 121 128 159 167 246 366 411 420 468 587 601 624 645 672 676 693 785 830 995 
17 1 89 151 161 226 271 329 421 523 541 542 682 705 711 792 816 886 
18 136 154 177 200 242 304 355 376 400 401 445 517 527 532 668 778 831 965 
19 40 44 87 187 190 235 420 425 427 536 581 615 796 832 858 939 944 948 980 
18 37 85 160 168 187 192 261 354 375 379 387 416 547 635 715 753 876 946 
18 106 130 166 350 363 369 417 451 503 664 675 692 722 793 807 837 954 1000 
18 123 136 192 224 268 287 290 397 432 569 589 593 619 673 784 795 833 983 
18 46 66 73 202 254 268 310 337 352 355 382 426 444 454 508 543 650 821 
19 7 144 145 166 225 332 360 528 562 581 601 629 635 787 874 924 925 945 972 
18 10 137 185 200 254 267 298 359 459 467 483 681 728 799 945 962 983 989 
18 7 32 37 81 119 146 180 233 270 302 325 449 565 587 631 676 833 926 
20 8 159 170 213 256 276 281 365 480 542 621 659 784 806 810 821 854 889 895 938 
20 48 53 74 76 176 183 198 240 388 444 450 474 544 620 716 741 784 833 962 968 
20 1 92 124 147 159 246 255 277 294 316 435 626 667 709 836 837 900 934 974 984 
18 209 234 235 273 348 473 520 543 573 580 684 692 754 797 806 913 932 982 
18 5 7 19 72 232 324 365 453 465 651 657 668 697 748 761 890 984 994 
19 3 36 97 108 204 256 270 299 310 341 437 502 582 712 839 911 924 948 976 
20 3 142 164 228 254 280 297 334 417 447 517 527 541 562 623 686 765 803 847 952 
17 67 74 117 226 298 357 386 489 540 590 770 774 777 870 874 896 974 
18 87 108 131 141 142 182 205 239 308 331 559 574 686 756 796 800 948 999 
19 45 61 71 184 232 267 293 339 344 412 448 497 562 649 711 803 871 967 991 
18 2 3 339 350 426 497 514 596 602 626 628 687 729 804 836 843 922 927 
20 112 226 333 365 379 395 440 446 501 513 525 545 623 672 731 756 845 851 872 883 
18 3 151 285 311 324 345 406 438 622 648 666 671 701 768 823 931 946 948 
19 4 36 40 43 44 258 273 313 328 465 484 578 663 688 712 715 858 960 984 
19 16 35 262 300 316 413 443 444 565 662 705 742 786 828 867 930 950 964 999 
20 45 85 107 243 344 367 432 436 458 582 605 645 667 739 772 810 818 913 953 988 
18 27 30 45 82 102 187 192 263 301 321 323 395 505 583 675 826 921 947 
20 27 97 130 156 265 268 310 530 626 633 667 674 681 697 698 798 819 835 883 901 
19 76 119 145 391 424 454 469 488 525 548 557 585 586 650 776 856 870 896 956 
18 62 132 169 226 230 248 367 386 444 480 534 578 633 645 651 665 675 823 
19 70 76 155 230 251 295 516 539 556 586 625 626 659 714 740 775 801 813 917 
19 36 69 108 131 137 228 241 261 286 308 385 405 549 575 591 738 888 919 990 
20 40 200 207 214 229 239 314 362 410 472 493 509 581 631 692 727 742 819 928 988 
18 29 240 254 307 364 438 453 469 482 499 543 737 829 871 910 922 937 967 
19 32 76 196 241 259 316 343 458 518 604 648 663 669 670 763 809 857 876 924 
19 41 46 96 138 229 257 270 307 368 464 474 543 558 729 730 815 864 889 936 
19 26 74 139 166 177 183 211 218 297 315 339 460 581 638 791 796 852 942 985 
20 13 84 85 148 184 199 339 396 671 729 734 739 742 784 870 880 949 950 990 1000 
19 15 74 109 114 138 150 165 189 364 539 632 634 703 823 836 883 908 980 991 
19 5 13 160 265 320 346 349 425 429 460 552 567 676 722 774 829 932 933 981 
18 42 105 109 255 361 390 419 449 527 551 597 624 679 683 729 812 916 938 
18 5 122 216 220 247 288 308 345 405 454 618 713 726 735 745 900 919 922 
18 75 155 259 355 410 415 428 588 686 707 716 727 782 791 868 904 943 950 
18 36 65 85 87 103 107 162 164 432 451 556 561 562 664 724 793 830 881 
18 66 72 109 136 228 231 299 350 382 436 475 598 685 712 742 849 873 884 
19 49 85 154 251 283 296 325 365 479 532 585 594 601 644 732 762 773 802 804 
19 49 112 119 127 183 194 249 425 447 453 548 586 766 794 803 857 882 929 971 
20 140 188 214 378 403 418 540 582 671 720 765 785 829 845 904 906 914 957 964 985 
18 49 68 71 79 137 330 340 420 518 546 586 648 686 728 847 859 870 996 
19 38 53 166 250 300 303 349 389 421 524 609 620 682 800 842 876 941 945 993 
18 35 84 94 108 227 251 274 294 361 423 465 468 475 518 607 637 654 799 
19 70 86 324 332 342 352 392 513 619 632 709 745 854 882 900 925 927 936 999 
20 17 37 98 306 315 344 384 439 451 494 526 595 600 630 644 678 885 921 954 995 
18 139 147 325 331 368 415 510 513 522 775 784 791 808 830 950 954 978 997 
19 43 96 366 395 398 402 424 469 540 554 631 761 775 836 854 883 906 936 980 
20 84 185 195 319 321 365 411 424 488 526 576 578 593 637 656 657 680 761 865 879 
20 21 83 102 114 236 251 339 372 425 435 475 492 531 548 666 746 777 796 873 997 
18 50 74 134 170 378 511 518 539 590 634 720 737 764 773 831 885 991 995 
19 12 50 60 119 153 163 267 309 412 440 472 521 566 574 597 672 716 719 759 
18 162 197 243 248 284 303 377 378 385 418 421 440 637 675 744 869 933 967 
20 18 178 186 248 270 300 304 341 378 384 429 480 499 553 576 775 796 843 962 995 
18 25 50 62 91 120 133 136 158 266 298 317 337 413 441 484 530 578 965 
18 39 189 209 418 428 450 455 469 487 533 678 753 793 813 869 891 905 923 
20 4 20 26 83 152 223 240 270 440 459 472 624 671 755 807 825 839 883 951 975 
18 64 103 148 175 388 450 486 507 540 582 631 663 758 771 825 898 981 983 
17 174 240 323 331 384 476 529 550 578 583 604 607 615 718 754 816 849 
20 38 74 89 94 114 199 223 255 280 474 533 605 634 707 736 777 797 799 808 896 
19 99 168 172 312 359 411 486 506 543 600 687 716 726 777 810 816 824 896 965 
19 4 156 202 213 263 281 305 310 365 382 613 637 651 666 688 704 710 863 966 
20 3 67 69 75 93 128 249 328 373 446 511 564 687 708 726 730 747 953 961 979 
19 122 126 171 185 294 333 358 424 476 511 587 596 713 741 756 855 873 969 972 
18 28 31 132 196 276 429 513 608 663 705 706 761 789 805 838 848 938 984 
20 1 78 116 119 136 360 464 512 563 579 581 586 663 731 739 819 836 880 926 973 
19 49 60 61 336 372 406 428 431 481 498 547 569 628 651 692 844 856 860 882 
19 18 69 114 145 232 242 297 302 340 362 408 451 503 670 687 736 885 924 974 
18 107 139 160 201 251 286 316 322 332 355 359 482 489 575 605 707 733 941 
19 36 113 143 179 183 250 332 374 497 524 539 574 581 612 666 684 723 827 872 
18 20 105 118 165 299 365 375 378 462 481 529 642 684 775 788 801 975 983 
19 89 154 169 177 179 230 357 372 374 427 436 509 514 586 616 631 734 794 996 
20 3 105 144 167 170 199 217 292 320 409 448 487 505 521 563 661 670 730 748 771 
18 22 69 129 139 181 217 247 301 311 314 484 691 695 821 908 913 935 971 
19 94 98 235 270 271 294 349 369 374 552 569 601 627 735 784 827 876 881 960 
19 3 83 86 176 182 221 300 367 393 474 483 641 729 733 748 771 796 908 914 
18 168 169 205 244 333 393 394 412 475 521 591 660 740 749 877 891 897 909 
19 12 142 197 323 379 395 495 500 529 553 617 694 761 775 801 845 849 874 946 
20 22 84 196 271 366 439 487 511 557 628 664 685 706 744 820 822 919 934 975 978 
19 7 10 29 62 71 72 87 115 170 192 287 302 443 695 799 903 905 941 991 
18 61 146 155 240 241 303 344 363 420 462 464 693 792 818 861 922 938 982 
20 10 113 132 148 192 200 211 221 246 306 362 436 578 605 667 708 816 936 937 938 
18 57 66 126 156 178 232 234 245 296 515 522 535 590 653 670 747 804 807 
19 8 98 141 146 181 321 350 372 401 432 514 576 583 615 618 738 813 871 991 
