1561 1342
-7721 -5285
7987 -5526
5538 6709
476 7139
-8646 5910
-6493 -8957
-3308 -7977
-8940 -7175
5303 3905
-7708 72
3822 7671
-8977 -7202
5570 9467
-2531 -4933
-6017 7667
-6723 -7935
-3124 -4591
-7558 -7906
7517 9971
-4803 -8709
-6656 3182
-5385 4889
5134 405
6663 2762
-4122 -3472
-785 -6296
7889 -3570
-7299 8221
7638 7467
-9286 -749
-6510 3356
-3524 -1156
3283 -9953
-7052 5785
-4259 2263
-7930 -6644
3995 459
-4063 1441
2045 -2015
7526 3013
4725 7552
-8015 9764
-2463 4347
-4660 1873
-3537 5345
7395 -6113
-1095 -8854
-8550 -8467
4441 -7520
3506 726
-7392 -2488
-3375 3354
-1912 -2870
667 2304
-5611 -417
3161 -2449
5447 -5782
2579 3836
-7853 -1385
-5533 -2706
-1674 -2721
6905 -7047
-4065 -835
4731 912
9668 -1376
1412 1966
9660 -3449
981 -830
-3446 1456
-2734 -6120
-1763 7547
-2011 -8982
2569 -3386
7758 7232
4738 2128
7577 5698
2216 -6442
9005 4207
7907 -6675
-2405 -5004
-3616 -7598
-793 5662
4043 -4036
-5271 -6364
-3036 3098
3144 -5975
1498 -8771
-3607 -7644
-2092 1499
7455 9819
-5012 4676
213 4538
9369 3172
6616 1867
-3450 3696
-9022 -5333
-1402 -9673
-2980 7127
5402 -7303
-2298 2458
-4484 -2455
6267 -7098
-8669 732
-2680 8028
3602 8123
4455 4434
7514 8778
8 -9547
-7290 2391
-4272 -4806
9127 -6507
5668 3666
-5835 2418
9219 -9743
-3698 9833
-9638 4562
-7959 2637
7491 6993
4232 2271
-1115 6705
-1120 6903
-8687 -2909
9944 -7237
4975 -1205
-2060 -5725
8227 4603
-8926 -2573
4249 -2281
855 -8123
-4022 4657
-1128 1266
2840 8419
-4056 -745
-1286 6776
6716 -155
-8527 2229
734 -3179
7697 5008
6287 9949
-4867 1528
-5225 3030
-4189 3878
3082 1432
-4699 -5677
-2129 5871
6431 -8965
-102 7873
-8110 8555
3948 8397
9674 -7369
-9304 -6762
-1217 2039
-2408 8088
1677 -2118
8911 2711
6781 1942
6478 -1692
-1592 -5220
-8059 -1697
8393 -2199
-2117 -6306
-4627 7046
6802 6120
-3385 5674
8808 -9498
-2341 -2537
8819 1630
7393 105
2526 -1378
-8690 6190
-427 -2343
5486 -2122
6644 -2083
4307 -8408
5731 5283
6741 7081
291 -8017
-5974 54
-1786 -6825
412 2379
-2697 -7900
6388 8421
-3467 -1255
-7692 -5164
-3036 -2080
-6586 1079
6360 4695
2190 -6768
9271 2570
7531 1441
5238 -8153
-82 5312
-6252 -4977
8089 -7141
4846 8922
-9314 -9998
8874 853
-9114 -5691
-2979 -9351
-4915 7678
-9405 9487
-3223 -6738
-5636 -4800
-3280 2326
985 -4265
-4244 605
-690 -9632
4779 224
8177 7785
-8245 -5387
6641 -6126
3694 1888
-4201 9202
3429 100
9357 -2931
8323 8437
-5626 -2316
-9054 -8683
2211 -8465
-9838 -3049
6227 -991
-4725 -6499
-3063 6878
-615 4744
-4830 6376
5048 193
2321 -8942
3947 -1207
-6666 -6257
-7776 -6083
1491 2275
9269 -7442
8537 -5878
8509 -3797
3559 -2390
3706 -4999
-2863 -4054
-3006 -3436
-9888 8521
7068 -42
-4492 -1034
8108 -9073
-3851 -228
6643 9875
-4566 9199
-4495 1630
1715 -2668
7866 -6644
-5426 5046
-9459 -3472
-8675 -4508
1521 6445
2382 -1339
-6787 -261
3098 -2639
-9206 7703
-5398 -8876
-8067 4332
-7544 -6712
-3601 8
-2366 970
4579 -4643
-7023 2826
1889 5757
5981 951
-3862 -8777
6661 5641
4939 2670
4688 -689
-4690 1108
-5990 294
-2653 -1958
8535 -9566
1787 -2215
9614 -9207
-3339 -5589
-3189 -9301
-6177 -8260
5252 8588
-2616 -9737
-219 7840
-1626 2232
-6630 -6536
-43 7059
3309 -6271
-8355 -824
2029 -7860
-8983 -2986
-738 -5505
3637 -2451
-9061 6410
-3484 -6932
-8961 -7796
-3159 -9687
-2604 -2863
6661 6870
-397 2363
-3445 5512
-3532 -6462
6731 -4643
-2380 -6762
-1013 -9730
6901 954
3311 -9086
-227 -3971
7421 -1652
6459 -3680
3886 -9097
7423 -8005
1733 -9137
1899 -8782
5003 -4260
-127 -3870
-1352 -1561
4866 -990
2377 4626
-5286 -2705
8285 9996
-1608 5771
4486 8790
-960 5508
4337 -7466
4877 3277
3878 8526
-2973 -9470
-1180 -8630
1303 9107
104 6677
-5546 -4539
-1915 -6765
-6794 -7275
-329 -4226
75 -2935
1218 -8158
3788 6764
-5975 3368
-2205 -6728
-6352 -5401
5515 -7389
-6694 4269
-1513 -4616
7501 -8807
-7937 1931
-5356 6186
-8389 -4487
1147 6831
-9571 551
21 -1119
1780 -1862
-6833 -3612
1885 -1549
-8283 4967
-7485 8904
1640 1121
1400 -5271
9789 -275
-3451 -2560
-4832 -6239
-5847 -3544
5279 -6904
1813 -3084
-1175 9296
-4021 -2191
6446 -1407
2102 -5909
-9658 -4960
667 4957
417 6860
335 -431
-8485 5354
-7747 -9575
3511 7607
-9477 -2979
2583 -6581
7503 4476
7227 7940
5876 1831
-437 -4261
3233 422
2526 3111
397 -6142
8591 6874
9259 -7244
-6475 359
-4272 3507
5991 -915
3819 -4259
-3250 -1716
2403 1840
-9188 5908
-3050 8258
8019 7433
744 -1277
-6333 6919
5781 9082
1573 -4982
4239 8214
2468 -3524
5645 -8236
-6234 -6810
-7751 9364
1300 8720
6621 4003
9173 5535
799 -3824
5763 -950
2723 -4777
-523 -2704
-6692 5064
5275 2714
-222 -6303
2940 8118
-1603 620
-6431 687
3505 -8220
7093 -5656
-4905 -7667
9852 -8797
1672 9545
-6107 -7209
6661 -5434
-7934 -6886
5431 -652
-1708 5953
-74 -3851
-6721 -6131
-4571 -8040
-9181 -5285
379 -8595
1307 -276
-8115 1066
1885 379
-6510 -91
3586 -5718
4411 -8975
-674 -5400
-9134 -4320
9340 -6708
-6491 3266
-595 3169
-4191 8680
4393 -5196
5338 -5218
257 8447
-7308 -3231
-7873 5198
-9609 1455
7930 -7652
2639 -5780
3971 7641
-1554 9335
3445 362
6775 1297
7836 7202
6034 -7771
457 -6585
-7481 2122
9717 -3492
-8221 3984
-4315 -825
-5066 9185
8632 -675
-3054 -809
2122 -2845
8035 -2047
-5058 -7009
-6982 419
-6644 -9142
9119 -5944
-9776 -7504
-5040 2104
2532 9818
3423 1914
608 -793
8925 -8927
-3303 -549
-2788 -2353
6355 9678
-4119 718
8954 201
-9236 -118
-6131 6489
788 2221
7771 -3494
-3743 1926
9486 8329
-1218 9590
3221 -3989
-7587 2025
7599 -6155
787 -7732
-1197 -3289
-7985 -1985
-5943 7887
2335 -3147
-7808 8815
7351 9457
5263 -4993
-7854 -9152
-4501 -5517
-3451 72
9931 2254
8819 5026
762 2682
-4784 9445
3245 9901
-3809 2379
-9518 6984
-4850 -9510
946 -3945
1341 -5447
8255 6418
-9279 -123
-2727 -6844
-9008 -4712
-9142 6925
-7378 1883
-6083 -7119
7581 5021
-9639 -3006
7322 8987
-7960 -9632
6746 983
-7774 -6482
-4756 3617
8796 8925
5929 -9556
-6302 -4491
4612 -6263
-7337 8148
-8286 -4203
5202 -9758
8830 -4770
3534 9523
3994 -6200
9709 -3084
-412 -7514
-9686 -4032
1734 7733
1481 -9730
-3548 3821
-7794 -6812
-1198 -1304
4779 -3779
-113 9559
1705 -3543
-3356 -5463
5582 -8701
-1385 -6432
264 -5327
-8488 1027
851 -17
-3885 -4395
7315 4585
-9054 3887
4817 4240
2678 101
7156 -6231
9891 -3300
6922 -3831
9853 -1318
1804 4501
-8539 -5595
6727 -602
2264 6773
-8460 -8686
6060 -1731
-9165 -3253
-2912 -9431
5368 -7236
5851 -5715
-8386 -8342
4751 -8480
1857 -1383
4343 7500
1751 -6797
3666 695
-9168 -359
3046 -1238
5138 5233
-956 9047
-4298 -9136
-827 -1410
8323 919
128 -4230
-8627 2370
-5699 4298
256 2849
6445 -6097
7573 -5060
3359 4688
6238 -7321
-826 -8169
-533 2188
-6958 4058
5863 2005
-4695 9669
5062 150
-4855 3736
7301 -6769
365 -3770
6086 -7688
-7116 -721
2391 8988
-8899 -5192
7545 -3666
-3256 -8106
3167 -1737
2432 1279
-3493 3463
-5606 -4790
8663 -1194
-4236 2810
-6261 -5685
-4485 -8448
-5003 8640
-7142 9165
-7981 5951
2653 -4295
404 -7999
-1285 -323
7185 -9066
-5535 255
-7313 -8163
-4664 975
6294 -7480
5432 -5180
4919 -5600
-3943 -2721
-4189 -5681
-240 6544
316 8584
-4813 -2125
9699 9495
1084 5974
95 5501
6352 5614
-2593 2258
3945 3586
-9657 8782
-5758 8028
-5470 -8999
-3619 -4786
6957 5955
-2324 -8194
-2999 -3951
2536 -8133
-6208 1831
-1176 -794
1593 5552
-9639 -6793
8140 5711
-7765 -1853
-900 3457
102 -5404
988 -7706
-6518 5960
-3120 5652
-2576 5810
8799 9192
-6093 -8005
2993 -5411
9541 2748
-8984 9885
-3077 8344
-6060 3765
4848 -606
-6644 3973
130 -9314
15 -4981
5794 -4030
-2249 8578
-1704 9889
-1499 -224
-2750 -3825
3440 -9747
2224 -343
178 -4635
-5222 2406
-7056 -3332
4346 614
9 8902
-1632 9656
-5211 -8627
6598 6255
-1795 1108
819 8128
-925 -8394
-6914 5188
-3725 -410
3619 7514
9544 6744
6120 -9468
7692 -7381
7137 -8010
-4900 -185
-6055 4257
-1482 7953
1896 6286
-4083 -2664
3536 785
-9754 5003
-4564 -6417
-3143 7185
-3964 -9680
9388 7482
-3272 -1266
6287 -4280
-7497 6320
-3951 2635
-1575 6924
2980 -7067
-816 5508
5231 -4436
-1046 -8705
-996 -8481
429 -2180
1709 -1741
4801 -3175
9869 1287
-8183 1989
-3125 7388
-7688 -2870
-2804 2830
-9923 -3027
-9158 -6495
3027 -5265
9329 972
6181 -9148
7060 -7211
7134 1391
-9130 3826
-8309 -6492
-9832 -3102
-2591 -5793
-1247 -8115
-304 5030
-9043 -3942
5611 -7775
-6329 -5083
-9437 9912
-5070 -3247
2593 4812
-17 -5092
-6626 -6053
-9473 -3338
-1709 1141
-1435 -4222
-6177 9236
9722 2633
-4758 1479
8339 -6856
1299 -194
9062 8079
-5230 5995
-6679 -5139
6743 -8788
-4454 2439
1715 -6845
-7215 2061
-4012 9938
5268 6774
-6962 9663
7595 -5654
-468 -252
2287 5861
-3988 4112
4566 6617
-6846 -6490
1074 -2575
6030 -3998
-1979 5003
-2537 -9324
-5114 4171
7059 -4941
-4266 -6324
-3618 -9392
-7356 -9614
-3045 1048
4659 2475
9257 3216
9359 3263
4283 -6553
-4271 3519
-1357 256
-7672 -7058
40 2155
1160 6571
5676 4299
6803 -2718
-6942 -257
-5235 -2151
-9330 2409
4956 -8805
4145 -9300
-2485 -5950
5366 -6902
9361 -5596
-7625 -9238
-1871 -5346
3055 -8047
-5048 -5665
4801 5441
8458 8182
5159 8206
-7254 3528
-9865 7407
-5462 -4955
3393 -6698
9706 -4837
-7157 -5618
7061 9999
-3285 -8806
9369 -7619
9367 -7756
-7170 9281
8169 -8329
9287 -9368
-1216 7956
9354 -9841
8590 -8642
-1757 9396
-1833 6892
4178 9827
4270 -6274
-3132 1371
4355 1106
-7973 2793
-4469 -3029
-29 -3888
4226 -1333
5992 3031
-6943 3663
-4319 -2677
4861 442
1294 7118
5930 6384
-547 9269
9761 -9553
2847 -7984
9015 6
-9880 618
2405 -5321
4021 8352
-1765 6583
9314 -9561
2429 6030
3650 2542
2192 -2715
111 -6783
9148 2086
-6701 8618
3703 5012
-8421 8516
-6813 2953
-6438 5864
-1359 2234
5335 -8476
-9027 5828
-6625 5734
-42 -1893
-7185 -4745
-9205 -72
38 2309
5831 -2150
-1038 -6779
-5733 -7712
8967 -9932
4841 -6859
-7564 -1852
-1279 2313
-2072 1862
-1337 -7061
1267 -358
1285 -4260
-8926 8723
6953 -8080
-9921 -5724
6355 -5834
943 -6162
-6154 3755
-7701 7773
104 419
-924 -7151
-4141 6880
-8419 8630
-5947 6997
3739 -5392
-8480 9223
7701 5918
-2029 -3851
-4188 -8855
2923 4767
-1240 -9440
-3075 -8530
2239 -9739
5183 -4560
-1460 -6133
1123 8467
-5635 -1399
-4015 6
9034 -9578
1711 9003
-1352 -1222
7118 -4104
-7495 -6235
1557 -5063
-8736 -8172
-7940 -7635
-7341 2950
-2261 3337
934 7917
1797 -6778
-7528 4591
-9289 7179
9231 -7921
-7037 -6328
8678 -9634
-4403 9455
6383 -8736
-3568 7020
-4525 -7911
7869 1875
-4065 9033
-9382 -7416
-393 -3069
2899 -6754
1094 -7952
4792 -749
4596 -9311
-5594 8382
-8475 113
2817 1887
5965 3297
5245 2721
-3106 6753
-99 -4946
5504 9926
5185 187
-4248 -5014
8357 8160
3028 7384
-8998 -9935
6640 1394
7677 -3959
-8229 -2663
3732 -7702
8111 -8489
-437 -2207
-1574 3034
-7133 -5932
-1119 -2908
8068 442
3039 -1382
-868 -7006
7815 1384
-5975 9706
2776 -3936
284 -3037
-1462 7055
2961 8959
-7990 8813
128 2640
254 3966
-7657 -607
-6075 -7770
-6399 -4451
4592 -4037
-9324 -182
-9444 -3641
-9740 -2054
9216 -7916
5264 -8815
-817 -2620
6431 9257
8976 7126
7295 9966
-1308 -2191
7414 -4204
8706 3363
903 5862
1242 3922
7533 7456
-4097 -5212
-5421 -1015
3589 9747
3910 -8049
-5718 -4456
-9760 2942
-8736 6453
-26 -9488
-7194 9073
-8988 2485
6710 831
-6258 -9906
9725 -59
2603 -4726
-656 -6218
8052 9430
-1189 -9468
-4475 141
-4596 -973
-6481 -3777
7882 5758
-8418 6721
-9685 -25
1930 5868
-9949 7935
5696 -9342
-1335 869
8187 -652
1844 -2255
1749 625
7643 5117
-889 -1007
-9477 -3835
-8731 -1560
6253 5062
-2251 5296
-9831 -2345
6114 -4144
-2935 -4143
8786 844
-4241 1314
4246 -8277
1251 -2946
3315 3953
-1740 7646
9538 86
-2032 861
-3813 4819
7292 1267
-8782 5297
-4634 8078
2923 3993
-6605 1988
7410 8337
3936 5
2628 6115
3571 1501
-2059 -6133
7294 398
-3196 -2018
-715 8372
-9320 -9633
3164 -5459
7541 -8709
5991 1477
1220 -4027
3517 -8138
-8871 8292
-3905 -5130
-2045 -7540
3547 -7960
6204 4316
1089 8861
6736 -6977
-9737 7692
-147 -1407
-8180 -4502
-2286 -5965
-7396 1733
6593 950
-5975 6830
5733 -6382
8493 8481
6395 2596
-2253 -6800
2632 -8879
-6988 -1605
3269 -3148
7564 5790
-9978 -9730
6554 8476
7159 -610
-3208 3591
9901 4999
2263 -969
-9225 -4192
6817 5601
-9778 452
7057 5584
-9553 1783
9200 6510
-4926 -2116
-1264 -1724
-1426 -9828
-7212 -7693
-6194 -9905
-4282 -1946
6496 -4379
-3743 3998
-6888 -8473
-9171 8471
9843 5294
2598 1692
-2300 144
-7376 -9518
2863 -2818
-9140 -5979
-582 -5543
-6911 -7063
-2656 -5669
1463 -5849
-2995 5509
-2071 -9154
6706 6441
6754 5551
8146 7509
1087 970
-9119 -1838
-5486 4233
9444 1384
-1749 4917
-6718 -7680
116 1228
5248 5237
7565 -6756
-5013 941
7160 9496
-7281 1887
8071 819
-3383 2659
-2775 2091
-1468 -1474
-7641 -2177
-6998 6971
5052 7875
-8004 -2865
-5864 2163
-8858 -3280
-7300 -1324
3031 -9626
3790 -941
5426 8057
-6710 -1524
-1553 -882
331 -7264
3369 390
2772 -4022
4905 1190
7718 -7938
-5522 -4250
7150 -2265
4991 -6746
-1766 7838
-4073 -3553
-4367 -4045
3992 -5524
828 -6606
-2132 -8202
-1506 6026
-4663 3530
-7237 -2371
1620 6598
-7298 -8392
5423 -9891
4583 -426
7042 -8339
5844 -5383
8227 3443
-3392 8181
573 3517
1839 -176
-78 3584
5008 -5573
-9670 3646
-9706 4183
5513 -3166
8093 -2250
-4861 4305
-6420 -8631
-9990 7255
62 9955
-4684 -7438
-2434 -8194
-2255 -4571
-2288 -2570
2270 4290
-319 -2309
8728 5570
-2150 -7206
-7578 -3860
-6630 -4876
-6120 8834
-9216 -6491
4265 -6828
-1910 -1493
4521 -2073
9768 -7439
2392 -346
-3617 3604
5751 -3653
-1080 10
-1679 -8584
6817 -8387
7290 5209
4617 -1537
5111 5927
-9716 -7263
-6625 2899
3169 -3503
-4954 5065
-1411 -9236
3040 -2352
-6566 -6338
-2346 -3051
3205 -8372
7650 -6239
-150 -4310
-370 9752
-2706 -29
-4668 2383
9489 -7665
-6431 3678
3092 8191
-8468 5845
5574 -4109
-80 -6901
5428 8679
-5794 -5960
-1560 6279
7939 -358
-7453 2456
-5564 4887
-6628 5871
3377 -3083
9558 8671
5019 -6143
-7699 -9229
-655 -5157
6512 5004
-1575 -8553
6356 3810
-3654 -9498
-950 -5127
2881 -7410
-2282 -3576
-9693 5947
-5999 -3528
725 -2156
5909 -1144
-5506 236
-7787 712
4973 -9431
-2477 -3291
7609 324
3518 -2668
-751 9280
-2577 -8948
4446 -4782
-5059 6821
-4749 7397
628 -4916
217 9812
-7542 -6690
112 7144
1724 1370
-1898 -1040
4040 -3832
3902 8561
8875 8254
-8572 4605
-5567 3515
-663 -4272
-5756 4065
7318 -6644
-6234 7440
-3566 -2740
-5105 -1350
-6024 -7737
1761 9452
1496 -4444
-9935 -7697
5286 4745
-4912 3697
618 -6307
8984 -6435
9500 -8617
9182 -3285
1537 -9237
3576 422
9316 -3061
4194 -9003
4484 -2835
2991 -9342
-5249 -9495
-6921 -4884
-2055 3046
-3048 -5629
1583 -3934
260 3072
-4465 -5796
-2565 -115
-1602 -3599
-246 -9802
6626 -3707
-2605 5814
-9236 5952
2006 -5386
-2398 -1305
-3171 1296
8674 3710
-1030 -8786
119 -9504
4023 5734
-9610 -4742
-8139 8597
662 -3521
5 8456
-5039 -747
-1295 -4429
-1873 5721
-355 -9176
5287 6036
-5111 7622
622 -9817
2390 -4413
-7379 499
-596 6643
9340 6443
8252 -7437
-261 762
155 -1165
9498 589
-6080 3271
-8898 -9706
-1150 3262
-8993 -2748
2556 915
-8994 2436
-6183 -9421
-1499 -8265
7344 6691
8131 -2752
-9514 6004
4636 8860
68 9654
-3296 -9579
2822 -9934
-9742 -8965
1646 -5161
-2264 -2927
-3541 -3242
526 -9894
-5062 5817
-9025 -4433
2613 -4535
7269 -2368
7707 5321
8898 2085
4816 4215
-1097 -6658
3781 -7241
4721 -9109
-5418 1274
5211 3046
-1323 6127
-8791 7067
6372 3340
7098 -9595
-5046 6717
-1974 6247
-5968 -7204
2755 -2133
138 -4913
2200 7752
-2894 8782
9983 -7455
-3845 9010
-5035 1454
-6025 -3691
-3383 2358
9613 -9166
-2247 -3426
-9647 -2846
3259 -4256
-1810 5106
9019 -6965
-5250 9533
135 7108
-9055 -8239
2301 -8005
4156 7957
696 1954
9290 -2602
-3583 4890
-5823 9133
-8764 -6238
3837 -5116
-339 -5467
3589 2740
5295 -3157
1673 2625
8284 7088
1743 -9765
9234 -6092
9783 -7594
6344 1763
-8802 8425
6177 7572
1841 -143
6510 -447
3703 8375
-4182 -7666
-2891 3021
-2488 -2749
7175 7843
3354 -3384
-9614 7159
-2317 -7735
-7141 9982
-908 -4568
9800 6777
318 7654
588 6421
9878 2576
8516 1571
-2888 5248
8667 -4459
-4148 -7364
-9315 5348
-384 3401
9984 -948
-559 -1378
-6256 -311
7987 6580
-476 -7500
-2803 6636
-3548 -2767
2711 -2009
-6475 -354
5145 -2085
9932 1090
1886 -6652
-622 517
5464 9989
1047 7101
-1649 6174
-5488 -6034
-9985 1163
3684 5400
-2184 -3512
-919 -2899
-1506 5896
2002 -4963
360 -7983
-9675 -4651
7341 -2255
9814 -28
-2330 -2135
9880 2689
-3383 -9244
9716 -8068
2021 -5653
899 -976
9109 -9210
-2318 4629
3252 6882
764 3732
-1250 1325
-4674 4158
5517 -6272
6694 8968
-8903 354
2651 -8696
6018 -7588
-1671 8191
6736 3803
-6581 5173
-1889 477
-3775 3477
9565 5947
-3850 9964
-7939 -3080
2832 -9577
-5907 7218
2338 -7124
-3506 4423
-7013 9604
-2726 -4777
7527 -77
-2583 -9139
-986 589
982 -9804
-4836 -1784
-6793 3223
-8551 454
8825 5632
5258 -4836
9850 8499
-1524 5965
8904 9118
3320 -9228
5056 3320
-874 -5907
-9348 -7437
-8682 3228
-5057 6336
-2573 -4915
4997 3948
-8230 8697
3779 -1438
4703 8773
-8483 9720
2801 777
5508 6481
-6090 -8169
-6378 4782
5418 -5890
-2373 -755
5675 2807
1539 -3856
-2531 9702
-6387 -4434
5473 7994
4532 9412
-9307 3953
3351 2648
5222 261
-8404 -104
-1249 -2200
-2764 6585
9942 6442
-8371 9394
2172 8426
-7042 -7045
-2045 -7076
-6914 -5991
-8349 -4709
-310 -474
7814 -5985
3525 -7293
-5559 -3002
-5152 -9963
-7119 850
7948 5846
3044 3290
8660 5406
-1872 -3244
-8022 -3886
2126 -9292
7269 -7166
6353 1076
-2354 -9182
-9567 6237
3019 5668
7641 8056
5572 -4079
-9583 4454
-5109 2555
9996 -3577
2476 3027
-3937 -7054
6497 -9013
-4098 9778
-7308 6191
233 -4384
-3118 7031
5216 6204
-3747 -7527
-9420 2966
-3593 -7006
1733 728
-8830 -7920
4496 -9768
-2499 -2861
9737 4306
-2456 4049
-6139 -1468
3053 -7161
-216 3262
7523 72
-6092 7100
-2309 -2568
-1146 7258
4826 -6111
-2162 3525
2960 8173
-9418 5390
-8969 -981
5688 6636
4261 -1611
2614 9610
-9503 2396
799 9953
2241 -6184
-4127 -7252
6909 9488
9028 -1429
1769 4684
959 8665
-9692 -503
4886 300
8341 9175
7064 -8515
-6800 1433
-1371 7243
8012 3269
1686 4525
609 -6953
4696 -7653
-7558 618
8650 -6226
-4934 1096
1835 7917
-911 -779
3947 -2019
-4740 -3943
-2506 -2074
9792 1437
6970 -5834
-5332 -7480
-2667 -9694
-2432 -8002
-6332 7918
-122 -6078
-2562 -2189
-1400 -6774
-3902 -2173
1049 -1729
-247 1805
918 -503
8531 5979
-3546 -127
-5605 -5364
-9677 -4908
2075 8748
-4747 7501
-5649 9543
-1910 3812
-3298 4932
2438 -9689
-7641 -8904
7320 -5262
2700 -71
-1689 -642
4151 -1599
9751 6363
-1689 -6037
-9148 -1685
-7998 -8163
2430 7910
5124 1525
2364 -4322
6638 -1252
-5066 -3370
8624 -1591
956 -8332
-4058 -589
-6703 -2110
-7225 -1479
-2619 8389
-8150 3167
7620 -2997
2910 4182
1257 -2728
-6234 6575
3413 5561
4403 2115
-595 -346
7592 80
-3815 -3820
2168 2632
-1712 -3364
5830 -5304
4645 -449
7593 -2192
-3356 3781
-6365 6895
3098 8377
-3663 -8505
6254 -4847
-2371 2555
3181 712
-1994 -605
3754 2111
2080 -4398
-1745 4536
-9645 6982
8153 -4545
8797 -2770
-524 4617
-5110 -1787
6476 -7298
-4470 7426
369 1399
8098 -8709
1752 -9376
7220 7739
1344 1865
-2770 -7835
-1417 -4598
7427 1377
352 -4589
-2733 -9643
9538 2542
2295 -2802
6582 -2288
1962 4806
8869 844
-3110 1392
-561 -608
704 -3682
-2217 9369
-6440 -5134
8708 916
-5678 8426
-5573 -3508
-39 -2449
2827 9247
-3259 6517
2907 4287
-9482 -8279
-2382 6524
-4500 5990
4692 6163
4887 -8470
-5287 -9869
-6501 -1570
-6619 4033
336 -8444
9306 -2613
-9595 -7333
-9081 2340
-9474 -2669
-2398 -2360
9548 -9726
-4992 -7849
184 -4621
8720 3640
1261 8680
4555 -4937
2581 -8219
1324 2805
3864 -7796
2505 -6234
3647 -1134
-9832 -6145
-8926 2006
-677 7882
7058 -9553
-7551 9470
6006 4829
-2672 1112
-8726 4406
-1055 -5671
304 -372
856 -5637
-6707 -530
8449 -977
-8434 9552
3590 7269
8554 6982
-8374 -235
9324 -6327
-8043 -3324
-2941 -7572
-4133 1579
-492 2383
2683 3397
-648 8193
5924 7382
-7941 -4120
-9713 2013
8208 6828
2781 524
-6760 -5135
4812 -6511
5108 2116
-1607 -4267
-8320 4012
8272 10
6039 -6411
-8787 9960
-4354 8646
8597 -8967
-3778 -2223
-2543 -6000
-1539 6100
-780 2413
-1360 49
-5966 -7368
4358 -5864
-5521 4141
9458 -7418
8625 8412
8344 1013
-8456 -6404
5699 -8513
-8756 -6858
-6634 -4495
8202 -5956
7931 -9192
-3626 6509
-3183 5880
9327 137
-5717 -1503
826 2352
8151 9542
5263 1242
211 -1571
6184 -6518
4368 -3113
8469 1626
7108 -119
8933 -8999
3395 -2308
-9570 1959
4156 -3349
-6496 2998
-2945 8647
9830 -8438
-8507 3811
-661 5284
-5607 -8504
-907 8873
-3741 -638
-2689 1794
-1273 2374
90 -2895
-9771 690
2833 9866
4659 -5198
3443 -1917
1150 6135
-1243 -2015
6958 5575
-6689 4239
2203 -6421
-1039 -9139
2904 1865
-1107 3411
402 -105
1808 -4712
-7899 -9916
2903 5024
-2409 6970
4377 -6781
8260 9731
4810 3240
-7164 1695
3647 -405
-2598 9262
3882 5853
2762 -439
4785 7941
-4512 86
-9988 -7427
5505 6971
259 7632
-4860 -4429
8727 -6547
-5629 166
-7129 2682
7000 -8415
2451 -1364
5352 288
9291 -1100
-3579 5558
1399 -4270
-4622 9235
4670 5309
4141 -4801
9101 9996
-1525 404
964 -8943
-1532 -6735
-4618 -764
-9724 -4519
3467 -8456
-1177 805
-4964 1761
2992 3330
4224 1699
7390 -310
-6981 -3713
9118 -9173
-8098 -8620
-2309 1296
971 6963
1165 -2532
8895 104
-3809 4555
4823 7422
1049 -6090
8895 745
140 -3056
-1203 5121
1252 7323
3225 9395
5460 -3721
-7211 -9958
-2122 -1799
-8635 8809
-940 -8252
-2420 3869
-6359 9115
8726 8993
-5902 9772
-8029 -7548
-2910 2404
-7354 7845
6080 3105
-2301 4485
-7231 5343
8002 -8315
-8105 -1804
7137 6316
-9600 2692
-6362 9277
-6969 -706
749 5071
7102 -2526
5454 5172
-1746 -4028
-6378 2913
5773 6126
7150 -2830
-9870 -7070
7149 7172
-7305 8202
-9112 -3462
3525 7322
8719 3801
2256 -320
-8699 -1114
6180 -8180
8520 -4737
-2300 6033
-9093 -8015
-3291 9996
7192 -4340
9591 3975
-2186 -9863
-4009 -3840
9102 -8662
-2356 -6320
-8379 -5813
7692 2386
-6772 8219
4350 -2827
3519 -2237
-9229 -4598
-9955 503
-1789 -3297
-5778 9466
2144 -3519
443 -2905
4384 -1652
2911 7016
8462 -713
6251 -26
-7903 5954
9824 -4252
-7718 1513
-6541 -6137
-9094 -6608
6717 6266
5177 -895
-7973 -3529
-6881 5184
-2797 6053
-893 5683
-163 -5983
246 2281
3901 7642
-428 -7990
-8851 2896
-8900 -1788
-7903 -754
-1537 -776
7589 4365
-47 597
-1774 413
-4419 -7175
148 4296
162 1819
-9379 2388
-7413 9285
-9209 -197
918 -8424
-2917 3909
1619 -6256
-5857 -2666
494 5721
-6867 8953
-652 -4000
4642 5057
5606 6248
-2435 9019
-2108 9315
-8077 6209
4344 1566
-5953 -701
-3252 -9204
-4957 5454
-3442 2402
6778 7673
6481 9592
3936 -571
763 -4622
-2725 5822
9335 1461
55 109
-5701 -496
-8217 -2685
7973 -1275
-9630 7884
4243 5207
-5324 2163
-4346 -8118
-7581 9076
3859 3332
1706 8460
8327 9548
1577 3451
-4283 -2712
-4537 -424
70 8922
-4128 -7937
4033 -7438
-8124 5465
-3133 2394
-7098 2345
3542 -3355
8147 4920
-7700 -2348
-889 111
-7928 9258
-2769 9790
8606 -8734
4024 1217
-2958 -5902
-3890 -6305
3916 410
-648 6585
6518 3716
6036 -5610
-8142 -2489
-7634 -2016
-5121 -5322
5937 8836
-3061 -2327
-3111 -8365
4666 5936
801 -977
-6661 2375
544 2967
-5267 -4172
-5406 -7954
-1077 7106
5733 -9666
9069 2862
-7997 7385
1129 246
6463 -2629
5750 3170
2882 726
-9585 -2202
6426 -5204
2664 9191
7882 1495
-6462 -6262
7790 1318
5823 -4253
-188 7730
-2200 1347
618 4089
3290 -1400
-8361 -5479
-4363 9163
-1753 -8516
1767 -3584
168 -9123
-3266 -5272
-418 -9621
3701 -6577
-8253 -697
-1420 -645
9755 -9503
-7977 3180
-4369 6574
7347 -9890
-9724 -7688
8384 9781
6866 1942
9833 -1291
6804 -2738
9506 -93
-4931 -1771
1291 -1295
-9710 -2440
-4219 -4704
2689 9284
-3609 -2811
8495 -4054
-6959 -1474
6621 -5242
4038 4493
534 9642
2705 -2695
1684 8721
-9390 -90
1076 4785
8806 -7870
4338 -6295
-3735 2683
-2816 -5658
995 -1789
-1653 -9399
-2377 9228
9641 1902
-7227 5314
8660 -6113
-2075 8142
1392 -7359
-6389 -2375
-9338 1711
350 -2831
-5921 -8125
9741 -8520
-1954 7171
6691 -7879
7327 7
-3241 1505
-450 9765
-4380 -6227
-2524 -7903
-3084 -9968
-4556 -4403
-4275 7161
700 9257
4199 -105
-4572 1131
-7557 -4553
3490 -2199
-3371 -1732
-8226 9708
-838 215
9525 -1451
2687 -6909
-2435 -5442
354 5445
-8444 -1521
2335 1664
6013 -4794
-8630 2451
2930 -4314
-9524 -7776
1569 2951
9535 -8549
8724 -7357
1799 8431
-4773 -5773
9454 -2056
9682 716
-9528 9911
9563 1301
-8302 8037
2079 -8717
-5891 -4894
-2221 -7731
6901 2937
-19 1258
6332 9670
-3459 -7672
-3582 667
981 4310
8576 4062
7171 -384
-900 9364
-4785 -434
1037 2131
2393 5155
8799 -501
-5036 -6687
-1885 1089
4604 -7542
7865 -4400
5174 2762
-3875 8103
4379 -3882
-5787 7415
-7059 -4732
830 3300
-7759 2024
-6176 -5806
-7268 1455
6151 7491
-4607 -8136
-4655 309
-267 -8757
-8094 -8332
5800 9420
-3594 3034
-792 -5096
-950 2477
-5724 4129
8790 9349
11 7337
-6785 -9406
-1697 2655
344 -1905
-8149 -6506
6988 -6570
-297 3796
-6796 -6718
-4264 -3258
-3888 -931
2141 -2469
9644 6710
238 7196
-8154 -6328
5981 2017
-4892 -7074
-1222 4659
710 9789
-7348 4108
-1729 -5368
6264 8572
-596 -8534
-2756 -1680
2523 2625
-3819 1385
-2933 -4923
-1393 -3692
8567 3099
8769 -6219
8700 -8758
4383 -5311
-2715 2088
-4949 -2203
-6952 -2251
-7837 -8959
241 -4512
-9121 -1834
999 9398
2182 -2090
-9519 9226
-3971 891
-1113 2491
-267 5485
8014 2213
8265 2803
8647 -568
-5450 714
-5202 6596
-8315 -7756
-958 -5895
354 1366
497 -9444
-5991 518
-8000 -2272
4146 -9668
-4291 -3061
-6835 -3528
3837 4240
-2924 4507
9358 -6798
-3392 -2753
6633 -9699
-7245 5252
1735 -7607
-4822 7251
6324 8632
3839 3892
-9936 -232
-5625 9632
3437 -7614
-9461 4157
-5832 3802
-2141 -338
6792 713
6265 -4372
3190 320
-7327 -5589
-686 -3549
1794 -8323
1943 -7252
5409 3422
8523 9554
4361 -6746
-1743 4600
7919 6098
-994 8389
382 -8769
-3082 8734
-4115 2327
5813 3940
-6924 -6103
9277 1618
6770 -8618
9817 6045
6476 -7274
-4605 2640
-3734 -7500
-7166 -6142
2279 2577
4708 6684
-8745 -5886
-3843 1909
-4005 8897
4445 -551
-6981 -3343
2267 2644
44 5408
-4070 378
6298 9493
-687 -4392
3899 -460
-3825 7568
8327 8944
-4412 -4617
4505 -4112
2140 4327
6615 2825
3856 -6570
-8075 1381
7498 6072
-4345 1630
-9942 -827
-3252 -5992
-5560 2680
-2975 6515
-9599 -7804
6003 9957
8132 4119
-4799 4868
-7512 7754
7592 6324
1481 -5387
-5124 9825
-3030 9130
-1827 -911
4125 -429
8487 -1685
1803 1168
-2832 9006
5010 7851
-5452 2745
-793 5402
1233 4829
5085 -8055
-9683 288
3259 3207
-3897 3968
6632 5121
-603 1007
-7554 9119
9730 -1355
9662 3058
-8159 1900
-126 -4767
-3820 -9069
-1013 6423
-6068 -6596
-9360 -5303
-1470 2392
-6238 -7717
-4371 -7214
-4020 1811
2164 4768
8636 9350
-4754 4542
-5659 7961
-3189 1777
-9333 -4881
7622 6889
-7933 161
8954 9471
-1959 -5437
130 -6815
3603 5980
-641 -4798
4418 -3907
-363 -5017
585 -6419
5742 3833
-289 126
2800 -6386
381 -3832
-4034 49
461 -5073
803 6398
1353 9386
6365 -2778
-9738 -1173
-613 1807
-5767 -8319
2058 -9199
-9150 -6161
3128 -5519
2687 -2662
146 8891
-7246 2395
93 -911
4519 -1400
280 6878
7499 3386
-9016 -6235
-5199 -3809
4694 2141
-8787 -3049
9424 -6515
-202 -2229
-756 231
-1442 1487
-6001 4445
-9922 -6393
-6905 -6301
2089 7724
-7750 -2512
1242 6392
-7536 5368
-1244 -3187
9285 9544
9933 -921
8087 -9966
-74 8376
-2993 -4721
7336 4286
-3695 -7720
2763 -6644
5832 5704
-9230 761
2203 5758
1763 -1621
-5229 1335
9928 1905
854 -6855
5794 5337
-2758 7602
422 -6248
-8830 8584
4360 -2962
-1858 7087
2928 2318
7392 -3772
1850 856
-2309 8743
-7631 8513
-5734 1298
-9226 2686
-2424 -3491
-723 -2571
-1131 -822
-5789 6463
-1174 3486
3144 7230
-6054 -4392
-6799 -6804
8850 9912
-8992 -8935
7135 5237
-4419 -8685
977 2655
-5956 7823
3996 -8395
-8872 -8904
-3636 5625
-760 -4250
-5088 5922
4236 6895
7660 5472
5479 7817
8989 3100
-3130 -7666
8427 2575
7176 6586
-9324 -3549
-4750 7607
7339 1825
-2372 -1357
-5055 -8728
-2509 5041
-8988 6639
-7454 2555
-7716 171
6696 6256
9059 -4653
9360 1094
8687 -2296
-6052 8922
-3152 -8562
882 3612
171 6903
4605 9241
6761 1273
-6247 8318
1850 1715
-1248 5628
-3014 1708
-6060 3604
6001 4260
-461 -2505
-8962 5213
-7261 -5885
-395 -4099
4911 5212
9911 2444
9930 -429
3151 -783
1771 3844
6251 -4997
5513 -2349
-492 8921
-5090 -1239
3991 -8357
-3464 -7965
-1851 -2738
6765 -7335
-9574 -2082
-9761 1698
-1687 -3135
4673 9495
2528 -6560
-211 -5078
-3714 -4716
-4618 -8912
1755 -69
8666 -5545
-1031 2768
-6933 -6738
-3533 -9546
-8195 -8314
-9525 8218
2369 951
4661 -2930
-8832 -8261
4695 -3859
-6233 -4952
6617 1925
1671 2079
-5049 8243
4714 5947
8757 -5229
4689 -7386
803 3600
3074 -3184
-7690 -4823
-1900 -5169
7717 8487
7061 -4754
3762 -7167
-5733 2314
-2602 4740
-3757 1006
-3697 5229
-4003 -7505
-5724 6877
2234 -6738
-7633 -9955
2587 -9373
8486 2246
9609 7216
1249 3069
-9112 -1515
8006 9858
6653 1538
-8547 7200
7459 6946
3739 -5053
9188 -9888
-2402 9621
-6034 -6665
-6666 9173
-1771 -1366
8373 -4113
7730 3682
-5647 -7225
9355 -7211
4027 -4889
-1102 4361
-9263 3813
7604 245
1031 -3724
3851 -6453
-3267 -3344
6396 -6180
-2254 -4341
8730 -8841
5593 3716
-6462 8593
3574 -1713
-5919 7046
6373 9137
8994 8642
-5305 4608
7042 3350
-6053 2096
-2885 -1706
9639 8937
5565 1068
-3776 3919
-9289 -3294
6444 425
7928 -9133
-6907 -8800
-7668 2759
5747 -1411
7968 5241
1384 7775
5994 -6165
-859 9978
2053 -8773
-1046 6779
4123 -2441
-4364 -567
-9408 7280
6110 -7546
8943 -1473
4819 2296
-1722 7695
-1991 9417
7919 3263
7883 -77
-5509 -9693
4750 -9566
7246 -1928
-7884 2658
5754 -9525
-4601 6314
-7914 -3511
1498 -2021
-3660 -4180
-4162 -4409
-3606 3233
-879 -3220
-9854 -6062
2462 792
3657 -1818
3910 -4169
-1429 7731
3058 -1648
-841 -3182
-4435 -7943
-7086 5714
-7560 5380
2003 -6245
1062 2805
6626 -8019
-8714 -4511
6123 -1634
-4826 -9515
4651 4515
-6565 1562
3851 -4895
4209 499
-4246 5070
8714 -6771
7393 2524
3503 1190
-7781 -5944
-189 6935
7517 -1094
-1634 -8722
-2901 -1948
-4848 6930
3226 -947
-5744 -7952
1240 6141
8383 -9536
-6656 -8624
-1848 -6896
6430 -3092
3285 7382
3806 9429
-9855 -4701
-6129 5217
-3520 9520
7987 8624
-1076 -7898
2995 206
2533 8149
-9224 -9260
-7617 -6057
9982 8622
-4660 -314
-8171 5213
5927 450
-4269 4060
4123 -104
5281 -4298
-1414 9156
6851 9225
6092 1363
-1645 -9477
-2720 2435
-842 -2317
6541 -9073
-2139 -9491
-4838 390
-5722 5708
1264 -2357
6892 5071
8198 -7011
-7639 9512
4529 912
-812 -5371
-7290 -880
450 7258
9905 5352
7777 -219
7652 -9965
-7324 5318
6049 -8512
-8789 1237
-5711 4219
-2858 8222
7500 -5705
6945 -3878
3465 -2619
-3088 157
-9026 -1868
-2230 3671
-3511 -290
-1800 87
-9981 7840
4775 -1970
8393 3768
-3564 2626
7161 496
-2839 -3420
6995 6458
-7407 9882
-3808 -5567
-9608 -756
-9644 315
-4793 4214
3423 -3505
-9984 -2242
2013 -5722
4580 6435
2651 8403
1547 -4058
4419 7942
1404 -7291
-5751 -7561
-5589 -3714
6361 -3945
-2398 1330
8179 7622
-5809 5056
4520 -3367
-7741 9600
-1367 -8878
-7114 3271
-7393 4425
7158 2290
2862 -6258
3437 5594
-6501 -6150
-480 188
-8829 -7175
4894 -4376
1713 3683
5702 -6090
8866 9556
4161 -3362
2534 8434
8059 -9182
1478 1527
9110 -4957
4856 -5636
6724 2001
-308 4891
5975 6206
6880 -4067
-6488 6857
-6911 -4801
6041 8018
9997 -3980
-2926 6329
2684 -2831
8409 -4581
-2384 8458
-7779 2861
-3211 -7973
5224 -1367
2492 7029
-1792 7418
9965 1460
-3525 -2188
-8633 -2487
-7203 -629
6585 5650
-7963 -369
-7951 3796
-1337 -9245
-2957 -8738
-4914 -7573
-6244 -7673
2665 -1800
2261 8095
-5197 -341
-3321 4066
7835 -6369
-4669 2148
1636 210
6430 -397
-606 6291
-4741 -4810
-465 -5153
3802 -9428
-1249 8220
7659 -4564
-8095 -6833
8359 -8686
852 3179
5567 2402
8520 -7722
5078 3971
-1373 9298
2645 4669
-6986 -9997
-4485 -1345
-4760 -7259
-615 532
-3935 4233
-5019 437
-3351 -6564
5204 -9297
9777 -2700
8062 -4873
-2941 -9159
5475 -5180
-6390 -9022
-584 -178
-5860 -8334
1657 2791
5100 -8352
-4870 -5460
-3389 1386
8682 4519
3740 -6810
538 -6609
3101 -6177
-1660 -472
7349 418
-3998 6512
3321 -3526
3867 -3481
-6072 -4897
-8242 149
-8968 -2261
-7070 6861
-9993 -8759
2656 7370
-7425 8629
4806 6081
-2806 8383
7393 8999
-4607 -8380
-2635 -5784
7869 2502
-1649 -8509
-4069 -9589
738 -1819
-5580 -4702
-8523 4830
-9602 1851
7014 8734
6246 -2785
-259 -2148
3657 -7368
7479 8598
-3478 -1883
-4020 4987
-731 -6569
7147 -7211
3656 -1005
5262 -4135
-4834 7726
1668 -8847
7591 1552
-5189 8155
-7684 5635
5329 5909
1752 7987
1014 3951
-9593 -5245
6087 -9461
-6640 5196
4811 2529
-7314 1751
-7964 3240
-7165 8827
64 -1723
-3966 -8152
3337 5515
-6992 -7200
8956 9951
47 -5456
3948 -2714
4727 4432
5174 2017
983 9290
3031 -4511
-3840 3583
-1301 -5298
-7579 6391
2169 -5062
