1964 1990
-1 77
-85 -9
-34 29
67 -3
-92 -47
-63 -62
99 13
37 50
-28 -51
-71 -81
-63 -51
-43 20
-58 65
-98 -86
44 38
-79 -17
93 -18
2 -37
-51 -43
-73 96
34 -23
-100 73
5 -53
-96 -33
93 31
30 85
61 -34
86 -70
-63 6
-40 44
15 70
-66 -94
84 -52
51 69
76 -68
68 -23
95 -34
-81 -4
-87 59
9 -99
-66 -36
-67 96
1 60
18 49
71 82
90 -36
3 63
12 -35
-40 26
74 -98
-22 84
0 -28
-56 -21
-19 -89
50 -77
63 -71
60 -72
86 63
1 -7
-51 23
-84 20
67 -25
-58 -4
37 79
-94 0
69 -8
10 57
76 -31
-99 -41
76 51
-82 17
71 1
-23 -61
100 41
-60 35
5 -40
-2 -34
-72 -23
18 -87
-26 39
9 36
55 -55
58 29
18 97
-20 -46
38 40
69 83
44 -65
-40 14
82 51
-82 70
42 2
19 -83
-69 -52
-80 -86
-28 28
88 -66
26 -48
0 40
-4 63
79 59
69 5
90 31
14 60
61 -52
-71 -95
64 -48
-77 -92
59 85
45 -1
5 19
-94 -15
-2 0
53 73
87 -64
-12 -85
-24 -94
25 -86
-28 -17
-19 17
57 41
-8 21
74 86
72 -26
-76 -34
-23 -19
34 50
-71 32
86 -3
-45 -16
-21 85
-47 -23
15 -72
-1 49
-15 -77
12 21
-23 59
33 -35
-27 3
-49 -68
-99 -40
-77 -78
28 -80
85 61
34 55
43 -57
28 -74
-3 5
-54 34
21 86
-74 60
46 -33
-18 78
-42 -29
-56 -82
60 -92
33 44
-100 -86
-52 -12
18 98
0 64
-76 -19
-64 1
1 3
98 -27
22 -39
16 -2
34 19
-67 -13
-22 -66
-93 -10
58 47
92 -51
88 73
-40 -32
5 -82
95 -25
59 50
62 -28
55 86
-74 -61
-28 -83
-34 66
-34 -2
16 54
-95 -95
-81 15
81 -12
77 -43
17 12
64 -9
82 91
-14 -25
-58 -49
-29 -23
74 -30
77 99
1 10
-49 41
-76 29
-88 -4
-18 -29
91 -91
-99 24
-84 -64
-80 34
9 -48
75 -64
17 48
-13 -99
-11 -95
70 -87
40 70
-51 -66
-95 -67
68 -21
-65 -32
44 -50
-33 17
55 -19
63 44
67 -88
-6 84
20 -77
-44 81
28 -7
-24 -21
59 -81
28 -76
-96 -67
6 79
-40 -68
84 -6
75 100
-13 -9
60 16
-45 -41
-64 87
-60 70
13 -45
-32 -96
19 57
0 52
-49 -79
-44 42
70 94
12 99
-5 53
-99 -87
88 -73
-71 99
70 80
-88 -70
-7 63
-96 66
-44 20
-22 22
82 -97
-63 -41
-5 78
-29 -49
-80 52
5 -83
82 -27
90 -47
13 -38
95 -35
-14 -87
-84 86
-3 -2
-51 -39
47 4
18 -90
46 38
100 -65
43 16
-86 9
-66 3
-96 47
-48 80
-83 -75
86 -87
11 -69
41 -87
-56 60
62 -24
-100 -54
14 -37
19 -44
-25 -18
53 64
-92 -58
31 -21
-7 -87
10 -82
72 -70
-71 -19
6 -93
-35 71
-92 14
-62 68
-89 14
66 35
59 -10
13 58
-71 43
-30 97
68 -47
26 74
-56 -74
-86 59
28 28
92 -80
-49 14
16 -76
62 -68
-84 -71
83 71
17 52
-88 8
-71 8
-12 -68
60 -47
-40 66
81 4
-90 -35
-71 58
36 -80
-56 21
-74 20
1 89
17 -83
82 46
-46 4
36 -11
17 47
60 93
-68 -3
3 96
-56 -57
86 -5
-52 -70
-72 -100
32 23
78 14
-62 -76
50 28
77 -76
-51 79
-88 22
-41 73
-37 -35
88 -42
-46 61
0 -86
82 2
12 76
-45 -20
16 100
71 -41
-45 -28
-2 -42
-34 64
-8 -5
66 -95
66 42
-87 -85
-4 -30
-73 -61
11 24
70 -28
43 -66
-98 -80
98 -74
92 10
53 14
-25 73
63 18
88 92
-25 -5
21 -34
61 -44
98 -72
-70 -93
15 -52
-39 -32
-14 -71
-28 83
41 52
76 77
49 8
14 -34
-57 -90
55 -70
29 34
54 -99
-29 -34
-69 51
45 56
1 46
87 -28
-94 100
4 59
83 40
-42 69
-59 48
75 79
-86 76
-3 -61
80 45
41 22
0 -69
-97 -92
-60 -17
-57 87
42 -44
-41 42
38 61
-79 -69
-79 -35
-87 25
24 -70
-87 -58
-43 -64
18 12
30 -100
-14 7
-17 7
11 -36
100 31
-25 19
-75 60
-37 29
87 -52
-32 -46
-97 -45
19 -56
-38 20
-32 -58
47 93
-77 65
38 -57
-26 30
44 -49
-39 30
57 -51
-90 72
87 -31
65 -22
23 52
93 -92
33 47
75 59
-11 -98
62 -21
60 -90
-59 -77
-98 -9
0 -47
80 32
-60 -95
39 51
-68 -100
60 80
28 -13
-72 -9
-28 34
-68 -10
-75 92
88 61
-99 16
33 -3
-72 20
-80 -83
-19 -19
-12 -88
-88 -20
47 -94
52 33
-42 -1
13 13
-49 -85
-24 53
-38 77
81 51
56 -34
52 -94
-89 69
8 22
-60 -94
56 63
99 7
77 -24
88 -97
-29 -69
99 58
38 14
-83 -42
84 -58
-61 70
96 -61
-77 85
-5 -60
74 -8
-31 -80
-15 42
-27 16
81 8
-88 -7
-49 -82
80 -16
-62 -48
13 97
40 54
-31 54
-6 93
12 -18
-24 28
-55 -71
6 95
-76 15
-51 -6
27 -27
95 -12
39 -51
-47 93
62 49
-10 -15
-92 -76
-63 -80
43 14
3 12
16 29
-62 84
-44 47
99 95
-98 43
70 13
-58 88
-65 65
26 -62
-79 100
86 -23
-59 -36
22 37
39 -6
-99 -13
48 -58
-8 -12
-36 -67
-24 41
74 -97
44 -78
65 -100
-76 -9
89 -35
-34 -71
97 56
63 61
-80 73
6 -37
88 -26
80 70
38 -14
52 -14
29 23
77 47
-67 -99
-3 -37
61 -81
-13 76
-27 -37
-36 -74
-76 -49
-33 3
13 81
-77 3
53 -41
-47 59
-57 44
-75 64
-33 85
49 -91
52 93
28 19
-46 -34
-81 -11
43 45
-72 -18
9 -83
46 48
76 27
65 -64
-32 1
61 46
81 78
77 -74
98 -89
91 -32
71 58
-81 -93
10 42
14 -29
-24 86
-46 -3
-55 93
-5 -7
93 -69
-59 -72
1 -27
-44 -59
19 10
40 9
86 16
53 -7
35 -4
19 17
18 94
22 36
-71 -91
25 3
-57 -37
90 8
74 78
80 -83
55 -11
-38 -64
0 -14
-93 44
92 17
-13 -55
-84 -72
-69 72
22 -65
-13 -12
-95 -52
-55 -79
12 16
-65 -57
38 37
72 -98
-63 41
-24 81
-9 33
-34 -77
-30 -3
-3 87
84 36
-36 71
46 57
-47 100
-43 37
24 30
90 72
15 6
53 27
-96 17
-6 7
47 -82
60 82
-95 30
-61 46
18 -40
-48 9
-2 -88
66 14
48 -61
-81 95
60 65
-86 81
44 30
-39 -95
-42 -95
-32 10
-63 48
91 56
91 -77
-64 64
-25 28
-26 98
-87 70
17 -97
-9 46
100 80
-31 71
-65 63
21 -64
53 -29
-63 93
-3 21
10 50
-49 -39
20 6
75 83
-25 -60
62 75
-54 -76
-90 38
4 44
-57 48
31 5
87 72
-20 89
-51 -62
-77 88
14 42
16 -55
56 98
-95 27
23 89
22 57
-22 48
68 -12
84 -45
21 -27
69 -89
-61 -46
77 -98
-71 -14
71 71
-92 100
-78 -48
56 -36
-53 68
-37 -11
40 62
90 -12
44 85
-42 55
-8 -66
66 -72
99 -79
83 -22
100 18
39 -10
-29 -15
18 17
90 -98
-76 36
29 6
59 29
-80 -31
-45 86
-85 34
53 -97
76 83
1 5
-6 79
13 31
99 16
-66 -31
32 8
-34 90
14 -77
52 84
36 -92
72 23
-37 -5
-11 -70
30 -33
61 -21
52 78
-44 -16
65 -75
-57 -44
-9 -97
4 4
-56 2
-34 42
51 -4
71 -93
17 -58
-100 -94
-76 89
-94 -35
-21 -21
81 64
-88 -73
23 -4
-29 -74
80 21
81 -75
-45 -56
36 31
-39 -49
12 -81
-85 -22
36 -94
49 -6
42 98
2 -1
48 52
-99 -54
36 -26
-96 -3
74 -11
-37 82
-53 -49
-77 27
-33 41
33 56
53 -48
98 79
-16 -29
-14 87
-80 -53
78 2
11 -62
-54 -40
20 10
-29 16
-54 -21
54 -55
-26 5
-16 -5
12 -98
-50 -42
79 -82
-46 27
64 -69
-11 -67
-73 -5
-72 38
89 51
-72 67
31 35
43 99
-21 -96
69 -65
-40 -6
66 1
57 74
-32 43
25 82
37 85
55 -66
-27 -81
91 -21
29 -14
97 55
18 -5
40 -91
-21 -89
-92 69
-31 8
-37 73
36 12
-16 46
47 -68
35 46
-23 -49
68 83
6 -15
-9 99
72 5
-87 -30
43 -97
-13 59
12 4
-93 -25
-32 -81
-43 73
-81 -52
73 67
-31 77
67 37
94 -61
22 -31
-16 -40
-81 -51
33 -5
-88 -21
85 -70
100 83
-90 81
79 -94
-23 -9
-69 -7
-2 83
-17 -49
19 68
-89 82
47 -46
-12 -70
-9 -90
-59 17
40 24
-29 1
90 -52
-60 4
34 8
-73 -94
11 79
56 -60
-33 43
12 -86
15 -46
26 -31
9 -43
-90 -95
-15 61
74 37
-14 85
51 33
-60 37
-25 -58
45 79
7 -56
-35 -82
-71 79
1 -44
-86 26
-6 72
-32 44
83 -36
-49 -19
-35 -56
12 -64
-51 -23
51 73
90 38
78 -34
32 82
26 -35
-89 55
28 -78
78 96
84 28
-27 -63
44 6
8 30
-44 -35
-16 0
92 74
-49 24
63 60
-31 99
2 -48
24 79
54 54
-66 89
-42 67
17 81
99 -45
43 72
38 -35
-89 84
-94 -52
-83 -37
82 -5
-79 -40
-8 -75
100 -17
29 77
-94 -17
47 -54
26 -59
87 -93
-91 -11
-25 -26
45 -50
-33 100
-51 30
70 -83
58 24
-68 85
-84 -16
3 -64
91 51
11 -96
4 72
86 2
-15 -67
-62 40
-42 91
-87 0
62 31
71 57
72 80
-43 74
-65 47
9 44
25 -45
-35 -81
65 -57
39 48
-65 94
34 64
20 54
-33 -64
67 28
32 -92
76 -4
68 66
17 -67
-51 58
89 -11
37 -4
-15 71
52 -84
75 39
78 -22
-73 41
-52 -29
-22 -7
78 -98
-22 -82
39 -88
40 87
-41 -23
-58 -73
-47 -39
54 90
-9 -92
-89 11
55 4
-7 -29
20 -74
-15 99
-13 -44
-44 -60
-23 83
-66 20
-77 36
-49 53
91 43
62 -52
-29 69
36 -4
-52 72
-48 -32
41 36
24 82
-66 76
94 -11
-85 79
-79 24
-33 -79
66 -61
78 -18
80 -89
45 -49
-40 79
57 -1
40 7
64 -70
-58 76
11 94
35 -53
55 -47
99 -90
40 -33
-95 -69
14 18
-12 3
1 -70
79 -29
51 68
69 -12
-75 -85
37 78
-39 29
55 28
34 -24
84 77
82 -83
0 97
-73 91
96 -68
-25 48
-78 -52
93 74
88 91
48 25
49 -40
18 28
21 21
99 55
-43 -95
58 -50
-87 -33
-94 64
49 -75
23 48
92 -11
-85 52
90 -61
24 -10
82 -56
55 -7
63 -53
-68 11
8 -78
64 35
36 58
-13 -33
4 21
-28 -58
-35 1
-70 59
25 66
-64 -23
-4 37
-57 12
-48 92
-55 -72
-24 -61
21 57
24 -50
38 10
30 97
48 48
6 -88
64 -75
69 -32
92 -81
-35 73
-21 56
-37 -38
-14 -70
22 -16
-17 -10
96 0
38 -83
45 -45
82 1
75 13
-36 -71
7 54
0 55
-76 78
-9 19
-39 -78
27 80
-50 -22
66 -85
72 86
61 54
-27 -28
-29 -32
71 61
-28 -85
-96 38
-37 -3
-92 -14
-2 32
16 -78
-24 -85
64 -96
6 72
-96 -17
-48 -81
34 35
82 -22
18 -50
54 -71
64 6
29 99
-28 -33
-10 -13
38 83
-23 -90
-93 -29
91 35
92 -68
-35 -17
-5 46
-11 10
45 -38
-90 69
-89 -25
25 49
-51 -81
100 -54
90 48
-9 24
79 20
55 -92
15 -22
49 -90
77 62
-34 -89
-83 -59
42 17
-45 100
92 -2
7 -51
-89 22
-25 55
-50 -16
0 4
-81 -6
-26 -69
-48 -90
26 -75
20 -15
80 37
-61 51
40 -85
-48 -45
61 78
-34 -17
-42 -23
52 -6
-84 73
45 -68
-54 89
-16 -64
33 -63
-45 -55
-41 71
-83 61
11 57
-27 54
-45 16
-90 -10
-79 84
28 -30
49 58
32 -43
-21 13
69 10
-74 -12
-76 -40
-68 20
77 -95
78 78
-27 4
59 82
94 12
-23 -83
93 72
-79 27
-46 85
-21 -70
9 18
-28 -64
47 -76
-49 88
58 27
53 -96
-68 -7
-6 83
97 95
-1 -81
-44 -37
42 -98
39 -71
47 -20
-35 17
89 81
-21 -26
-38 83
49 21
62 70
-75 95
-95 -71
-21 -53
-43 42
-6 -21
28 -34
-90 3
-40 46
-73 -92
-57 -72
17 67
-40 96
56 47
17 -6
74 34
28 41
88 -27
24 50
49 13
95 97
16 22
-29 -39
22 -35
0 62
7 -3
74 58
-94 20
93 42
71 -50
83 80
67 64
-61 77
6 -87
-25 39
-55 -36
-18 53
-9 -85
88 34
-69 -87
69 -7
-90 8
-78 95
-19 -10
77 -34
-51 48
70 -82
-55 -44
-36 60
-7 -26
-79 15
44 -32
-49 69
-43 11
-56 57
-43 -43
47 -100
-37 47
21 -48
-4 58
77 -14
21 23
5 -16
14 -93
-44 1
42 -3
-97 46
-75 -21
-9 4
-87 -15
-51 -50
-87 -40
1 -32
-25 45
20 76
99 -78
-43 36
33 -65
43 -93
-60 58
-73 -99
59 27
-8 32
-61 -59
95 15
-26 -3
-37 77
85 73
26 -58
-74 94
44 -4
-87 88
-72 60
48 92
-44 -99
92 -58
24 -47
-14 28
38 51
-12 61
-95 -56
83 87
-47 84
-91 -75
-23 -8
63 -48
42 91
-88 21
10 -41
-14 -93
-40 -18
96 48
-5 -15
7 -90
80 -78
-17 11
-60 66
-41 -56
-55 23
-38 30
-38 19
-69 97
25 -89
-64 11
-71 48
9 -87
49 43
-70 2
72 -25
-36 1
76 -40
-25 -15
25 45
-93 -54
11 44
-57 75
-96 11
87 54
42 -93
-27 56
34 -8
-64 -90
-77 -100
12 40
26 -61
-77 -71
-62 85
21 50
-73 -55
82 -9
-95 -9
90 73
75 -29
-39 42
-40 92
-78 -76
40 -84
-5 20
-51 -24
-75 -59
61 62
74 -96
-92 -78
-49 43
-67 -71
-57 26
18 -27
91 77
12 25
87 -78
65 89
-91 33
56 73
-64 76
25 -47
22 -68
-70 85
-26 -16
-68 -16
-72 -77
-46 -94
-69 49
-10 0
-89 -86
-47 52
-47 22
-49 -12
-92 81
44 -53
28 -92
63 87
-42 -37
-81 -36
14 -95
59 -52
-43 -57
-5 18
-53 -73
-7 22
-35 23
1 -72
2 -94
-72 -45
81 -59
1 12
-24 10
-69 32
-21 -1
-44 95
66 57
33 100
39 -95
-53 31
-74 -55
-77 -10
29 1
-85 -41
-53 56
-86 89
-16 72
73 65
76 -13
-4 -42
63 -62
73 36
76 -29
-21 80
-31 86
-68 -90
11 -23
46 -32
-40 11
-66 58
99 -12
34 -18
12 14
-48 94
-46 -100
65 -7
-68 37
92 -20
-66 -41
29 42
40 -100
-1 87
43 -43
31 26
-45 51
48 -34
91 -29
-19 13
49 -47
-46 30
-15 -98
-8 -72
76 -88
47 20
57 12
-95 -55
-11 -87
3 -70
-43 -27
53 96
96 90
-1 -14
-9 75
-24 -47
-70 9
-50 -33
-49 -4
12 98
58 90
98 75
-83 -29
61 69
79 -78
-78 82
-25 41
-72 99
16 90
21 80
-32 -65
-37 12
59 56
-24 -25
81 -35
25 97
-89 -63
32 33
20 1
9 75
75 -25
-54 10
66 63
-66 -98
-13 -77
76 -47
50 -25
84 56
93 -19
6 -97
-49 -64
-61 -82
-64 -93
-27 8
0 -65
-82 52
-65 -5
19 16
-17 -94
32 45
88 6
58 -93
-77 -65
-66 -30
63 -46
-97 3
-93 68
-79 59
-55 -74
34 99
42 59
19 -69
-59 -52
31 -46
-63 -57
83 79
-45 87
-82 -27
-52 -14
-19 -29
-48 4
-90 -80
21 -17
-94 2
100 73
-99 -5
-53 -6
-12 95
-81 -10
75 -17
56 -72
-18 45
14 48
-75 -31
-31 93
-73 -63
90 56
-23 -86
0 -25
68 -18
31 -35
-64 91
-98 87
43 41
38 -66
18 -83
1 -87
61 -59
-89 4
-22 18
58 54
-50 68
-6 -24
-87 -72
-44 67
-93 35
-79 -8
-70 -50
73 73
-1 44
33 -62
41 53
-67 23
13 83
70 2
-52 -41
-60 32
-77 29
72 -62
74 97
-60 10
-12 78
-73 -52
26 -60
49 2
20 -78
-91 6
-39 64
57 64
99 62
-54 28
49 61
-29 -88
-13 -38
-82 -6
-86 11
-41 29
-28 -77
-62 -23
92 -45
97 4
-6 -52
91 17
-1 -61
-96 -36
69 62
25 59
19 -13
29 54
54 -48
79 43
86 19
76 -16
26 95
-90 96
-37 45
-10 43
67 70
-59 30
-28 19
-66 87
-66 -74
-71 -93
-89 -21
3 -68
-49 -42
0 -71
-99 -82
-17 48
70 44
20 -37
-5 25
69 -55
1 11
-11 2
-70 83
5 -36
-58 62
-89 -59
39 -4
51 -26
-4 26
57 -21
-74 41
90 65
9 -15
22 -17
-79 -89
95 89
19 -41
-88 -49
-71 91
38 -8
-67 -40
58 -78
69 65
9 -62
-30 16
-45 29
26 -29
40 -21
-2 19
95 27
-10 77
-2 -20
51 76
-32 28
90 -20
-38 -40
-89 33
-68 38
-85 67
-10 85
78 27
-27 15
33 85
40 -75
-58 -36
34 22
52 -92
79 -77
12 -61
-58 -53
-69 59
-70 -2
59 -14
-9 -49
-99 38
80 -18
-86 62
57 25
73 -46
62 33
58 -43
0 -89
45 6
94 -91
-31 -15
49 -10
12 -55
-15 -38
-77 -86
65 48
-14 64
-52 -93
92 50
-67 14
-86 -48
58 10
18 65
42 86
-64 37
29 -12
-56 -1
49 6
-4 27
-44 -6
42 89
-26 96
20 42
-68 -97
22 -23
53 22
14 -92
75 -14
27 -13
-43 -65
-3 14
-68 -45
-40 -99
95 42
-70 75
30 32
-63 96
-99 -74
46 -30
66 7
-30 14
-61 27
-66 83
4 -13
-37 66
67 -16
-32 5
-47 -46
-87 -25
-40 53
79 -42
-41 57
-92 -96
82 -40
-67 -36
-30 73
57 44
25 85
68 72
-41 84
97 22
-35 47
-49 85
48 9
-35 48
-67 -25
-10 -19
-38 -87
-71 -34
-5 -58
-4 -71
-56 87
45 57
53 -89
46 -4
-86 38
-94 -54
78 -19
52 -48
-18 -82
53 -60
-30 -85
-51 -22
12 -49
27 6
43 -39
29 -31
97 -80
25 -56
88 -18
-5 -86
-3 65
-31 -79
-16 62
92 39
66 -30
-18 37
-76 95
-69 81
96 60
74 87
50 -82
-50 -63
57 90
-100 76
26 -45
15 -47
95 -28
23 22
83 6
-6 26
-87 11
-86 88
-67 -62
-54 -46
94 -30
-89 37
-82 -58
-86 -16
-56 18
60 54
-20 29
-30 -78
14 26
80 28
-69 -92
-27 24
1 -25
-64 -76
7 -73
-5 -14
51 92
-71 53
-12 -40
82 14
33 -21
94 -21
-77 82
60 -60
-30 90
-89 49
19 -59
59 100
-88 31
-40 4
-19 -79
64 22
79 -46
-19 91
66 -17
-59 -71
94 -52
-39 22
-90 30
60 -51
55 -9
-69 -38
-58 -7
-88 91
-75 22
0 -95
90 11
-50 -4
11 -27
17 -62
60 -41
-99 -55
-92 63
-19 42
38 -65
-84 -1
2 41
64 17
-51 50
-8 -97
13 41
-86 -22
9 28
38 -32
-26 26
-35 -74
57 43
39 89
-86 -60
50 22
-91 57
87 -25
29 -20
-49 -46
27 59
70 54
98 84
-15 91
23 50
-73 78
-54 -12
-72 -71
-52 93
29 71
-39 24
-75 6
-17 69
-67 -80
12 38
39 -90
-45 23
-64 2
-34 -28
-89 46
15 -10
-11 8
-8 76
38 -35
-86 -45
100 12
86 -5
-1 -44
45 -81
84 45
76 19
-6 48
92 -7
80 48
52 30
65 14
-40 -13
13 98
-17 65
-67 -35
-55 -65
-95 -96
38 46
-24 -11
-3 66
-58 16
9 96
-62 -54
40 90
-77 17
-69 -83
43 -33
3 -24
65 -48
-12 -14
35 -38
-7 38
33 83
4 -92
50 7
-86 22
-65 51
-78 -22
22 -84
-56 46
12 -74
74 -34
37 -84
-77 -32
36 82
89 -47
14 -7
-24 89
-2 83
-44 11
81 -87
65 79
21 -51
-69 61
81 -7
-88 34
49 -69
-81 20
87 67
72 -16
70 46
15 -28
-51 96
-94 92
-83 100
-83 37
77 -14
-27 21
4 5
49 61
57 -25
87 38
-79 -62
-78 31
68 -61
14 83
-13 12
57 81
-90 -4
-18 49
37 60
20 96
-52 -47
70 -32
-18 40
39 54
-92 56
76 4
-80 -59
-62 -72
48 -68
84 36
-83 -40
47 -85
-19 63
-65 9
5 -67
-71 60
-90 -56
17 74
-88 -94
-27 66
33 84
-100 -45
-12 3
-23 -55
-60 -66
-50 -38
88 -88
-33 24
68 83
-100 73
-50 -68
-61 17
-31 -50
2 -38
25 33
-46 -42
-2 88
93 98
-27 70
29 -75
-81 9
45 38
-92 87
86 86
-67 -72
13 49
-13 -100
48 27
-10 -27
30 0
45 79
-48 86
-9 -45
-95 -5
-21 75
-19 73
96 -77
-45 78
90 43
84 -83
65 39
28 6
-43 62
3 -42
-1 50
-81 -22
-18 -58
-63 96
-71 17
-70 48
-1 -57
-60 -67
-49 -77
52 46
-38 99
30 -52
74 89
-91 -1
46 70
75 -73
-80 14
-29 68
-49 -21
75 -81
42 -83
99 99
-76 21
-2 -22
-61 27
79 86
32 -66
-51 63
96 -69
70 -99
-1 -68
57 85
84 -81
-71 -15
61 -40
-48 29
34 -45
-26 83
89 -28
94 63
84 -8
-60 61
-72 53
-49 -37
58 -47
10 25
-12 -75
-38 -32
-6 -32
100 76
48 -91
-83 -60
82 -8
-74 -92
-59 74
70 50
31 61
67 58
20 32
29 -64
15 28
-10 -6
-43 67
-49 15
-87 -90
40 47
-98 58
95 80
73 -37
14 -73
-31 33
32 -19
46 72
-37 73
-28 -30
-5 12
60 6
79 -16
62 29
-56 96
49 6
39 75
58 16
-67 -83
61 74
-61 -17
-10 71
26 64
-10 49
80 73
-14 96
86 100
29 26
59 82
-30 -75
17 86
72 72
-34 -99
-50 -17
-43 17
61 -36
72 -55
-42 -84
8 -36
46 -81
-70 78
15 -73
-63 99
-26 36
-32 -49
21 53
-61 -18
2 -20
-48 69
-5 75
13 88
-92 -79
-17 -95
50 -66
83 68
-47 -61
-64 -11
76 76
33 -48
-15 31
-54 41
-44 -92
5 43
8 74
-93 -94
62 5
43 -59
-35 -24
-80 -29
-6 7
-42 79
95 63
48 91
91 -11
-98 88
87 94
-51 67
-91 -91
56 -18
-52 11
-24 -35
12 94
-31 -29
-30 89
91 -18
-92 95
95 -3
58 6
47 -64
-10 -48
16 -2
-25 -71
85 -38
-93 44
43 -94
-28 91
70 65
-90 -40
-8 -24
-59 24
40 1
3 -3
-14 54
-38 -13
83 -16
-15 88
-66 18
52 1
8 33
-43 21
14 -90
-40 -79
-67 55
61 57
-35 -57
-44 -81
-75 2
-22 -92
-46 -88
-86 -62
-43 80
-75 -46
-27 -72
-90 -17
-58 -84
-58 -48
37 31
-54 78
-43 -22
-98 77
-2 -2
37 -92
-91 5
-1 -80
-50 83
-11 -24
87 -21
36 54
93 57
51 -18
37 -55
-51 -75
89 92
38 90
98 -88
-84 -62
0 -72
-38 69
-66 -54
60 -53
32 -8
29 28
6 2
76 40
-45 -80
42 15
-3 -100
-26 -35
-88 -34
16 7
-47 -80
-69 -62
25 7
-90 84
-14 -83
79 -44
-62 -33
-92 62
8 -65
55 95
44 -50
27 -60
-15 -18
-6 -40
30 57
-34 -39
-34 -52
66 -34
-12 84
97 18
49 -45
26 -32
-95 28
-87 80
-29 -35
83 47
-70 22
80 72
83 67
-4 -66
-55 -59
83 -43
-32 77
35 91
32 84
87 24
-46 -68
58 89
19 33
-19 76
27 53
63 20
32 47
-27 8
-78 85
-32 -100
-37 -3
-5 52
-7 41
72 -83
84 -26
0 82
86 -47
-85 -64
32 23
80 56
28 -24
7 -89
23 -42
-36 -50
99 50
-88 -61
-49 -11
-90 -88
76 -12
47 -89
42 -35
-73 85
53 91
-2 71
-3 -51
-24 -75
33 72
-5 -2
-33 69
-83 -91
-23 12
77 -29
31 12
17 45
-27 -49
11 -79
87 19
84 -78
100 90
27 98
-56 84
33 38
89 -71
-22 29
-66 -27
84 -69
38 38
79 43
-5 -24
49 -86
100 40
-14 -100
-80 50
-80 -78
87 59
8 44
9 -20
-48 61
-17 72
-35 49
-44 -98
-16 50
-9 -74
-80 -5
31 45
84 -60
-54 -17
41 82
80 -97
82 -47
-11 -43
-91 50
51 60
-37 -76
-37 -74
24 -98
69 55
94 -83
72 -5
58 -44
29 18
-29 100
-98 -16
-40 -46
-2 -17
-61 -43
-2 -63
-50 78
-24 13
51 -48
34 -13
-51 -37
-42 25
-10 -49
-87 -18
29 50
-91 79
1 49
-57 -11
-63 12
-10 16
-98 65
-66 69
-4 -10
90 51
27 42
-67 64
36 -31
49 -80
-82 -31
95 -23
9 -17
-95 36
-15 -7
14 21
20 47
74 -9
-32 39
-28 15
-21 -81
87 69
-100 -50
-7 22
86 19
82 -68
41 1
46 -4
-55 20
-56 13
2 -46
37 74
82 -94
-98 18
40 -71
-92 -16
26 49
84 35
41 -70
50 4
-100 20
-20 15
72 -33
66 -9
-16 -5
-69 58
39 53
87 6
-55 7
-82 -42
3 83
-21 22
-97 -79
-78 -99
8 -47
95 -54
3 8
100 42
-55 84
-88 49
-59 75
-10 74
-87 -78
80 44
-9 -100
66 86
38 63
1 -74
-41 -78
11 3
-38 29
-54 -1
18 -56
20 12
19 -99
-100 6
-85 -37
-6 -94
-74 65
1 75
-29 3
-72 12
-23 -79
-19 -6
29 -17
18 -60
-45 94
23 -82
-56 -44
98 14
9 78
92 54
-66 3
66 62
52 2
72 100
-53 -65
84 -73
32 38
70 75
43 4
-24 46
7 47
47 16
45 21
18 -47
-81 -32
68 65
-73 -80
-40 16
17 73
94 -49
41 -89
24 60
-2 -93
-58 -88
44 -3
92 27
-39 13
25 -97
94 95
88 -71
33 -46
-96 -17
-1 -15
-83 -7
-68 14
87 55
24 49
76 67
57 21
-92 -21
13 -79
45 -55
-1 12
75 74
-15 -53
68 19
91 42
-92 32
-39 3
-1 -78
89 94
-4 -38
81 -13
-72 -1
43 -67
-53 -13
-14 -16
-9 26
31 10
90 -51
-91 -32
32 -32
-83 -45
53 -49
-18 41
41 -38
-77 46
31 70
-51 33
85 40
80 3
-26 -49
52 -71
-69 32
-22 -51
-15 -28
-30 11
-74 71
10 3
99 -76
45 -8
42 -86
-84 16
-72 -51
-63 42
24 -56
91 -19
62 40
-81 -88
-28 -100
-4 -35
-30 -97
-29 16
74 61
-67 16
83 -9
-72 -66
42 -97
80 6
-85 -79
89 -30
82 86
66 -17
-66 -42
-6 64
98 19
88 36
37 -40
-69 -88
-26 -50
12 90
-34 87
0 3
-58 -30
-5 6
-68 -70
-77 -66
-99 8
-8 92
46 -42
-73 -63
-61 88
76 -27
13 -34
49 41
-91 53
-34 46
69 29
-92 -12
43 -52
23 -94
-57 11
-49 -87
-3 -2
64 -84
-50 52
-48 91
-3 64
-19 92
63 99
-12 -46
95 92
-99 53
53 -50
-68 -96
-73 93
84 99
27 -52
-33 -38
-80 -64
99 54
-40 7
-65 -96
64 -10
89 13
14 -71
-31 11
77 -71
-21 81
82 -27
-3 -27
83 44
38 35
-65 -80
-35 -6
56 -50
9 -62
-52 -10
-67 70
-23 99
14 -14
16 -63
30 -73
-87 -59
-35 -7
-52 -2
-62 -28
-87 -23
58 11
22 64
-28 96
49 37
63 -31
-52 66
32 -31
-78 44
40 66
-45 -96
83 0
-40 11
-93 90
-39 -28
-97 -62
69 78
-73 -38
60 93
9 -58
-31 -99
47 73
80 41
-14 -75
67 91
65 13
-67 94
87 -39
-12 65
-96 5
-100 76
-82 83
-21 -49
94 81
-89 -46
-14 84
17 12
42 24
60 -34
65 -92
40 -61
55 -24
-63 -93
-54 -87
50 -74
56 48
-96 6
93 43
-31 25
45 50
-8 9
-45 -71
-33 21
-83 79
-80 36
-31 -1
43 13
-11 92
-54 -65
71 64
-70 -96
-81 91
-85 23
24 -4
8 5
10 88
33 -88
-85 -66
-56 -4
-85 34
-59 -36
-55 93
15 85
35 77
-54 31
57 -59
-31 67
-98 26
16 -85
98 -92
-90 78
-45 -40
-41 -8
54 -73
71 -18
100 -45
12 -34
3 -4
95 -11
-48 -37
76 8
79 -38
97 -52
26 -88
-17 94
-44 -77
-38 30
-81 46
83 -75
76 -32
14 -55
-68 -41
57 96
5 -43
57 75
-87 -81
30 -78
65 64
-96 78
-12 98
95 -66
24 -21
9 35
23 77
-62 -48
-44 -78
18 -11
93 79
-17 41
-59 -40
-67 -93
54 -86
-19 -15
56 -71
98 -32
-75 -30
-62 -24
92 26
-14 22
85 -22
-14 -48
-67 68
-51 43
9 81
82 -42
85 -30
64 54
-41 51
-41 -55
83 41
-88 3
-63 -59
67 50
-85 -78
84 50
-28 98
-92 -19
-54 -68
-86 99
-45 -21
-72 -48
29 -34
-23 74
-55 92
56 -10
-37 65
15 48
0 -14
67 55
-78 68
82 70
7 40
23 29
44 -26
-64 -47
50 -80
83 -67
12 -24
85 80
-69 -63
-7 40
-55 42
67 34
45 89
-69 -98
-25 -69
91 27
-52 -78
-42 65
51 91
16 54
9 91
100 -32
-100 -85
28 7
73 45
-14 -44
86 24
-42 19
82 -91
-56 -74
-6 26
1 -97
16 -92
42 28
100 65
-62 -36
-23 -26
-30 2
-88 53
-80 46
-81 56
-84 31
-25 42
-98 74
-90 6
-26 -17
-88 23
87 68
-83 38
20 51
0 -9
-21 86
-47 46
75 -78
-40 -99
-99 -62
-72 -24
70 91
-64 -83
63 81
-54 -43
-50 -84
57 -68
-42 100
72 -8
77 -55
11 78
66 90
68 -52
20 -94
8 -85
68 70
-88 -98
-54 51
76 84
78 -28
29 -87
45 54
-17 55
-11 91
84 95
-25 18
-3 -15
-52 80
19 39
56 11
-95 26
48 -8
30 60
16 10
72 -44
67 -43
-81 -92
-4 -51
-68 78
12 6
66 -18
40 -87
-52 -12
77 -61
-35 -77
-90 -34
9 -79
-48 58
-56 36
-95 61
8 96
-19 -70
-5 31
-73 9
-31 -55
64 -8
-28 -63
-43 18
-5 18
61 -66
90 -76
39 -61
23 0
-55 32
23 -60
-53 -90
-33 -91
52 -56
16 -100
-25 -76
59 49
5 -19
-24 -14
63 -33
76 -86
-73 -48
-54 -76
90 34
-17 -88
65 10
-18 -83
50 32
50 -40
90 -64
-41 32
31 63
32 87
56 -37
-98 89
69 63
-13 -67
88 9
-32 -38
53 -56
-51 25
-52 -5
-89 29
-26 -44
0 47
-34 64
16 40
18 -57
-18 -92
-14 97
-8 -43
86 -48
89 62
-97 -64
51 -9
-73 88
-52 62
-39 -27
7 37
-96 -93
-37 85
-87 -35
88 -7
-43 60
70 22
-6 49
-49 62
-62 -37
35 -86
80 -49
-67 -69
-9 19
37 22
-48 18
34 -78
93 -65
7 -72
-69 -84
-78 91
47 79
-52 84
42 -50
78 -62
-28 -53
-26 25
11 94
-73 -9
-1 23
95 74
-18 37
4 52
43 39
-77 -5
30 59
80 -43
-20 -30
75 -66
-89 74
-13 4
-6 -55
79 -12
1 -24
-30 -92
14 69
-23 -20
77 -37
-70 -10
63 47
50 62
-93 81
20 26
-81 33
-82 -14
20 -62
46 -10
68 -10
25 34
-90 -45
67 19
80 77
-44 -33
-31 -42
75 39
98 -42
-44 -72
-63 26
84 62
-1 58
-6 -19
-84 50
-36 86
59 -54
-11 -39
-81 29
-14 -94
28 -10
-94 -58
-77 49
-43 58
-31 -92
-37 77
-53 -15
33 69
15 50
86 31
-76 -75
-8 -14
-1 -77
14 73
-60 12
83 88
-67 90
-72 13
-46 8
7 -59
87 52
34 -47
39 -99
65 -94
55 -97
57 86
-75 95
79 -22
-82 21
-42 21
-84 78
40 24
-60 41
87 73
8 66
80 -33
60 99
59 78
-63 -7
-60 -48
70 55
-32 6
75 -37
-86 -95
-40 -97
-97 47
-27 97
26 -80
47 -2
-55 4
13 -87
-74 28
95 -56
100 -91
4 90
-78 -76
62 92
69 -6
-39 26
73 29
-47 55
-10 -31
-35 99
6 -96
84 -25
-32 0
23 92
11 -41
-28 89
33 66
-96 14
-44 100
-9 16
-61 -57
-92 82
47 68
12 -94
25 14
-70 80
3 -37
99 15
78 -79
-17 -31
-41 -61
60 -91
79 9
-17 -41
-20 36
11 -34
96 88
90 2
-6 83
100 47
-71 89
-22 -22
-70 97
-41 72
-18 -82
-58 46
51 -24
67 84
-68 1
80 45
18 -79
-54 56
-99 46
-41 45
20 -7
81 97
72 -98
-80 33
-21 -78
45 75
31 -19
-28 -42
94 -35
31 -35
96 -48
-57 -37
95 -9
46 18
-21 -15
42 70
90 99
26 -22
-49 90
43 -7
-68 81
4 -58
-90 25
23 56
41 32
-70 -45
-38 -89
61 91
-73 -22
-13 -58
16 -90
-76 -93
78 -92
47 -39
-45 -79
43 11
88 10
-29 61
-20 -9
-99 10
-28 8
-76 49
93 56
24 -96
-57 67
92 53
96 -61
-28 -14
-80 -24
62 -14
-31 23
53 -16
95 90
38 43
-37 1
67 -8
-11 100
-82 -96
56 30
-85 -96
31 -25
57 31
36 -27
-57 30
66 -2
30 -44
-99 45
-93 -56
6 -78
81 -100
20 37
4 -88
21 -2
30 12
73 57
-40 96
-49 -88
-32 86
55 1
47 -81
95 -22
56 -11
25 59
35 -50
33 -71
25 22
-59 -62
52 27
-15 -25
70 -17
-31 -14
-67 93
-91 -24
-97 -85
-59 -14
-22 35
-37 -28
-52 75
-30 -9
13 26
26 -94
24 -78
78 -25
6 58
-84 64
77 61
-25 -90
17 -100
-51 -31
-2 -95
14 35
-45 -10
0 60
74 27
-3 75
43 89
36 6
88 33
56 2
-76 8
14 -86
37 -79
-28 -66
-69 90
28 2
-16 77
18 -81
7 -52
21 -69
39 -68
27 -91
50 46
-13 95
-23 -61
28 -67
-55 -26
87 30
-99 -21
52 -70
50 -67
8 43
-91 75
43 91
13 -40
30 93
-11 -48
-36 -61
-56 -90
58 21
-42 96
-90 49
-21 45
-1 93
47 95
27 -17
84 -65
-62 40
-93 36
-47 -74
56 -42
-42 -81
-88 -40
-68 24
87 11
-59 -91
43 -91
-48 -56
-71 -61
54 88
-38 58
-35 -13
9 45
8 82
25 -55
95 -15
-66 -68
-83 32
0 -1
-85 -51
40 5
47 -8
73 -68
-47 81
-91 -27
1 48
48 -63
-94 -71
-78 -90
-100 -100
76 -38
-62 88
12 -76
2 -49
19 -85
95 -96
5 0
12 13
75 15
94 33
-91 48
63 35
-66 -2
-74 -28
-59 -38
-70 46
57 48
6 -21
8 -22
-73 -71
-41 -97
8 -3
65 -60
-87 -63
-36 64
-26 82
-95 94
10 -26
-66 44
74 -29
51 -90
94 90
-78 -80
-67 45
-24 -94
93 65
-35 16
20 -43
-65 -26
-36 6
-79 53
-37 80
-18 18
-79 -6
63 77
-89 -33
99 39
-94 8
96 34
48 17
68 -93
-31 89
-85 37
76 12
-48 15
-46 52
19 -2
81 99
-12 -38
-98 54
8 80
56 33
4 95
9 -82
86 54
-6 11
-74 -43
-18 3
28 8
73 20
92 -88
-36 -70
18 58
56 61
-43 19
30 91
44 57
-21 -42
2 -60
32 52
-34 -57
-1 -84
62 -36
-63 -10
-34 75
-91 63
31 64
-62 -1
-20 -77
91 50
28 68
81 78
-76 29
-9 -30
28 76
51 4
61 39
-7 -27
-89 45
35 -95
60 -5
-26 51
-80 30
39 5
79 34
-86 33
-8 -68
39 -42
-22 -98
-75 -97
-7 -59
59 -71
8 -80
72 -42
-86 85
91 68
-14 44
40 -31
7 91
27 -65
-92 63
-59 73
-92 2
55 -9
81 -91
25 -16
0 -94
30 5
21 0
-79 -35
2 -99
98 -78
-75 -37
41 11
-80 -15
54 -13
69 -7
70 39
60 92
-68 -34
87 -22
17 -61
1 11
25 -23
-59 -86
-67 73
25 -13
72 -80
-8 13
43 52
-65 -61
-47 39
53 -29
29 -29
-28 31
-29 -87
-85 -69
-15 92
49 51
97 70
32 20
92 -40
91 -51
93 -64
66 73
-7 14
40 76
-87 -73
36 -16
-51 -24
-89 37
69 57
-21 -46
-9 -85
-68 22
-55 -97
-99 -53
-46 44
66 55
-41 -3
34 83
-73 -94
-50 -80
-90 -96
33 -93
-27 18
41 -74
-72 -72
43 21
-28 -35
-24 39
-4 19
-85 72
-13 48
0 -67
63 -29
-30 -87
-66 -70
4 -54
72 -57
-57 -78
-39 -47
-36 -60
18 98
1 64
37 -63
-30 -76
-33 66
41 -84
-6 -33
-41 9
21 76
25 -28
18 6
-59 -82
54 -58
33 -22
90 22
-8 50
61 71
-24 -57
-35 -35
-37 -56
-49 -44
-47 -54
-23 -27
-34 33
-29 -18
13 -10
-81 -60
6 44
24 69
-94 -23
-78 -2
29 86
-11 84
-49 85
62 -3
-12 25
37 20
13 -25
0 -89
-63 -2
98 40
18 87
-86 44
32 92
-3 94
79 76
30 99
98 69
36 96
-68 -85
49 -25
29 -33
9 14
72 99
91 6
-78 -51
42 62
-16 -28
43 78
46 -76
-88 88
43 -40
16 23
5 -61
22 43
56 -55
-98 51
-87 81
-1 -32
11 18
52 23
-53 -84
7 4
-56 17
44 -82
7 50
42 38
-42 -13
-94 -92
56 54
-78 -21
24 39
55 -56
96 -78
85 -39
-57 -80
97 19
-75 45
11 -68
55 -16
-61 64
58 -71
91 30
-24 -98
-23 54
-50 51
-8 39
-70 -42
3 81
-40 -51
91 -7
60 98
25 -79
19 -24
47 88
-30 97
24 -70
67 -99
46 12
40 33
45 -18
-41 81
67 -85
-21 -80
50 30
27 -32
82 -48
52 -68
84 -88
14 36
-39 65
38 88
76 -92
65 -61
-37 -97
56 76
-59 36
55 -55
-78 -46
38 -95
-29 42
-93 10
-75 35
99 88
-84 -94
-91 -16
-21 -29
-79 11
-48 -1
28 -95
-74 -15
81 96
54 19
27 75
89 4
48 -36
32 75
-66 -88
-59 -58
65 63
-11 -15
46 83
-69 -3
31 48
-51 -49
-50 20
-22 97
-29 87
-9 95
-20 -100
35 -85
-85 20
34 -17
-77 71
-100 18
88 -77
-62 73
76 24
5 13
-19 22
7 -91
44 81
11 60
-73 89
93 76
-4 -68
29 -59
-80 45
89 55
-48 81
43 -88
48 -40
-81 2
-15 56
-42 56
64 -93
10 56
85 73
-1 70
50 -2
-3 59
100 98
70 -43
-98 38
15 -77
-45 82
-85 -71
66 -22
0 38
-30 -28
68 -45
37 6
19 -95
67 31
45 74
57 51
-21 50
-70 42
5 59
79 -48
-15 -61
64 38
-23 -19
-9 75
5 -85
54 -5
32 -93
-94 -20
77 25
-41 53
-35 97
-10 -78
-54 -52
7 60
85 10
-87 -38
63 -49
-55 59
-89 15
-11 -76
-70 -74
39 -19
62 75
87 35
17 -13
-77 -54
69 70
82 94
92 71
56 -14
-92 76
46 40
-50 -29
-97 -20
-12 -86
-58 -39
68 100
-29 39
-94 43
15 -82
68 -28
92 -17
-21 -53
53 -67
7 -46
-11 46
-100 88
38 25
-64 -73
55 46
90 4
-25 -40
-63 -5
-30 52
42 -74
69 8
75 -60
-27 -69
60 -58
-91 9
-75 29
-5 37
6 13
78 -56
19 67
55 74
-16 57
44 -38
76 -67
-52 31
-59 -7
34 47
-12 51
39 -91
-98 -19
-85 1
20 -8
88 -90
-79 69
23 91
67 -50
5 6
-78 11
0 -30
36 -76
-72 -59
54 59
59 -40
