1991 1992
-562074 -574348
-252925 -115338
-646404 -32233
275936 -803551
-99223 -990502
61494 172099
-634655 -942045
-310609 -179876
-135310 389950
-619605 -901462
91280 107707
-206666 116702
869467 -708555
-338014 -37431
-84045 218273
-528439 696383
-494360 904827
233258 760117
-150614 -897631
389747 -587242
539194 -47994
302605 -104740
-348388 -984863
-404165 -46724
764533 186449
343162 283994
-664804 -255235
-982728 603734
-579786 505172
-768098 -103133
36023 794598
-879945 809778
-71512 965684
84626 872932
-952634 -491794
-221577 880988
974499 652479
686073 -270732
842295 222331
-695895 946764
280987 -237623
-744160 -771350
441951 -496088
491873 895806
961172 373095
-356700 699781
-72973 -193591
-392462 111631
-865509 869619
-651117 -652035
377540 353447
685425 -990617
-736433 924717
-396405 -249951
523521 653439
530714 -486576
-720441 -906713
-886154 -435659
-644203 -904682
-974946 302633
327205 -85667
-48063 -812588
-478814 375340
-609698 808997
125517 971742
-88935 659765
645511 92835
65296 76102
84980 -743782
-694162 907619
-108425 141655
-160608 428683
834514 -101886
416765 924619
-436496 158753
248143 299308
-138220 715802
-111882 -342359
276903 688381
-74114 -227564
195868 -848571
875231 -592418
446318 824013
-161667 825068
564136 -635316
-111320 787007
80207 774234
-101368 661721
-22783 -11606
836584 263382
522043 649719
934022 -997804
-307886 -663659
-377233 85504
-884049 -659771
177187 151544
-47760 645575
-766988 143631
274460 -66830
-433912 -662853
-203435 -648234
903086 699883
-3304 -875892
698431 -308077
-504296 -153054
-683039 -895705
590118 341951
-677871 30383
409908 319717
158169 358640
-743099 545520
-774655 -952428
-62345 -436219
898108 357213
548937 848216
662276 947727
866714 592550
-119729 -561900
557224 -615077
-769570 401828
-761027 654116
763057 582992
-662986 441965
568247 847392
-130660 837654
769816 228231
-669060 3395
-953881 -571181
-894322 227447
-584713 113992
-150925 751912
-151611 686224
137371 -833825
-756191 666102
-713258 -355426
109332 -371479
776632 777005
-278820 494900
-531415 100827
390223 215791
541418 -991143
-234076 910335
-342502 -654001
-278179 -666401
-283153 599074
-773960 -24568
-1449 -217563
538617 224482
-576426 436598
-511523 461634
204618 -650258
475797 -668534
-44082 -872474
-964031 349463
74337 603003
327311 859
-444366 -423773
-309456 122415
-980173 -64280
-394758 -960772
-25752 755009
642093 -663441
67935 -505138
-776319 -676974
-776398 -175138
188922 661356
987484 499728
-832184 938059
545916 262347
-916052 721006
-695444 -358256
-275528 -954802
-369665 -986827
-538777 506336
-158025 30828
-704980 -19859
146086 -720307
764283 377007
-525207 682980
-239965 -261024
203223 309762
36446 466250
-130453 237686
137353 -958644
591061 287373
678988 -602035
-365868 -607489
544282 -652328
597285 540307
-328517 792368
714489 586476
-91137 -322278
745505 -507173
-496546 -803817
-540236 605172
-654724 -445960
-911842 198938
163254 221376
-746620 392615
494716 -776323
358025 108829
-566357 -737013
-715953 -576834
-690045 -752745
-247007 19011
6490 -98341
3977 -259149
786281 690614
773773 922800
583263 -887856
-853425 -208987
-269539 -819060
-836195 258318
439908 400055
184112 344194
-901306 42875
68697 -116373
-356890 -610009
550077 418234
-553154 -969370
-747632 61890
278407 455099
173181 37272
589359 311121
642972 318495
341746 -738535
575075 821796
525547 -615158
-551563 -225083
547707 165786
-570081 -503953
879470 -911325
-485733 -781417
-449043 141868
248898 -237908
32012 -919409
247595 -902330
-358396 179727
531091 -50056
-604147 156171
-963751 221950
191081 -773489
184469 -557765
390598 -798683
685244 -534295
-140848 -227054
356610 -815767
-880785 804444
-296655 -62135
-653502 883524
-647610 -550525
138149 630213
-730973 -308196
-80738 126363
-528097 -432005
742898 350314
933612 -785532
-38280 811694
-162613 -589789
-46950 -351964
867595 101
-54994 -235061
-56718 853976
400263 436504
890788 -18087
935939 -934085
872543 338579
-482091 128717
351986 -28134
-448124 126817
-682792 -168458
823550 501061
-116571 426916
-610549 -997141
-187671 -397359
552381 -408513
101211 -429338
-315804 -716718
366696 297994
526890 156926
672585 -664557
567847 617707
435790 744704
413491 770811
-972991 -39831
519675 -911403
965204 -957323
-867542 -800912
-147368 -482890
205807 -806586
80163 -616957
591235 -918850
490387 -360429
-213621 556907
309719 -345365
899003 -351468
-699204 726081
-743198 683911
-402821 -93020
602401 416872
788086 -180260
384321 -61851
273108 -553592
606056 -771875
-650302 828923
-484452 -779735
-973770 517135
429196 -161563
-652879 281685
-47783 -583879
364654 -695014
-896683 548986
-104252 -612910
-129190 -115963
933364 877261
963338 -64503
-512982 250322
979913 793905
378447 -167273
506748 -77576
-975298 25300
546942 -327693
-809282 646470
-617024 361708
-482021 696289
137518 425673
-124604 501539
742985 -894127
-484391 -521128
648049 704821
624478 -717591
-716655 -974643
-678070 -517072
842491 -659600
458155 943174
-240203 -656940
167682 -533722
-484031 -917924
-709560 -507971
555007 731840
-960605 -777375
-548869 278979
-344346 -353371
348271 -475697
795687 -494434
-104297 517061
49163 495765
259017 -257369
-906867 -730318
867105 -731802
940576 -808470
-28237 510385
-955884 -950692
879933 -578546
-476956 -869201
119613 -105614
-399309 -670520
-491607 -264611
-505491 158562
-676687 -143078
700720 -774067
958683 316930
-294769 -561028
69373 -269262
14607 -383085
-276456 -423397
599447 -73164
43450 98050
798810 631356
389972 295501
438659 -8959
-406622 853347
-364357 -755154
210004 270932
801440 613708
-904038 -188031
453228 52334
-522934 257202
-430752 828122
553154 -507591
-58321 -701498
-821703 -619114
921626 -711261
-229722 -115499
570375 -228840
-867145 -989581
-529170 -727006
-398807 596338
688221 368756
99771 904050
434481 -986950
606497 -180458
357583 685948
612036 -626833
-132029 583179
-808111 323827
-325623 574698
-92126 925412
564903 -622625
871226 767690
818400 -168889
320483 -63043
-383834 920335
826146 -151258
210269 -189355
-793557 195906
-733435 -751957
-12918 -672707
-972489 188766
663535 756091
-638787 -158898
-949478 -608800
387970 739433
584795 -81318
-831759 389583
-474452 970117
612843 -973385
-356247 -315446
733755 -314225
-883122 389177
329410 832957
700526 -941809
-196694 121505
-856968 -395750
-206458 -148311
-472185 487982
665091 914448
151760 -540626
988994 -496678
897679 354758
168776 771923
-936198 -106695
940388 995403
988816 562620
633300 -317647
-237884 -174864
-112245 -341503
-770656 -207157
-105619 -792503
-121612 -467209
93372 -391591
480601 591955
-631739 926644
376799 390952
74612 -273827
-969750 -690022
831159 172898
454570 -609068
213447 291738
-708279 809643
-752039 -567542
-286522 733507
52665 278673
-395624 -551076
552662 -698340
407573 -927393
32636 680380
584013 -702307
566685 58357
938582 454595
-597333 -83769
-317615 955441
155216 -177792
-878543 -397098
328240 -252245
-149807 -838114
104430 -716748
-803799 367218
657213 -832243
161133 -844963
936154 224851
62312 858691
753564 -846690
-265974 -100998
172382 201073
674181 -451365
545345 305055
55881 322521
-751389 671056
830540 -857677
864451 829527
365617 -833948
493632 285611
791425 902032
-320161 -835517
-885013 -917560
-153182 744787
-330797 -565299
459114 -853812
-764751 977792
61248 -53753
-453657 -133894
-547955 700945
559104 372443
690538 391188
839490 476375
-67167 627493
405083 381343
936566 -904243
780670 613916
-589853 326021
-483363 -227304
-771167 -730927
-870200 -534243
-398655 967313
499365 742266
390987 -496620
-939134 -25912
867113 677519
512748 650329
-814717 -207462
623636 181053
-869857 109129
-165331 -404039
196843 -646385
-361576 -917604
-319675 -883528
-369848 289105
627333 -228250
-546274 699959
-497159 89402
192716 -548645
-596851 -880488
101767 -364870
16549 -443238
856496 158497
-282153 257899
-324746 690587
530010 -410346
-559123 53332
957581 -864343
575350 99670
-457923 -31141
558194 -838675
110473 200630
-872804 89091
-308501 -700229
188301 590391
-57926 872586
-764895 -203056
256706 -952295
-122626 -921260
165746 113749
-958758 601644
-720087 6382
-865045 -803217
553161 -158931
-678588 -669984
610778 -750118
-953333 -377998
-306745 876974
-956923 157446
876341 740233
-516755 737184
-625829 -494104
842375 375891
-516830 -646981
-246300 -805789
180272 -436042
-61403 -86990
-132199 -818578
-337416 375020
84929 278277
-457386 950094
-366285 -418153
708270 -775268
-574643 979965
-430733 -219197
-688830 -922110
-436674 -767381
324079 333659
-698965 374843
-477275 135198
-804933 -411873
546228 -805273
599905 -544256
585365 -844009
-289463 269703
-580148 -582569
-685867 555789
-584408 934703
141697 -810216
607777 370681
186748 -454880
234942 -1463
-95039 714932
-380778 -238687
259748 -983497
-450397 -180451
996165 863637
990822 -647483
870047 590439
692343 -887517
610436 511054
-851558 764177
-863439 658900
114210 754970
477726 612993
41357 -595717
387577 -261127
-663657 365626
486642 225826
-29580 956894
488609 96972
-64473 417786
203037 795011
578175 294823
-502845 52446
-386990 588571
-213614 659286
-394797 279847
-123775 -200941
-231646 -54267
-416822 -674301
300525 427635
644816 177916
-283125 824252
384184 481462
529491 -810427
53122 420204
-644367 -160840
391106 -992893
-23830 -432717
767273 911515
296836 -611770
-546108 166283
411303 769620
-105645 303273
570112 577651
71631 777351
-444846 -161062
-558485 -212049
137124 408334
-863300 337796
202385 190451
-774879 -573098
-365777 -599304
-298448 -942248
-626013 -259860
-14842 -696882
-891792 488629
-617671 -983127
-923544 -664658
-113231 520745
-400747 587728
-609849 744196
-392896 969494
496053 851339
475311 572349
-327767 615119
-997067 219142
187537 449779
357807 -675343
676985 926430
-866880 774228
809892 103403
429244 -854446
81832 -850649
-962981 -2118
406597 -40605
878174 -675394
713945 -683719
835710 -452195
-590676 -280229
-229480 740784
-252721 -737365
189969 910574
-991888 -633693
655519 172146
-528916 261220
118960 969763
756727 -726084
-538617 120138
31890 370042
-571389 -944781
832913 -253444
835662 2849
229053 901636
898105 -121267
-224191 50772
469989 910411
29804 379417
-462449 -115004
570417 -969370
497165 158587
-872434 789998
993165 523319
347101 418003
-977936 240442
-335449 -544101
76907 -557519
-835358 598200
-531386 828764
471456 -321289
67596 953399
-647174 -80507
107880 -340136
-868158 -319257
496724 -535912
-891479 164880
603736 602667
616183 -37175
-66807 525805
488781 -643665
-365551 453804
88537 128631
929189 -482583
131962 648830
664379 -322352
-379901 84014
782766 905587
-382159 -841611
-656567 938268
169595 -810298
94563 178445
144240 -946601
567818 173956
-658374 610066
-192356 59560
742562 -642526
-342372 -288859
-370870 -126404
-147715 -239364
-622529 993975
125290 972970
782964 -361239
461933 -49940
414222 -110427
469480 -256231
-29915 238596
-133269 -561679
-731237 -627893
-83960 40542
522743 -447229
876933 417119
-813405 -922430
-684994 -83321
869995 685888
674366 770036
912989 411596
-750670 -950075
-877903 106558
483272 19785
-9534 -269459
870587 67726
-683406 410966
461907 613648
-69933 -303803
-962804 847527
552277 -910530
-799161 470694
-664372 -850283
-948776 -461388
35900 862863
-445270 -952006
654965 923451
396796 121570
-513884 368697
938717 -549914
552981 231817
-167605 -844191
902231 134559
584901 -120104
-631492 -983618
-680191 -274466
-278709 -621861
-524659 -226400
-11998 -818509
-292079 509204
4059 -622761
20441 215996
-168935 210825
50976 977959
-183274 -518059
945712 459174
661444 -198178
-18980 597482
-30888 752578
680875 -559575
-219038 -725822
431367 -265872
499618 781694
-839087 -346775
-393329 175840
552921 681767
-369523 -139550
-738529 779761
-148645 808919
-252253 -723281
-759709 697118
753078 858038
866393 -178633
74111 -907856
-162955 831219
-88941 518667
-864949 -869496
538344 115027
-749492 428621
595611 -717540
685624 714648
-255360 -895169
412941 435404
451415 764079
-215394 698789
-354210 66245
745371 -273460
-894175 381015
797001 338229
-117576 -53350
84044 986594
-915720 794094
608968 405699
-974851 66804
-497972 -13567
478892 -743994
251262 -158372
799947 -438076
567527 -358821
-216214 952514
191499 -74809
-775325 -254073
839468 -257453
256511 -604106
-566571 243822
745380 642281
-131164 788067
-358645 156217
-813529 28913
841662 433129
-728487 -969719
329290 -918690
-123685 259600
-543866 -198805
803680 528705
-939711 647823
-948593 -780951
447187 -958329
879257 101645
370493 -728639
-8286 -935631
-89560 -781776
-182063 444409
954340 107005
171826 658255
15154 -990165
-170526 923792
-197361 732295
179305 -143461
-406718 105209
-821075 -288226
49440 -991871
-574916 -576649
580654 688693
-718986 647570
919293 -707295
-539524 -958385
155012 9605
800905 -225999
242810 -115265
-761432 -858952
-976217 -586564
-210783 263916
980477 -689700
-347080 38212
341316 -985005
-394271 503828
16756 87597
-941788 192492
-227524 782519
133429 -214470
8612 -963777
356217 28369
962373 -433200
-874202 268055
771773 9985
-934223 -925391
-657538 471875
-256215 378143
162937 -190865
885281 -990588
558298 885866
252630 365240
936842 -663876
-17394 -956266
389455 719143
-273873 -47258
-553458 877462
833583 996042
-277158 -34735
-786153 766720
625424 -199485
965562 -366927
187400 323798
136723 268002
903449 -956671
-352973 -327566
365945 -140678
-543713 -162793
-584598 -178480
-469992 -1384
-310151 -234004
586634 898030
620623 434995
43467 -322696
120892 -716482
968415 -878284
-104792 -56742
-567633 8266
-640686 -782430
511485 320804
855684 -993916
823787 -412485
-535614 -563974
862590 -208494
-581750 488898
47584 -360912
-656521 -721994
-542924 -751408
-713462 909841
189284 -93843
-368832 -701329
149163 334795
-392711 726978
31968 758860
847874 63465
976665 -323322
-598379 -776757
-339058 183668
-265537 66909
526552 -756442
-663674 -358331
969381 857901
359719 56320
419692 854238
330714 109818
-335558 149025
872223 -637145
-385338 728436
-164696 -952502
862110 -897370
174704 -356411
961756 -61640
831406 -393460
571998 -639196
161759 -334742
-733643 -678997
41087 -194203
-713392 666960
-272482 -883742
-29024 673923
401094 62468
71316 -579326
89669 -786909
445893 765601
-260480 -781273
248154 593688
778608 -988716
-7619 -51275
-894625 -591753
982238 970622
-125063 378037
883756 -733051
-881958 859438
256867 -819196
-737851 43180
636462 842425
503629 -321374
-496757 590972
-872688 264149
-695061 506003
-639222 -976513
920816 290220
-521386 -415897
729267 -261484
-970577 254541
-820694 -290530
-916249 -4862
327630 898339
507359 -402126
-273653 766704
80649 865427
-570983 -333948
79795 743365
90034 332288
-915073 724676
-459623 348985
259678 196631
333352 -737441
-62850 190446
-680664 -522801
451928 661610
85526 -765647
-515782 871351
-406837 -266402
354152 -339752
-425711 -694303
-967516 522766
-166307 451452
-129908 -67832
389517 758377
859687 -728243
-224020 -571308
-953555 170448
-158685 -403065
-983012 -596793
530077 129541
147467 -765099
553772 388831
-503906 -516712
-38614 -659303
-989311 394180
853209 777910
-860024 -183113
661564 528639
924032 -919238
-440917 -967534
977988 150204
-577579 -681713
-570359 -84151
-581798 410532
-307196 327632
853059 576907
-812917 -304746
-592940 -503763
-86989 581437
458040 -757706
670382 -509029
-262484 -752547
-696885 -170137
-89095 783376
398827 -797952
-491110 -276288
-689649 -257799
-454106 -559942
363048 -573652
534615 474738
-264920 362008
872299 38574
934591 -56686
470451 805210
406915 857194
-804876 774004
-373537 -446555
-107398 -130619
-224150 466299
682827 -784131
15078 629657
-313974 452581
-215136 -279137
-625034 -691932
-988355 108308
80914 -365578
805851 -216740
414613 48323
-732574 -556369
-734660 65980
-696656 -326718
-271042 -381282
291644 -934523
-688047 932153
-158314 338471
156476 -978658
-162496 540072
417247 -760532
48384 231579
989623 199293
319275 -873800
628545 750831
35498 -605636
-44226 -413908
646792 801021
-826207 507893
-700220 -346564
66652 -187320
562821 34839
38947 -667876
-376218 560034
66511 616403
-674745 651882
-980969 883044
620267 739523
-863432 -891338
305553 119411
278420 -110439
414091 985429
138777 788726
782025 -760732
454764 627707
53542 -95374
-351883 557280
-292534 877885
885000 920152
-170912 -12393
-829085 690009
186418 16332
-703569 858327
-605610 785623
-293104 290539
-860662 711274
772966 -508475
64470 -310438
-811026 -574226
-419102 -750850
-416686 105957
17116 240959
460907 -298024
-425484 706693
959802 53836
819626 617012
-679780 312018
279407 -221336
28441 -959369
-494045 -202345
-213405 -89198
657782 749211
-200017 279040
928538 -4319
684954 398931
-832565 -200071
-239261 342013
279017 -920366
324999 974528
-156255 262324
-164065 728716
-82205 -904183
-910404 939323
473792 2172
-850835 4127
538887 -944530
-545513 -395852
-984830 54888
175597 -248762
869537 996312
328799 876384
-948894 -179906
525214 472008
569402 948328
788311 -273418
119504 -942967
-706171 562331
132099 515333
-76324 -314341
-95369 148223
-227086 54511
792618 -359262
-721963 85139
-605112 -424999
-940279 -13620
278927 172759
119282 355131
67580 -621826
268167 -970835
-617435 -357986
524643 181747
-483450 179358
80729 -380677
-829819 741383
590110 359530
158866 839675
541284 652504
-452671 -876201
375011 880799
-171560 94265
-675044 -666667
874445 488072
982387 266270
-261362 931985
982315 -963356
608640 -661544
796776 -613097
-37429 610960
81444 546231
712799 -286740
537543 -96748
-715740 851327
-719898 -22120
-662614 89137
-48974 56690
-344649 886968
-17804 -495391
-143966 827699
472508 687337
-862070 854657
555890 -216790
-321499 307306
721214 -781392
740317 -421771
-944138 580887
-323749 209228
149949 270756
-210709 615213
371800 282950
32512 485477
-783012 -466956
-944738 603415
-312839 962412
-937150 436710
722683 848874
956783 163948
-55568 -986250
-703454 330363
288374 14392
-174551 -837625
-189766 439962
921879 228999
975004 -815935
-715758 93984
-293850 -682370
960961 -993287
872140 -696279
643681 -460199
-264461 -28591
595916 444392
648663 -154188
-716112 687614
-899762 349647
412794 630240
944422 855129
-774423 -671684
-629760 -682101
-963373 331773
650433 -809386
426905 303254
-241608 11295
-609697 472990
-152458 14519
438057 717741
538135 -200234
855497 -36224
-892528 -693805
-157199 -107314
692122 475565
990375 553980
77330 863872
814080 -240374
996512 -82682
327780 575354
44570 -838441
546938 1154
-543134 -672368
351275 -304451
-517334 -11320
68137 71392
-995005 336793
-776212 113621
-98698 303687
745526 803131
973053 -351533
-566570 123888
-515625 405723
-410906 542180
335122 282857
486318 -699180
621750 540272
836934 -589994
446589 534677
-351075 413271
171340 -94174
-840496 956829
141970 -57812
824304 -95756
350841 455367
-679743 -608075
-320642 136887
40351 573543
-5775 -466639
758698 -818724
-777054 -121473
-913503 -167661
-545218 -473529
156480 -347646
204774 679537
-526792 980219
144135 -710594
46505 -784201
222538 734938
744837 -936247
-812163 -759220
103381 -399606
-891586 156943
356932 -620125
888968 -260419
374264 676952
-217044 413190
501933 508660
74136 -380883
-478840 657493
-422313 446195
-512526 576981
861211 -35460
813728 329320
848459 613513
79872 92671
-309808 -848775
41965 -454946
-188872 817382
494059 -312580
-596332 959701
795465 336691
675765 -247897
861219 -658051
750500 965419
-166937 9210
-63888 340677
-296791 922192
904635 -616285
-774045 553165
602122 -407131
-274502 -935593
-155886 75473
111644 952226
-895791 347413
-400641 711386
-219171 -761455
-544457 572296
293846 -478548
4872 167147
925430 435098
-703105 -372321
-48552 -708437
-708118 -597742
-45717 -445473
-913794 708522
716942 213691
-866917 783164
130850 -922392
529660 983665
201033 506401
32961 993861
-790927 -766687
-800190 985582
-359188 -545228
-467628 -900571
-996511 -124292
-108777 -165677
865881 848976
-788424 -249032
731930 -199693
382163 531410
-286489 668441
-76878 989696
-632462 -527018
-345255 711507
-873594 922085
550391 -389235
278540 -554814
-629895 -840862
627860 -168354
-43469 -680218
-699476 392835
-756813 57147
516357 -693995
-296207 -157337
753350 784335
410664 -150024
-600353 -214869
910001 944636
-427757 588813
-58348 -630110
279293 -912796
-913642 -674273
386282 -786330
851679 -991718
-392660 122562
373362 -388467
237564 -151561
-63160 -766674
-724058 712627
-166363 -641221
352117 883370
806149 219060
-875002 353144
488227 110326
686172 87160
904169 56454
-555773 862569
925011 -719623
365801 -982258
-541363 -566174
-669532 -529420
859268 828579
-876640 227162
420107 -138034
420807 -380626
618115 -775540
-288570 -751380
857045 409376
170302 43522
-580475 741772
-627845 15243
-563477 363728
-587107 569386
519646 -525886
-654503 931096
631710 -63828
237677 -489695
-457270 -881272
-670946 -659179
-157034 -601572
-518455 -193636
937301 -421666
-765815 -496035
807822 590566
-125385 -328278
953156 -528508
-589131 126648
-320704 -559501
824288 9934
265229 -44656
881290 831955
-9505 -872030
19368 667136
-89158 183147
-141699 69820
100583 825479
-231578 866144
-406938 -397102
-568558 -213200
383422 442773
-488114 -8363
713926 203680
865143 124344
638592 191523
-964280 -395584
-850848 487017
-289315 -780190
722617 -421967
-670372 457920
808082 89294
-820163 -85980
-72572 -685153
213369 506682
-518214 837318
165967 -452744
-286696 591558
985220 -134074
361220 4496
132509 -714772
-147854 610873
-817290 -962811
461241 -989775
698337 889449
80132 -287640
331284 -861919
14103 -682448
-950973 216407
692063 -861095
-44043 191896
696275 -605750
-551718 -787401
768048 -824916
681927 -934238
442594 678409
857869 -358267
-779718 -870800
235995 122256
593459 630664
66683 -928530
519770 338127
-221895 980740
-392617 -772951
-771115 664129
-347566 103616
-650152 729907
569098 -932280
-239201 628523
-163083 552767
126367 -757382
-696509 -607186
28781 915820
-922976 687442
-889318 -683367
-840362 -105351
-705738 636084
603962 685438
-193910 -759649
-247854 586598
-588349 960843
733595 922329
438300 -794522
823568 -659960
813294 326120
-346438 699421
978798 777627
-243230 -224982
317886 -113951
82746 -168225
342783 881782
-508616 -914097
-861197 -602759
955951 121301
620586 337547
-206770 -594474
-605906 -174868
-17092 481349
174363 -900257
-843739 -834875
614473 -483495
358673 278801
-680877 442848
767469 997470
-210028 -83459
533606 -292113
370825 206036
-373632 -410371
-271938 28197
578430 -141531
-200068 769234
-194834 224040
251557 367300
-144000 535425
-449988 645884
-387441 -698596
-17327 918361
373015 -157801
-541871 520967
-1050 -75567
-482187 -391543
-454591 -856875
979830 -878854
903092 907820
-484248 -667904
485545 999716
-410899 534558
920499 -388780
766282 -729815
-570454 -651711
-251281 -218898
805822 537680
185795 381634
-814105 -612105
-536564 666341
-287722 514393
-652057 631374
480113 -184780
806185 -901160
-969964 599832
445137 397855
819428 819474
796462 794287
-37707 639358
-574771 -763765
314272 102028
668651 -114854
-755797 -604297
-706544 700435
-252037 893683
123533 554632
932960 -416246
577609 -377653
398383 114241
418998 -856157
798702 875760
502506 93339
-133987 -323632
191509 164053
-380068 -390129
-144991 168586
11996 902827
64000 911058
-533112 145277
471454 707776
-923610 -176653
280889 907977
695329 306660
78014 84944
-880601 70486
-112880 -704504
302937 298108
-540330 -215766
602911 407313
765706 213973
325965 250193
112689 -476127
-550758 -657813
949621 332997
-589188 -244951
914319 256674
-679840 549899
366812 704711
383720 -587723
765566 -445919
-668173 144108
-90136 962118
397517 781782
-810029 -95030
993407 -623772
-623051 931819
-409024 -909219
-732431 -427309
962540 -384418
-563216 935950
607433 -842328
500262 -276035
-647182 922597
-420071 -138749
327953 -780822
856174 -852339
-388297 -285201
522875 653060
814450 -272214
167428 -763607
-110073 -949289
-244499 817883
-562396 555613
834046 280010
169511 418095
-436597 -637037
-404764 -226886
-487132 -725664
-443641 173111
-770815 -713974
949143 459748
283278 -274183
505220 -143126
971313 -436048
364917 814956
-827041 430227
561441 515645
639456 843486
-29966 311269
-635828 -958521
519222 929590
220086 34917
351882 -408801
582223 -906008
-337714 -365924
-521649 295722
-318417 -377026
-390813 671279
272680 569727
-20773 636432
-174833 -222635
960602 64349
489822 352520
666494 -736896
981221 276008
-124576 282980
-793601 -313570
981084 -509856
895825 -261532
942831 -44061
12370 -290444
469470 -615959
-625431 -306201
255828 -475956
65895 793282
336969 -572034
-796497 -280035
-84739 -385286
963713 -218680
197405 -846450
928752 807488
-646361 812683
-593331 -331471
-438150 -910920
836716 -199963
-75421 -108770
-385469 978038
-264948 -439574
70734 -682421
790267 401739
-80850 396238
-404427 255825
563123 483261
-862660 -993223
959082 389959
-278031 171228
-10594 603877
864804 553176
238043 933724
-382095 -138204
-101952 -902787
-181463 -183457
-656569 -315685
-447910 416957
75583 -185991
-583354 -235823
-4958 189429
294980 -654138
-883463 -28926
741447 -31378
824168 -371807
-29369 532725
342581 683156
-480024 815611
959965 185751
977900 -180976
600798 355495
-591648 -194286
704446 251369
99742 643205
-75138 -132341
-26872 -326673
-374054 -688682
-40576 -999918
-476879 -697984
-718628 -283768
814251 500080
583601 721672
-98339 158369
718559 313906
534782 643686
184479 -262966
177534 -327052
617803 -166407
-101062 975621
-510509 540433
-640032 -498874
434264 -690621
805300 -153473
-955698 -142209
552120 -659951
712687 -139967
-964888 518335
-969571 584245
1659 -324824
489522 -648040
491086 -945060
52370 236403
317650 547209
470545 -209203
-280808 942882
-503752 575271
602545 899031
-186622 929444
634531 5754
82888 -335551
-394184 901482
835459 -948007
408319 -744940
837063 -266893
-645357 -748669
690360 -295660
712555 -674026
-854151 44841
726189 -268651
-225338 793662
231958 -600118
-326020 -163099
985603 -399402
-432912 190836
741104 944325
525423 -31499
-23380 397227
829353 209797
-249799 -230069
-127575 -293922
152118 620372
-577919 337649
-927749 808172
-177249 72189
648552 400188
275760 672438
-31168 265514
431554 115579
528385 646064
-810763 -274700
389321 -748713
640831 317953
-481046 644067
210884 421121
-533938 712796
376010 -398210
134643 869823
715796 -335031
-716179 -726191
-45964 -354451
-213795 185981
652225 666441
769309 686204
235735 26027
189113 -658631
-813617 -864764
610864 899402
112341 -833476
340208 -976227
-968908 50614
419858 260193
-234780 -764898
-962966 -952423
-135016 974294
-946948 724525
460872 558643
-428724 -629884
110726 756452
668526 -457188
-302393 503067
-435308 948395
-963558 602104
928005 622822
420442 681417
-247441 -116861
-447409 -821518
-683338 -409663
297596 -469670
-580646 437066
959880 -75681
397780 -886392
690448 -133672
-332911 -769624
-667707 674745
63320 -703032
-237296 807637
-966652 -960516
187279 984698
-678871 290156
361013 -539018
-204203 -606663
639707 529417
929701 85400
48121 -837267
350617 155018
728935 550698
705193 -45253
739697 115662
623377 342958
450866 -651196
-931970 -847702
-313612 626822
-700757 -111062
-612929 -423307
101853 816580
922473 821782
-529574 845860
-335629 -725257
-813913 -502620
-687036 720105
-135806 -120229
-381037 745873
485893 706579
524835 -769645
-744486 -292539
-562825 -616384
926922 448406
200609 552081
-34136 17794
-415800 -991817
442616 695870
966748 14071
-34458 -579095
-739369 -886675
-329359 559664
276381 -160371
688917 -109577
492445 623382
547205 -463172
-340865 -166425
647372 -110836
-149904 -783318
-554122 -809447
146021 247094
737836 6052
858807 -287094
-554365 -453733
831888 254556
5742 321863
-101419 -766993
-586133 -952943
-521369 457599
-181124 -381674
251847 621498
522882 404867
-118538 -695672
273031 948867
-713711 -332617
597448 38253
-25103 711635
-795534 -14813
-711866 41164
71184 13403
527201 -317258
-403037 -481960
875109 -888070
-537755 25099
327838 -912994
442776 760643
561946 901543
-909184 -499397
147272 756365
-656459 -201589
591401 587536
-519978 -822111
-633533 -827442
286641 314002
-693271 -815634
-17707 -718053
484953 -951668
-657700 747760
832776 -200561
599215 441129
-127272 -583311
-133899 873700
-207423 931786
713705 59718
-833494 -611943
-76128 721485
204738 453735
-623838 17028
619337 -382798
-900197 -69601
317197 304442
530027 499261
417986 -894762
-304825 908199
-11338 185306
-720114 -756735
326934 -689459
257353 861176
750911 -226733
-465812 -218216
-637302 458425
-454319 69075
895182 821574
-202220 -50884
-152508 -461897
227967 -326302
-412502 672579
-635174 247743
67127 386670
-625512 120351
-143259 -152404
336761 248153
-972426 174374
133287 -430764
495565 -432773
308000 -146316
-266741 -793045
-721354 -799709
285141 955262
655125 -505510
475919 -686505
498752 986988
32068 76341
-920887 -120890
-216382 -535534
791827 -659403
547380 -955829
830625 -648302
-373271 -350741
-738436 242791
-496363 899613
631428 805387
923846 587907
-265975 -131369
249774 -571494
8112 -899317
-691849 -180125
-354630 159505
-628095 403788
-95307 -441969
-281041 490433
-371464 718237
-784129 146592
790728 -69287
-146546 -965255
-948145 -422257
726829 728284
-788045 -434792
-538484 -545883
-918755 -839725
190324 690575
48005 -684598
-879392 -21918
-696198 -108731
-999236 456846
549658 -352399
-768730 -556464
346365 -934003
355744 -956916
-689608 -795318
18002 -259178
623883 848100
390180 661013
-736264 576269
750083 541038
448514 740394
-110404 865074
-240329 954903
-480385 448292
184047 932355
-467553 -800502
427896 -216987
-696426 697420
-990966 660912
167249 394304
-775237 -33949
-924480 -969379
937164 36741
-870755 -137702
356985 874365
-418797 -948496
525581 489704
437842 -378605
-851478 733120
-660456 -184986
112755 91730
-777025 -898578
-61227 -810435
384919 -108532
-171035 -551024
-610929 -610550
96353 -4905
-517714 176636
-28493 980343
231271 480223
-171244 -460899
433858 -284599
-345502 -605595
519738 -368920
686658 903349
-378983 -673209
-426743 336794
755041 -117653
-385237 477255
-460333 160634
517034 569135
-277417 -42078
-478238 -226398
-536546 88955
667011 867985
673221 -522167
515450 580957
361282 -438193
30344 -17390
-374353 -991092
-264338 -630611
-560949 402270
-632832 -424050
-280440 159586
394426 -951088
825949 788599
222564 168049
51347 557452
-630932 -560675
158423 -797176
-813328 -279579
643662 653614
559424 -223117
-728697 700745
-336400 -292579
-713803 686320
-355382 -346094
606153 105773
-72673 -69208
170332 384175
-351355 665452
-365649 908784
446120 67038
-445834 493141
-372508 -110333
327230 801699
-354539 424578
-815889 365095
892126 -446695
173591 684037
-886421 412088
-546532 127532
-609234 -244817
816751 -11520
620170 209860
134443 -613647
269252 -210231
-571663 160614
641971 70090
148279 26070
658041 -45291
-573384 -437496
322312 -510814
-350553 492916
-478838 287295
959473 746456
140922 -2984
-524297 954260
836965 413171
588342 -11988
634385 -6269
-94078 928119
-743525 427646
-289826 -627788
-539646 -512460
-548743 -964519
-822827 -225955
838050 241250
269940 432332
594917 693152
-701033 642712
-291643 -51524
-528085 820066
807151 -903448
126820 719330
619262 -447224
-616706 -473104
-248228 869308
-292542 55281
-775424 -669243
-12991 -240727
-945396 -173285
-707228 709245
606925 557120
-63067 951162
-385649 601566
74620 -569643
564553 -447717
622375 -210466
454513 944870
-468182 -364190
-794207 -343459
-341043 856864
490837 -799888
33955 724699
675699 165751
-234073 -775138
-222623 687025
618051 -91167
-690426 888518
-908204 767919
799120 171461
240318 275699
-71321 -678380
-917630 -579280
324521 194320
862427 748251
752604 -706247
-958141 742465
-562245 901169
268616 333467
370690 -426670
7370 -761401
358508 117748
-665724 -711311
-194373 -41572
153596 -72430
219685 -435094
844419 932299
560026 -833289
-777021 -495960
-774791 989780
237735 682248
-796671 -256078
410435 825286
295677 -721751
63959 883222
-500884 791430
174454 -512469
-618524 -376147
548173 -249442
-370701 -366120
-969447 513193
423990 515331
337033 -425308
489012 861644
160016 -294105
242798 -925107
539367 927949
670853 -314755
681025 194722
611712 -557730
808935 -994392
657631 194243
420260 -815590
60367 -824041
-86212 -769672
-769121 193867
837435 768360
337803 871938
350519 215545
322202 105417
834766 741129
503974 -770520
284137 -357551
41577 -519481
706966 -444549
164893 -472821
-35509 -900931
-184302 477531
521048 -816600
694179 622630
143124 884681
-556899 151816
-351596 731535
116371 -723962
-773066 -163269
72826 553605
452190 732148
-477308 -355168
894363 711645
-110357 -285126
-300110 794506
312627 -841723
-64013 -568627
118416 -368832
763647 978835
-551015 -455595
-491351 259044
914029 -768027
-923638 -241688
-767837 660507
707615 784730
-405808 -374325
981238 331260
369892 -316504
392973 951080
-447958 187676
-791316 320306
-767893 378046
646175 966877
675795 896284
769410 -689837
22663 -842664
968291 117722
-5233 533956
-391514 660831
-111322 -267104
835414 528439
550997 -854071
486221 638865
238342 -352510
889718 -51155
380290 997572
395552 -249501
276944 81408
-765819 -565081
-198726 222007
286786 642219
155665 169520
264657 646840
764787 -472919
593640 -844919
742411 -551904
-958933 809477
567110 -149291
786925 825639
-873620 340688
-100489 986113
459929 -568615
210611 401089
-934848 141417
-827835 -667184
139246 956424
24159 -408554
-495556 949951
-13992 -815410
-68010 763744
-659803 -864711
-572288 -182539
705162 119081
-180500 -648650
459017 769425
998057 -605918
507148 -593893
914118 -301836
-321219 -718298
763130 356376
131656 375187
-177200 285800
527349 235666
773244 415176
98327 839865
-218751 -556939
-499225 381629
-508883 -763283
-808857 437852
-186503 890168
-276513 -8907
65351 958605
-553627 245390
-904971 -719460
67029 -820197
-983945 -434509
-618515 -548101
814506 685009
-161355 73518
-789561 1540
5676 873768
-215270 -6926
-219910 -596376
590317 671648
-514046 75762
739030 -682682
306965 979478
-256246 131700
944593 -581801
165002 -420398
315917 -887578
-122444 482312
4822 202501
927816 521969
615522 736639
164106 385476
491628 659745
-380393 -945436
472402 -2328
-596438 659845
-720952 -960437
193090 -595545
556316 731996
-724020 164886
-58461 -916810
-222625 655604
138919 343825
768269 279884
322294 600762
-589059 -266381
-259873 -770902
-14332 489554
-636283 -269929
582608 590986
568342 166529
-603723 695930
41190 20193
682631 529602
-152112 -39592
336938 -252451
-265367 -63641
-35693 512339
-72284 314401
-589741 60598
-931763 82781
-289830 838449
462503 377930
356196 -786501
-543952 -848276
-62688 -584381
-878438 -63210
917374 -91658
426505 527167
-346953 603594
-442097 -88485
-206115 36261
-171170 301809
246222 -822235
345328 538997
850033 462198
604916 -49538
400279 -845972
-876524 -865952
-817885 702840
818817 789924
-726809 844519
154744 683550
907347 93639
599273 914242
972320 389854
-194545 342089
-528243 -334871
-479316 120984
-998256 618689
-776229 -97900
-165256 270782
844818 -499794
547164 456446
-701338 926875
-316951 256779
508186 652556
-479980 250819
-279132 694107
144853 -84681
62150 104826
-887987 -294779
-739800 647992
579297 566506
331958 939272
-272147 -597239
-19312 -85077
682916 -313898
19693 10280
433701 -654479
321022 -583844
-328562 728456
-631464 455751
-404483 370934
-69284 -984150
336063 78019
-103467 369234
-826921 -789049
-407793 491966
215778 -681825
92045 236774
-353386 960141
129444 991248
385879 61529
797611 -103064
-393371 34627
235887 -498359
458504 533226
356731 981846
70141 -15477
756105 174928
718518 348960
578695 447634
87145 737495
261803 -357113
-380185 -728165
-452887 -967805
-709665 176854
-802743 629250
48109 -364447
-114114 957598
507302 -982350
618972 -63590
-399990 883007
-342544 -824333
-398959 -53938
887146 898355
919773 461760
-711470 651586
-106356 -576642
204776 -478696
-404798 -359207
-783410 -909439
-348829 304876
-220576 901068
-510234 879443
702207 -812387
-837658 598275
365203 710399
180958 931152
756538 -349141
-314085 634832
539169 -39857
321715 576692
917763 -332015
383399 -214955
276052 -545756
-331239 988596
697953 712912
626907 -122402
-411943 -252685
23281 -790422
-976523 364576
872403 -694852
20067 84247
-379148 -512086
303821 -804669
-74840 425702
-758890 -855944
-100572 -825099
212148 -699461
-785946 884504
920472 303805
734490 761336
508273 -394799
-762835 295149
-811362 554208
813023 842655
527120 119691
-804002 544104
-745018 -331409
-727177 -583007
-983708 50200
415147 -674896
-883376 -815093
-853136 444031
100397 302075
773286 379940
-729839 -871024
906899 -677501
-167088 -578869
-215453 -747932
-611106 138468
340247 630861
265379 -616768
-764264 -684754
83970 292868
693697 878728
-92078 739131
980053 -584725
-968858 -572131
788171 -695596
750881 197294
523428 120321
-587163 863797
-908918 -342450
216813 -262127
-219060 -468577
-506701 -270590
629693 736894
933503 -808113
-434084 -885443
98280 521714
475290 786501
379891 759257
267943 -661465
52644 219389
186775 -775705
716709 532504
833502 -998642
66708 -393901
-322816 229868
-269112 -894879
-459359 765421
939421 -897088
-218058 399515
903853 693218
-619613 -607880
346986 852938
-761805 -722273
-574972 -493629
-859512 -4995
-47787 -616308
176679 634934
785266 -611653
368594 -855208
547621 272674
72513 -261637
650408 -551002
476040 783183
-405439 68193
-628704 406558
-232986 758855
-59317 137278
-635520 669748
77492 374574
439046 125764
-776483 742583
-267517 -245708
992936 -981974
-35853 841721
256256 -237761
672013 -82386
595744 33484
-765921 306418
-331388 528059
899887 -643397
-656127 -507344
220906 -901239
-363377 827001
-790748 -155767
-89860 -852354
-582240 53119
-400852 710526
124712 -720627
-115062 461547
252576 361699
916348 -12709
-294400 661484
569040 838917
-164586 -782904
-355522 103783
-704887 668740
-590814 590101
-403475 276484
289588 -970838
195080 -413117
-693965 -26795
-744431 -352979
268151 -501459
839595 -441985
-61102 -691457
-5575 182786
-848188 -89621
165185 247946
-115225 -57579
774180 -512868
-315376 300628
-991367 763872
-626255 766889
365140 751751
-730171 994735
-110353 398829
-807475 555936
-53853 -551212
-659112 -457070
424476 579528
-418526 329957
-331965 171057
-318914 688085
648543 -560702
-901452 -469558
988999 -145917
461177 856719
214440 435095
-737767 830633
934200 -719138
-530175 -398340
-99697 295766
883627 -332486
952838 758419
225364 -713577
195480 -637020
766782 646758
-570937 -842573
-477321 -900136
-819913 -999069
285600 -20738
842423 -127065
-195411 -760335
161947 -779735
-51583 598625
407858 -73847
-403286 -234779
-622425 50045
-742518 -736662
828829 -147139
-733483 -802441
490000 305360
178732 981659
666669 387449
170284 940283
-931455 -894121
644468 917451
209152 -573746
-161039 58740
-320489 -404388
-6761 267026
-507050 514554
373359 457089
965224 -991306
309967 733684
-568401 -549879
206135 -385446
-709179 -254090
-641839 930903
141794 749703
177709 -956739
242312 169544
-427810 683492
401108 775144
57252 278414
-883377 -131820
-375627 -958246
-974670 726527
-81114 844952
895245 -675803
135758 -668643
203516 -421412
-594208 187905
810065 484266
323719 927003
664410 808894
-254605 679400
369183 458148
-518894 234392
-698208 -215279
-278459 -989370
691281 193909
-416566 108319
768210 -269639
-75028 -318960
-729341 623711
489478 494970
-122359 -302487
-176877 702542
100222 -747693
652579 138409
-221213 856597
320845 230944
163284 -430254
97987 123220
-787010 670419
18686 886967
820853 -651885
-717158 -290576
254561 61439
-317056 471407
112577 -591919
-178032 113640
955737 363066
906359 488379
-243110 -872185
218904 539947
-538402 -369465
464519 327820
-738854 519875
-584162 -344501
-45976 -399469
-601090 105766
715543 674417
-710137 424977
348363 -910504
381409 37645
-899836 560948
-838365 126298
-845066 -436825
-965727 -316596
-375197 959928
501848 87310
-604310 664264
-743644 10102
509176 748710
-534814 -859770
282879 -496038
-266746 -642678
-648367 143201
330473 -786880
-921994 745527
23408 312293
714711 -499175
-738681 -303851
-330753 656396
41994 -784199
-448023 -187638
605241 -609826
356274 -141824
-50229 517854
712698 -588655
-192381 294286
-512576 668713
413803 -79381
-607020 631962
-384266 943688
-86004 64075
13226 -416222
231533 -972322
767237 -253008
-175537 -450610
160602 -820802
521330 -867770
289079 -257189
-753219 198770
13461 396304
-831883 -576658
652409 593708
976379 410683
-413184 -564667
775312 -499212
166580 534564
-175361 -675630
-993452 -266080
636297 671080
-829598 286534
-424536 715706
-453691 89052
687332 526453
273267 -695021
37253 -887120
-919160 37896
-966605 957841
855868 382078
-153488 -278063
188868 -815184
-527068 -824861
686118 144621
182699 984587
878646 533673
-811561 -558085
-409463 376139
-780974 -353610
957347 -713593
-277064 250932
714121 736406
364740 -932023
-997268 -65757
957551 188214
62340 824652
226323 771305
-238795 389984
-990305 -849428
46950 134380
226014 -12732
641045 767352
930725 663779
171084 -933180
196077 422247
438556 952272
373284 -47611
140757 574703
-722809 -967954
-780191 -760102
-540484 -773645
-132244 613234
-876484 508627
240173 847223
-367988 -27147
-37713 -915288
-789012 -346129
-425282 -320200
-958778 584919
-110475 -58993
781115 449343
593098 689068
-511932 -184165
-976057 -914034
495560 -823843
781701 134613
-412799 943109
-968223 -603408
-582030 883835
588846 971736
-681879 409726
62484 -288325
-857287 -981495
-908878 905269
63478 -986192
-14635 712951
874254 258839
-101215 -675613
-231630 665613
-390281 -305177
606100 -181117
355504 -153114
656857 -43787
591648 811159
245025 -527012
-206430 -613339
-877164 -240924
989773 -265214
-998224 -118657
888235 461255
-717171 794007
580607 -1551
458852 225910
63168 -500790
828266 221941
-53223 -245886
-950725 529712
370472 -642832
-367881 -400606
-295731 547133
864697 -754834
212323 489843
75697 -662016
899301 -752635
917330 -70309
191500 -143890
-488785 -240619
-902313 -282723
-202043 319898
-524921 -586129
-279639 -416946
-822782 401731
424349 157243
-232036 191196
283685 -357306
-788145 296865
-729283 211292
809732 -779561
-377828 643911
-543606 -532511
-102018 541236
676731 -730379
-245081 -837381
235749 900004
-677814 -579543
335686 182374
-397445 -219092
-103145 -919560
3006 825966
608694 -290099
190603 395641
575805 -88571
-306145 -509090
-816311 -825553
-124480 154039
640044 800849
207014 -130971
-613455 -582862
773554 1829
274094 -60897
906782 -719783
-798357 652740
815325 967821
-49725 887607
-183440 -996090
-418277 -437704
622857 -443666
172872 446655
-968542 237330
-685142 -563649
122005 519923
-111015 -667012
696277 -906995
945555 -253103
548192 50502
157747 104258
-908287 680462
-805810 -672
-994640 -475867
-349241 -696828
-723795 -656444
-501054 -770447
-544402 -797745
763304 385752
434008 -326497
-957751 794142
92824 302201
479219 399962
-719650 -948591
-22607 138034
53438 -30267
425685 863044
-708867 -793116
250936 229920
107383 -72006
-32142 -717299
110676 -288428
-167374 798247
-369928 863222
708036 622313
-340825 -72128
319679 333373
-588193 437394
-223110 -960511
869622 -507376
810930 340491
809019 976469
127749 195630
-873591 43219
296768 -94132
549897 831623
29760 197030
-934200 936641
-501987 918108
256912 529696
-216418 975828
330896 -419246
-735507 -446657
-477843 911536
957475 -763853
-641243 169308
454243 276784
937843 -659342
-752016 7695
139192 -756908
768978 811603
320720 973857
-776470 -619962
-458697 -853586
154204 -288730
-218206 688090
625733 -874774
948959 612315
808192 568099
-994337 -431655
921827 -11094
278700 624370
108125 -675202
-634393 881479
170729 -775950
-773054 -585233
-958058 323379
280284 942537
-747699 -580
-996305 -927603
519658 -35585
-933368 311864
991558 109761
-814063 -146774
675179 -671266
731767 208984
810650 913611
-305879 -88578
498158 430580
-629871 -619279
-181802 488575
-530837 -118576
229749 -937995
456530 199496
-142797 459341
-305426 -627319
-362995 551719
-801825 460581
-961397 -434284
-527596 68384
506770 -701857
-243309 -641950
-744192 430117
941040 71723
733004 209918
691368 975676
-200539 784879
164819 758006
957201 -835584
-447691 880296
590035 -76172
855483 -867412
654903 451058
-654231 885639
459084 -308414
-319073 -209717
-926353 936054
729648 -808940
-207949 632869
-544394 671406
512320 326698
-861521 -50835
621563 -206582
-117975 -508782
-529608 -294367
-637202 607956
779732 161955
-797553 -607798
-532990 378760
-648310 304648
-274613 -953649
-643236 383189
124138 -90840
355903 898773
9437 -498957
-791803 940707
355864 517773
568838 454491
-914759 -868237
-504678 -987100
125335 910703
289298 -944083
623314 549407
658190 -58365
-210242 -646488
302731 -313362
-783712 3216
590064 -333998
590606 196860
319882 -63035
-966643 -371585
-678114 -209133
-486301 -462489
-61423 348400
-320298 -745006
-863589 210844
-916927 -431068
-290549 339684
670286 -63916
-357162 -751286
-528396 -511898
-695932 233952
-561636 -36023
-432608 478996
886965 105215
-147912 900285
-573750 993382
221180 -85412
829770 -491327
-804348 561352
800092 919808
-768945 -487034
-697508 898732
880908 -949778
687155 228503
-474303 114594
514863 -300996
-375821 163133
-725148 230633
412521 -155452
695695 -958139
233894 -661168
931304 850601
920497 -797856
-711876 550449
-840939 -421981
302092 -669854
398681 86591
219423 -541355
-83984 914671
-644150 789784
-170658 -189669
825262 787395
454988 407682
312389 -955777
385681 -275305
953885 -597079
956644 -243957
-643470 -165574
-434862 -180414
-200568 299008
823534 302178
939139 -874591
148629 798111
958414 -579115
169287 -78907
-523009 852582
-391008 262555
965742 -28581
981607 -91233
-12220 -85891
-324086 -549553
-525888 -976535
402687 -9572
-865834 -686256
275419 -4943
-406525 538555
-979421 -712580
-716637 -836571
746176 645820
568299 -314215
165257 493143
-31435 486270
-73137 -355323
602846 462804
-648835 -127683
913252 -246928
338950 662067
-90576 -258331
-603388 -177683
118470 102576
561802 -304719
-949084 817704
530800 -216021
-596616 977147
505125 -539831
-548022 -600727
876435 541461
644124 -484180
-622224 -291602
-619215 -72586
280228 64626
430717 -539895
-356710 -514310
-269748 -662377
-750941 -120131
97397 -492317
585972 903579
280166 -813766
342969 254705
-663588 -261708
-970690 668601
-31830 -173832
-392608 8026
124589 -246853
577967 -627021
-343442 -399257
609370 480653
758069 -460353
-675668 586569
-602652 265933
-737934 -981062
-763394 -553955
-675582 -244010
-697576 -870978
-619194 243261
120247 137539
720964 -630535
-539734 362034
-955686 32403
142102 858933
-552387 526646
-618773 525455
434875 605489
-845540 -231878
744880 822253
-928017 -16985
827088 -649617
-536806 200656
79274 425798
-389538 -183026
-730849 -550889
43631 -42651
-489657 800638
-730392 -485902
-645977 590009
788103 -125976
-755542 -268596
-559128 -25161
549928 -22804
232926 797742
-778245 -382158
208690 -352482
591961 738663
-249425 431278
506131 276856
-82418 341615
-666180 -619777
290231 -319219
693845 -252252
438027 238619
-786247 -775268
986172 442616
453508 -112436
-404159 -334603
350763 -527164
181527 307205
855952 820478
-826095 -444440
-568539 846510
-324143 363922
494139 586318
-773539 806602
-153858 -359880
-172051 884326
394590 516755
-180614 746954
87361 173764
-818026 -259042
-491082 407011
-931251 66841
685274 223567
974858 692581
321866 -262955
-665267 -810856
-590350 71527
962175 170539
-486208 455359
561883 -127906
825318 276535
-439899 262760
-391581 611219
31897 -213725
-857647 -270247
331169 -756981
-997360 -163977
-247813 451695
-44675 734096
-480708 874291
343275 -359483
291671 647851
335342 479363
-720839 36494
822764 417197
761390 -29252
-578737 491356
189263 74493
-983340 -71550
96771 717054
760139 -479602
725670 -782650
-101145 46712
-297193 940811
704076 -941229
628121 -717398
-121239 -753820
-784590 624941
-957859 575463
-305337 -162009
-429133 -886129
-325400 -746244
-106629 229522
206906 765034
841753 529558
477671 918775
269698 432666
81780 -902256
344063 598428
935829 258826
-535752 792330
405697 -174865
778470 -814333
-550655 822768
-871264 243975
273600 177459
370082 -946878
-45151 211601
847448 613441
-163952 -890875
-575673 487089
-768082 -771909
-950110 -86259
-175010 -765648
755824 -900874
945805 -458216
770950 359599
933885 960377
-780443 -256452
42961 434806
518828 -536629
-392901 -91917
206030 -66190
-441390 -223710
-836079 -27938
-872057 -353058
814304 568136
398334 -344952
-500179 -161641
-920844 369441
206011 858206
762132 376409
-817732 600733
83468 806471
-365821 -597309
886846 302202
-899386 810772
315323 -240791
-845730 -826836
236448 812517
-509543 736366
415544 -831691
-873660 -599074
491821 -619495
-647345 -579935
-935570 -600717
838967 55372
-506098 -638634
540104 292235
332855 905732
-429836 -435988
356642 472437
-829562 -916650
837373 -584883
289396 -213060
435423 -858431
956788 8472
-101510 767281
651085 -325647
389796 406419
712517 -806740
-651074 447840
425625 -595005
588869 -886947
520373 517140
124313 516344
766912 143844
89678 768099
192219 717281
-607851 414497
120543 -962206
22311 705912
-22666 -15894
-969279 -98007
-55853 -878154
470030 -871071
-323037 444584
-93031 -464380
605145 -968776
-977373 -762522
-219580 -445130
899364 452856
-410452 587091
441310 733780
-917222 112852
327673 -704500
346607 833427
177499 269582
640785 -42246
-2948 -180164
877967 756624
550690 -583450
36444 73259
-447175 -437447
-87434 -819941
-224730 499071
-648349 423980
346902 950472
759667 445257
-354900 925983
-273379 -287390
878608 -15504
647301 238430
-530908 -43191
-913620 -216479
-677309 -97222
125674 887872
126859 431361
745996 -725755
424279 860145
437162 562109
-719077 428778
943365 275013
-900938 -881308
-961678 -401273
546874 168701
775200 -777409
-693307 -855792
415253 210172
-557288 -104296
-427878 882303
320575 83452
163723 -465024
-574251 558864
-718827 709389
897662 714502
247706 360757
351926 -178774
598117 -511240
31920 407991
-265158 472940
-151956 16264
236526 -743828
-153906 660866
-47578 -811367
-513974 312797
102260 393705
-373726 497754
-111485 533083
-976397 32695
288519 649915
821864 550883
229051 352931
-271852 -783283
-358429 356200
-85269 -240045
-377233 -625280
469079 -37203
162043 -388061
-712643 -887187
778414 -990942
152783 -412410
806249 -491857
993878 85396
-442988 108474
369373 642598
-984813 -111106
801394 891787
43406 510140
596911 541027
581585 204302
-574157 -483132
15699 -820757
364386 -765435
-689625 4981
-493904 552186
146953 -595313
914871 551578
-790945 490160
-543765 -942696
-272974 -435059
273956 809308
-513371 -456270
846762 985362
53211 303937
465892 -148145
-712853 744969
514685 -938248
559433 903921
926807 316880
-31219 356173
532544 96846
-258795 493329
241319 -871826
26336 653828
756660 412982
845144 -813468
-560367 -365808
-799529 549003
736648 -253906
-1585 715868
-126485 -821762
-692516 -937786
-910446 -655241
-110245 297204
537731 -611763
-942582 -611871
294745 856713
658117 456413
-522274 29474
406365 923620
-553052 123018
-928083 496654
-741367 622811
266286 -146910
-437407 -772028
-173531 766396
-660371 -733971
-122768 -563471
6564 840483
920108 231281
-13638 705510
-981966 241759
-177148 943367
774160 -668686
-115079 907253
113999 202524
-723259 -138799
-373793 376763
-75306 -516696
-69627 -40903
48406 -296774
-593306 193173
879051 463229
-364010 -48240
103834 747012
-227474 202042
199243 684390
866156 -506747
-469928 486019
773698 -543995
146880 263434
788755 -741760
-388191 -663053
481843 399215
982176 -38849
-342865 955852
656871 -238799
784898 71886
-48611 745552
-925202 -853511
-545456 272918
-253451 910016
823819 447706
974754 241714
-51492 -234250
-667021 -381222
429317 -674003
-439574 -370504
73507 -587210
937289 738253
-438212 -933158
-684979 -519881
797666 -278035
839371 755190
494590 690163
-328090 -79224
-122091 761028
-256717 901800
-309608 514564
-407495 42673
859371 613454
-548016 -499205
604185 -493734
798915 944807
-441148 -622622
-307092 5290
772834 -429960
782130 -233060
757090 -426605
730697 184369
182761 -81989
-988435 31055
-891172 999299
-959612 -717393
392400 19460
-352373 -588787
-852423 783098
-211276 921354
-631130 -191776
-766647 12599
-56782 -49925
347056 -531327
310582 -813107
643542 336018
598544 872474
576210 -900493
780063 187320
558874 756003
349756 -960282
-478561 -862586
-690065 988627
-67948 -789952
824882 965661
248861 702731
279398 40692
886618 656110
836403 508329
682707 683211
948537 -616856
-964264 402053
166592 -461887
-180572 -405196
-381000 -424335
-922163 -690394
-109741 744850
293749 816368
199317 364989
638784 -610757
-242029 -162507
229375 -160703
701021 454982
-494732 -776179
-221333 389505
-755893 678765
-769831 -801813
-792385 849478
439834 591746
-604180 -183320
626939 -268172
428090 -830991
-885009 -708339
861137 236158
407723 -8021
-496343 -156940
260338 751782
344574 938106
-584358 -412166
457013 855075
-240222 -75006
-379186 -973999
-911236 496920
700241 151143
-81444 763638
-815747 -872442
-12380 776351
645847 -333711
-792111 -920757
653715 380908
377787 -54756
-926513 971583
376305 -223062
-246030 251050
996974 925890
176970 -132360
-633834 -443794
28922 950671
317619 919465
633717 597380
-936312 -939496
-494936 -728624
720757 670925
974671 490573
-682696 -997667
-175940 252248
-305376 989413
-232217 -518660
-507595 -322405
739081 -286030
845938 -727718
-727720 292848
-656221 -176162
204550 471223
866044 -484755
-890132 -191283
102214 -475624
370705 370380
-357266 544502
-326162 -825390
650915 747484
344453 53788
575866 17388
-245532 43557
581709 280140
-707638 857714
780612 -71183
204309 -32550
-867598 -514471
782212 -733464
-397887 73888
137563 -539399
3793 994296
599766 747559
-944414 -198204
105272 419829
183035 97264
862000 -107058
-702375 -659830
24360 -69239
-314787 -920247
-921478 -151518
-570371 198472
490177 358999
-852310 -298455
696675 -157626
-111605 -607678
-217468 -691555
314988 -150608
-574754 -744996
666487 -252790
75288 -62466
-835685 -631924
-963115 -698442
170904 -532140
460502 854679
959283 648444
-239262 561604
-625444 -500070
-891866 -579293
-406544 160499
-587831 -800948
-608658 53527
182771 101313
-813420 -47993
422291 -167980
-397017 984967
-102842 769011
-809808 334092
667724 887984
960616 926626
-173777 464518
716265 -849095
-911045 266469
-13433 314119
829898 579298
632360 -28764
417927 679904
-598981 440211
397384 865392
-589770 -102931
-944976 -330746
-95221 817823
632077 -461054
620690 526586
-545232 460726
-257778 517116
667472 -573713
802000 888173
-654245 -875931
-352337 -420784
-119641 -295144
596193 856677
727567 156422
851212 -660190
904850 -156502
868252 221220
356839 696232
534922 13806
525092 -527315
-701816 -191605
-162409 442588
-675474 -358179
303542 -778038
-848193 -584400
412485 349331
493253 908975
-131115 -569092
152978 939941
-576652 639164
280879 468475
-392086 985488
342473 186880
839542 376277
-463492 555629
-782820 -50254
80850 695914
-317018 601885
-438067 608259
372676 91740
459673 737948
-636570 -606173
-834739 -406386
792454 -518446
-379251 -337955
-151531 667136
593160 834322
-123158 642977
-43755 398103
42046 -161889
574466 -705246
68911 237977
-203390 921164
197234 36076
-82880 213587
374869 835850
980054 -501364
-962630 491778
-670633 -336389
-684991 47362
874724 -45395
-386238 634137
-520140 -558105
531237 321476
298611 7767
-115400 -229635
650059 -412107
-939843 384975
-850805 871808
-852995 -602487
-864525 381568
524258 -916481
416534 407052
-794759 -173657
722784 21236
-925596 456906
175468 721802
-896094 -364502
-981179 975053
840770 -9827
8274 -893380
-155740 -506910
189623 845824
-766367 969869
39748 353807
-321388 254938
-339883 910325
724923 217393
-218673 -825341
-990286 -654590
756318 -15879
-70919 518430
-665847 -243763
-737404 -493456
-95947 -399313
927361 -210896
-492883 -243233
-27816 -182646
-501067 -221804
162762 703574
-703815 405185
193672 -141579
477210 -635773
790105 -753045
-21646 257183
-961877 14731
-731875 -437607
-947816 161765
949644 174070
687417 248300
573873 124414
-144947 441003
-419940 -760960
-979222 -216807
-909283 -789190
824963 868024
554936 -429648
416994 -322035
440079 825482
-479475 701425
-959635 872335
-641274 980692
267443 711076
-356557 410060
-374802 495584
-266667 557754
628738 878696
-399061 620217
-581383 -175179
-578830 626367
-675705 743190
429014 -728718
-119873 -172305
775047 -710931
734026 -261433
-417135 274485
164355 -327278
538643 789857
374974 937886
323588 -259799
697693 -754653
977122 -652917
595601 932577
-549886 -540397
-816526 315214
-521583 54721
273649 325765
-932368 -507819
729703 -530970
136188 -302945
-488598 -888422
-555913 -211671
285175 -503014
550636 -143103
667702 592663
-82694 564351
-57922 -223693
339920 686356
-306948 -686265
-196141 -217734
-246313 676322
-977188 323925
-565335 -569160
205410 -205686
576362 185486
331979 138561
-483385 -390700
-912357 -84847
-86002 -157992
265554 82595
-384154 691452
-74456 -566735
-20884 -895008
738206 336023
-318843 77150
-386202 309739
-996719 -52651
-225610 131613
-246205 560530
293346 -263579
-393399 623919
154634 283393
-641646 -788819
773271 871010
36392 547417
-454017 174624
898314 936715
-60950 -815129
-260401 781659
406520 163965
608708 262054
-414590 571168
950310 571229
-543051 -411855
-376549 -670098
-371450 -828141
79219 -317096
802053 628843
-579084 462873
138547 -175532
-530047 -883916
678068 97372
-99304 516238
766263 -235475
-343757 235728
-120447 852708
311589 838165
273187 807501
-296576 475630
171540 113479
363245 639009
117784 681337
-173239 931298
-568574 -475575
132954 928435
855291 -790528
581078 552175
-417639 613204
569646 984717
377612 -231118
58337 -320351
-979423 424369
257465 746890
-507569 -896362
913090 -774982
639584 574528
454071 -706518
-191073 825491
522873 -373990
444924 -27049
-346741 885634
-406694 -339885
798186 -623910
636253 -527061
-659288 -712591
-259140 143086
-3280 42315
932196 -322074
-280470 -972996
947637 -874062
957649 -908687
-797268 791642
-207720 -765521
483604 672632
138116 529818
39646 -811610
-466447 72527
740386 540465
627726 -938234
-496694 -874602
-312859 996434
662936 428554
-943875 951999
-37950 78568
-685111 750134
-53626 666954
-676692 56240
-957509 -639457
927495 -374157
-896639 721340
483194 131248
-786634 -263786
-299021 828311
-330774 -72098
172054 540748
685776 -460145
426847 448740
-938436 573134
278440 -587760
-514024 -157181
-896639 497826
180426 19908
-403866 956363
-669723 -599351
-407493 -389394
-161924 37299
374670 -863351
660083 491967
635034 -307846
389196 -405652
-204685 335368
464098 -830422
292676 -264035
-135972 622601
-330794 -909086
839361 390600
-520622 -992841
967823 167988
6816 387204
587538 -483026
-465609 720249
-881308 853905
87864 213245
29460 292906
996269 219594
-564054 700369
-218054 662123
-964269 819146
-498506 -568613
-78673 -347925
396352 -851121
-590046 133854
-681638 -228770
-230574 -556331
65799 661774
-780455 -350071
-720391 58703
561440 -201054
-479218 863539
-746423 500113
289517 -865043
-414697 326963
-71454 699755
-134380 -388164
386145 798206
-869421 -672139
-919426 -487648
456865 219801
-36582 -742170
189124 771138
-750870 -531149
5084 -747715
310890 -604830
-23541 -509008
451029 714338
-373432 -755361
400412 643728
471925 -898232
-506750 -246025
-109398 187914
