880 1712
-1692 6943
-3365 6480
-1763 -1492
-4779 407
-4870 -2506
1268 -7690
-5016 -1378
-8260 9702
-8869 -9053
5382 -1610
-1880 -200
-5098 7896
1597 -9117
4657 -4
-1954 2829
4112 3065
-2930 1641
3232 -3451
4336 -7587
-166 -8798
9674 9693
-5522 -7711
5889 5378
4674 5958
-4790 -9269
2851 2195
464 -5578
2099 3576
8383 6528
8196 4953
-5525 4418
7264 5657
7619 -1374
8952 -4717
-9438 -1546
4441 -51
-8597 666
-45 2234
8993 4355
-2781 990
-9382 -9378
2811 -9290
-7025 -1273
-5594 149
2638 -2554
-2199 -7949
4258 -1879
-6522 -7481
-6503 -3052
5031 -4521
-3351 -6942
-5941 2703
973 2358
3339 7542
-5703 3248
1994 7168
3140 -1269
-9609 -6749
1614 -9370
-4438 -2995
4782 -5652
4927 -5732
9419 -4853
7467 4331
4750 1212
-7010 -6486
-1282 -2324
-569 8513
2247 6577
4436 6241
-8198 7396
-8944 1202
6997 6585
9021 -4786
2253 5870
-2712 1136
7066 1188
-2585 664
9548 9760
9623 -5760
2274 -3239
122 5493
-5307 6317
7439 1894
7408 1272
-2830 -1391
-8683 -273
-1163 -5347
2637 -6094
5370 -699
8097 3601
9038 7629
2877 -3985
-8982 3164
-5003 -1120
9668 -2315
112 4684
8231 3110
-3322 -8890
-2839 -4183
5495 7572
2024 -5344
3998 630
-890 9647
-1822 6490
2835 -2423
-5176 6718
2947 4503
-3783 -9427
-2809 -6507
7421 -1757
1455 1050
-2584 -8726
-8065 -9543
-5653 620
6574 -6942
-965 154
-9777 9980
5226 -1879
-2184 3213
5094 9860
3760 -8371
4425 -1930
6730 -3543
9019 -8544
-4287 4963
2529 -9407
3407 -7292
5204 5489
3935 -2344
5706 -2663
-445 5786
-8885 413
-9325 8108
2605 4324
8914 7742
-652 5944
-966 -1943
1467 4401
-8581 -2034
6258 -1945
4659 3172
3021 -8613
2406 5450
9655 2186
-8000 -2950
-3080 -9354
-3308 6582
-7432 5799
-4840 4913
-2607 -4866
2013 9493
1569 8343
-9169 3856
-5560 -8279
-5281 -4636
9889 -8390
-3134 -5109
3880 3426
-4789 -1824
-4944 3189
-3551 7167
-3764 -3702
-1611 -6066
6300 8473
7768 7451
-1841 7022
-187 -127
-9224 -9644
6894 -2600
3721 613
-7468 -9547
2647 1932
4602 -1213
-2270 5167
841 -1250
-2553 -8122
5778 5004
-6248 5400
8955 -8303
-4841 1899
-4011 -8495
630 8736
-9969 -841
8219 -8303
5852 -8457
1099 8750
672 1206
3930 4355
6069 -3813
-6891 -6831
8660 -1426
5028 -9922
5185 -3587
-2728 8024
5199 5954
-4592 -7186
2395 -8839
-8893 -4822
6757 5029
6766 6270
3033 -5430
6334 9706
-2813 7404
6480 8508
-1984 2700
-1187 3028
1520 582
-2265 3162
9739 -7496
757 -4380
-1738 4210
-1211 -4803
5327 8959
-2234 -6353
-8828 984
-8934 -7413
7004 -933
3470 -7222
8297 1794
9402 -7249
5009 -6212
2487 114
9387 2234
5245 1483
1717 -7168
4133 -9220
-4441 6998
-8426 4426
-1325 3769
-5558 1405
8546 -8420
4482 -9166
-1937 -8566
8198 -7398
6958 -9557
-5133 8971
-1943 -7108
-9128 -7752
2385 1884
-3229 4752
2009 -2137
6113 9589
-722 8474
8259 -6625
-1346 9979
-8880 -2236
9272 -5670
1636 -6052
-5104 3388
-4495 -9544
-517 5612
4039 -1173
363 6269
604 6299
-3784 7220
4512 3088
4754 -1459
8001 -7777
207 -526
-7041 954
-6138 6735
-622 7028
-3499 8739
-928 -7248
-2903 -6171
4070 8901
7046 9247
-1916 4562
3121 7706
-4180 -270
1178 3553
-9880 3077
-5972 7498
511 -1762
4565 7205
-1301 -5945
3126 -749
-1782 1593
3091 9476
-7663 -3067
-6023 -3007
-6139 5800
3397 -6105
-1444 -319
-1275 103
-3060 8513
3745 8795
-2804 6727
5985 -2807
5005 7523
-6757 5384
2806 3846
1044 -9364
-8464 -8388
-7384 -3998
6840 -9803
-6595 -1651
-851 7860
4500 9211
-1648 -2063
7049 -1672
-4607 3606
-2387 -6971
-4488 -2726
3863 896
-7190 -5223
-2844 5642
-2654 -5143
-6016 2381
240 8815
9788 2697
8767 5418
-5342 -6101
-7659 407
6281 -8397
-1077 -1632
-6829 -6966
4910 -2193
9069 -2948
-8419 5965
115 -9036
-899 2171
7451 9230
-4453 -3012
-6027 6426
6884 -7428
-9745 -2870
-5667 -8871
1115 -806
-3824 -5544
-7502 -405
1034 4637
19 1317
4491 3483
-2865 -6398
-6936 -61
-2229 -2516
5230 -3489
5990 2444
-2683 -7102
-5415 9553
-3126 -8950
6138 -9750
5467 -5862
1914 2111
5335 9163
-8549 2422
-6358 5785
-2776 8446
-1258 3946
-6591 -7649
6039 2931
-2876 4895
-6600 701
-8895 -3409
6874 4844
-8453 5961
594 -830
8336 -2359
-8519 -8699
3427 7990
-4499 8726
-8724 6297
7744 4034
4670 1186
7395 -2706
4595 -1987
9226 -2475
9115 6775
-1021 -1968
4654 3214
4805 1680
4869 -1985
6621 2664
-4516 5220
-3352 4507
8264 -4818
1614 -9408
-8253 -6481
-1936 6275
9612 -8291
965 865
7538 6136
1077 -4581
9953 -1666
7772 -2114
-5521 -5539
-4703 -5029
-3331 -9069
4923 -9895
2597 -2230
-8727 8625
-7837 7834
1805 7746
-7283 -7320
4885 -2333
-8668 8065
7013 -9324
-185 -2276
7633 -8576
-7891 1486
-1022 398
-9672 526
-3673 -6435
-3691 -2319
-5281 -4288
-4552 -5767
-999 7526
-9286 7050
-2244 8181
-3671 -9070
-6258 -1355
9532 -1483
-9921 8728
-1091 -8834
5084 -7343
3133 9022
-1966 -5924
1214 3475
-379 8840
-4924 -4698
-7443 -4998
5288 5563
-1493 8283
8176 -4989
4668 -6784
1597 527
2810 -9205
-4505 -4839
-2730 276
6483 8409
-1497 -596
378 8547
5470 5877
9286 -8806
-8016 -2779
-4850 -6335
-5491 6773
-5941 -8183
8412 -8797
-8597 -8884
-5922 -2973
3226 -896
-9292 7906
5109 -2368
-8620 488
132 6571
-5578 -2255
-6976 -3699
9746 -4501
-3211 -5411
7811 -8050
597 -7
-9001 -6812
9396 9366
-2760 -8574
-3430 -7736
-7064 -9818
9716 1678
-3951 9196
4127 6499
2811 -8156
-9666 6711
3598 4192
7699 -8863
-3188 1388
4032 -7636
7902 4034
404 -5862
-7291 5916
-6294 -6373
-1348 1990
-779 4829
5284 -46
2496 2082
9757 -3043
-9601 -2231
-3201 428
-5594 -9652
-194 -6042
-4445 4744
7241 9367
-992 -6383
8663 3963
1048 -2265
-5727 -4031
-5025 -9783
-2588 2458
-8911 8695
9289 -8003
-1448 30
1183 3884
4887 3361
4930 -3001
7809 -7748
8324 7512
9414 6556
7703 1739
9350 -3800
6001 2826
9413 6598
-4859 2500
-5306 742
-8767 267
7557 -8600
666 2054
-8857 7062
-7472 3010
-3758 -1736
4307 -2493
4789 -7424
-2072 8593
-7995 4285
988 7588
2641 -7066
-228 8101
-2661 -1057
-2119 -4065
5830 -2845
5824 -1382
-4524 6602
-9023 -1225
-2697 -8159
9804 -8449
-3910 9526
-1999 -6604
3274 -5010
-3733 6816
-5153 5071
719 -748
90 -9516
-1620 9045
4045 -9044
9057 7561
-3208 2122
5003 -7070
440 -8646
2447 -5263
3528 -37
-4751 1449
-5534 2247
-8756 9878
6391 3997
701 -1956
-508 928
7031 -885
6504 -3624
402 7043
7174 1880
-1183 9062
3770 2639
5517 -976
6562 9348
-3999 -6640
-9040 80
-8073 9979
3936 -5894
8557 567
6356 -7532
-319 9144
1250 -8726
1451 4781
2015 -6111
145 3373
-6707 4792
5937 -1492
-7725 -9132
8748 7720
8594 4737
2463 5056
2217 7051
1995 -9096
-3638 -7252
-5276 -2779
-1541 -266
-5165 7807
-8202 695
-7690 -6712
1111 -2844
8093 -6725
4023 2175
-5578 223
-2985 -1256
5500 -8292
-9235 -6922
5937 6174
-4559 6075
-4355 2791
-15 6131
-5242 -1361
-7359 3027
-7762 9904
-1799 3772
-5522 -1584
-4404 -4360
-2014 6225
-6634 2811
-2788 -2882
6104 -5921
280 -3639
-6429 8185
-1053 -340
-5931 2703
2176 -5354
-4761 -3805
-4012 3325
-1659 7218
9775 -1628
-6827 4644
-8108 -1583
-7042 -8227
-7058 -686
-1359 5417
2202 -9560
1734 -3184
255 7041
9717 3701
-2305 -6728
9300 4977
-8587 -5522
-9282 965
8215 9743
3191 -3404
1143 502
-8279 -3343
8542 -3001
1524 -9396
6002 -2352
-5381 7149
-8491 8038
3686 -746
-8759 -8720
-7978 2801
-8956 -6192
2167 1054
8280 8820
7123 -9435
-7106 -8294
3289 3790
-4170 -7922
9222 2703
-2597 -4794
-4188 -9195
1233 -3546
4277 -5735
-3402 6265
-6264 2432
46 -2476
-6229 3967
-9752 -7248
-3319 3057
2382 2196
-839 -3847
9210 -4308
-320 -249
9589 2037
7492 -5658
5017 -1896
9499 -2407
5650 -9152
8806 -3391
-1669 4251
-5758 3699
-3882 6303
-4737 -8745
8955 -7252
-4585 6208
9427 6840
2224 1844
178 -4072
3794 3005
-9047 4058
8066 -1198
1546 1028
-759 7616
-1174 5403
-9391 -2448
-2376 2535
3003 8085
-1548 5411
-4001 -6348
4662 1886
-2644 4298
-6042 -7243
7546 5354
-5458 -2220
-4303 -8550
3126 7086
3197 -9293
-3715 -3234
-3572 -97
-7642 6755
-1823 2061
4143 -8561
-4004 -4241
8136 3481
4012 -6001
-7014 3263
864 -2226
5142 1905
-6124 -3493
-3115 -5709
7386 -5085
4799 2784
1904 8575
6766 -6434
-3037 -1269
-309 3799
4537 7363
9703 5426
-6850 3675
-7276 -350
-2637 -8592
-5439 7718
-680 8939
3153 9729
-8230 6022
8526 -309
9305 9070
1081 -2960
-3967 -6217
5805 6553
4654 -6004
-8562 4087
-3982 -2830
-7876 4386
-8681 8061
9239 -8590
6035 8325
4112 3987
7165 425
-6350 6640
-1764 2277
4190 -2338
-3336 7064
-5518 -6369
3741 6229
1252 -3618
-5576 -7291
7190 -8873
6054 -1417
-9760 -8934
2896 9309
-6525 -3792
-5514 7736
-1548 4006
792 -4617
-5511 7277
868 -2778
3597 -6469
8991 4948
8059 -2407
6743 4418
1455 -9911
6749 -9330
2585 -9877
-546 -9916
-1563 -2084
4999 462
2981 8053
2402 -5027
7161 -3430
9312 -3889
-7583 6122
768 6838
-4119 3380
-1583 8879
-9224 -3385
3648 -273
-3552 -1008
-3159 7135
-7118 -8424
1219 2729
978 3409
-4909 -3124
2299 -7497
6273 -244
2695 9297
-8304 -2505
-510 -1447
-3274 -9499
1082 6188
6885 8522
9846 -4382
5642 9861
2574 3798
542 8473
968 7195
-5559 7491
-4092 8220
6262 6857
-9516 4936
-6458 -6373
4342 5753
6339 -6524
-5537 7460
-22 3200
-7899 7933
-5540 5865
-168 2997
2046 -523
-381 877
-4209 -397
8256 -4446
-2739 5265
3734 -7798
4486 2007
8390 -1268
8515 -3965
-5356 7589
-6865 -4973
-7518 1115
-6856 -3278
-7293 2634
-918 5221
-1384 1790
4 8608
-2346 -2545
6574 8613
3107 7825
-9553 1745
8870 5673
-8453 6584
-4616 3930
-3768 452
-1534 -920
4058 -6499
-8643 9337
-2374 -7380
9876 4349
920 -8035
4438 -6777
1683 5
2116 95
1517 7260
7257 8059
-8503 9281
8907 5337
6921 7190
-5203 -3335
-2885 -8419
4709 -4584
-8750 497
9940 4455
-3910 -9487
2248 -2231
-884 -7708
-5001 2082
-5143 3920
-1434 3793
-3409 8779
-4461 2330
4547 1360
-1713 -4367
1189 3729
-7139 -4231
-4405 -8887
-6735 2323
9905 5846
-602 -1926
6591 7160
-2748 6308
6769 4158
-4046 7118
9207 9061
4019 -2633
8815 5178
6649 -4274
-3501 -1701
2999 7883
-4573 9034
9079 1793
1658 1660
-5853 7631
6366 4208
-7011 7130
302 -9763
262 5660
-3826 -3773
-3554 -4322
-8753 -2920
6228 9061
8371 6018
5055 -4673
-1461 -2765
6141 -91
9851 -4001
3767 3657
3247 3012
-1277 1781
-8639 -5636
-5364 -722
1685 -3167
2177 3904
8155 147
-5664 7788
-8037 2424
-7871 -8986
9045 -3396
2682 7145
798 -9153
4047 8384
-5500 -3126
-5901 297
4186 -7183
3850 1080
1107 7999
6052 890
8813 -9944
6792 1708
6135 393
6195 -6470
3526 2010
-8229 6700
4760 5317
-9265 3716
7409 -567
-4371 -1779
2254 2693
8967 -2642
8571 -4702
-609 2405
-8839 -2006
-9740 -2900
-4179 8344
-2685 3859
3649 -8201
-2701 2831
-896 502
9626 -4976
9172 2234
-4462 -7221
5651 -1777
118 6094
-4423 2969
-965 -721
-8777 4448
-847 1611
-2708 883
1780 5675
7324 -8026
1143 5861
-8791 -8354
-9456 -8922
5538 8444
-702 -6162
-1543 -5080
-1826 1610
-482 6510
-6757 -8574
-4324 6161
-8749 2509
-8327 -7601
3427 -2654
-8481 986
-2256 -6627
-7651 -9491
-8149 -3589
2912 -2101
9262 9841
-9668 -8769
8714 450
-2745 3707
8815 1424
-5275 -9666
7060 2242
2756 332
-6591 -7422
-1432 2408
-1224 235
4797 6597
-5335 -3347
-485 3345
1989 -9841
6873 -4594
-4687 4884
-8273 -7761
-8306 2943
-5963 -5402
-4543 -6779
1676 -1552
5952 -8870
-1009 -5458
6330 -9480
9611 2177
-6046 -1122
-7210 -6870
-4751 -1175
-1236 7032
8042 -3436
-5008 3260
-5299 6412
-2044 -4854
7761 4901
8512 1528
6690 4378
-4339 -5801
1842 -8832
4895 2070
2625 -8156
5914 8848
-6719 7285
-7234 1685
7884 3482
-420 7900
-8892 5278
-840 -2998
9289 -8280
-2453 6158
-8252 -6942
9308 -2376
2287 4762
6028 -66
1800 6134
9836 7942
-6101 -2918
-8906 -4561
-9245 5434
-8325 9058
-9083 -4358
-6646 4165
-8476 5670
6115 22
519 -3930
8410 8603
-9767 -5706
-2971 -3867
1599 9298
-4849 -2991
7772 469
-2644 4895
9590 -5184
2164 -3793
8199 -9176
9243 -4351
9368 -2324
-6838 -3159
7387 8643
-457 -7773
-1933 6165
-5054 -5830
-7145 1960
2607 7384
-4952 -5263
454 -3963
1727 649
-7616 -8925
5766 -5700
5468 3234
1488 7730
-7618 -5202
4298 5417
-6783 -1697
5291 -9677
-2244 5862
6972 7240
5363 -9247
-7632 -1649
-7433 -7320
-8560 -93
-8716 8846
-1228 4479
-7637 1687
-297 -657
3912 -1191
-2756 -5235
9211 -1225
2351 -6955
4880 749
-1127 2747
-1701 1239
-1226 2330
-6066 3521
-8696 -8581
-525 -7390
5637 7950
-6685 1671
9678 -8866
-1021 6493
-8450 -3782
4146 5698
5937 2194
7904 3258
-6678 636
4192 -3007
758 -2898
9660 -7254
1028 -3319
7504 3203
-9798 -682
-1115 -4799
6780 3358
3844 5300
3579 -5681
-6831 2792
8139 -1386
-1024 6955
-1478 -2356
-8660 8904
1733 7933
-4589 2791
-8136 6077
948 5464
-9154 -4438
7406 -8903
-6308 -7500
-1490 4405
-2689 -6727
9277 -4471
2604 -2360
3818 -3547
-2186 -9922
-7935 7963
1377 -3021
1446 -3805
-4988 -3477
2853 -5804
2261 5775
-9889 5333
-5649 -4010
5050 6494
-5297 -8514
2931 -1289
-4966 619
8480 -8434
7905 -277
272 706
-9872 1564
8243 -1175
7426 -3752
7176 1243
-8839 5972
5626 -6716
-4363 295
-446 -3670
7220 -8141
8224 7943
-5967 -5702
-1785 -6031
6362 -2669
5440 -5508
2456 -5382
-5022 5170
-3539 -576
8715 7827
2454 1260
-7595 -1604
288 -5506
-3102 6364
1530 94
7386 -2884
7865 3293
9047 673
1725 -6922
4302 6550
1124 2764
2605 -1076
6238 3576
-1770 8457
-9881 618
-164 -4104
9669 -3627
6441 -9893
-1439 4635
6744 -5219
6055 -277
6354 -7478
-8853 -3532
-4086 8239
2683 1522
8780 -7748
-2354 4344
3875 2845
-3638 6224
-7891 7732
8700 3034
2024 -504
-2980 -4464
6812 -5816
-7353 -1822
-1291 -6874
5649 9600
-1275 -3444
-5153 -8673
-1093 2654
-210 -7314
9550 5893
-1868 799
-7026 6221
6236 -5125
-7525 -8928
1493 -3803
-3561 3007
6726 -2734
-9277 -6820
9929 -8282
-2081 617
-78 6184
2907 -493
-247 -5842
-4583 5501
-5299 -2992
-4411 -5942
494 -2156
2077 7606
-8042 9563
-1767 2994
9770 3106
6665 -7877
-5425 -9315
8578 -4640
-1518 -7758
-174 871
1355 -6397
5200 8686
-6654 -1000
-8341 -116
5349 5689
7284 -9586
-9098 -8390
3533 6188
-1540 -977
3680 -6786
-6536 2658
134 452
7541 2924
-9320 8780
-1140 1901
-9741 -3809
-5376 -7797
-6939 3715
-3668 -2894
-3758 5210
418 5330
-4861 -8781
-6236 -4527
-4423 -595
-9527 6486
6720 9343
-1219 -3073
-3485 -6102
-6472 -4926
-8358 -2516
3905 6349
-6268 8512
-6124 -2734
-7664 -7330
6036 8794
1798 4898
-1886 -5633
-5700 7767
7384 7456
-7725 -9689
-4746 -487
-7479 9569
-8799 7279
-8058 5524
-5892 -4225
7250 6017
7837 8312
4254 -8354
3097 8663
-8821 5693
-9173 -4220
5529 -9150
-754 -1873
-8853 2037
-1724 1023
7277 -2736
-4500 -5761
4158 -9118
4826 -8795
-1220 -2945
-3947 -869
9273 57
-9580 9131
-293 -882
-3215 1441
-545 5817
-5639 -4191
-6832 -2774
2301 -6250
1329 5029
6885 -8868
-7864 1682
3557 -4666
9010 9560
5200 -3891
-8661 -2675
5021 -6519
6937 -9191
-2611 8872
-7349 7412
7087 1575
-8024 2909
-2087 9793
-1182 -4882
3328 -5223
-1208 2538
7971 7190
8682 -7665
-9019 -9006
-2031 -8593
-3317 9288
-3980 4695
-9683 -5351
-1238 51
2720 -3668
4461 -9864
1623 9384
3331 -7049
-7112 7404
5925 -301
4670 9791
-5026 -119
7025 2338
-9255 -8137
1883 7353
-8575 2077
-1631 -3513
-5406 2986
8839 -6018
5148 -6722
7072 7357
-938 4459
-4381 -3432
8928 -2919
3565 6943
-3127 -8260
476 6227
-7369 6058
8611 -6384
-8353 9902
-8860 8384
-7765 7406
-9448 -4491
8476 7669
6418 -7963
-761 873
5136 8893
6724 9599
-7961 8032
310 4985
9793 1005
-1735 1100
-8043 -9633
8912 -1266
-2933 8534
-6393 -1223
-9362 572
-9000 8350
7768 -1391
-5590 7642
8951 38
-3157 -3689
-4716 -5092
-121 -4758
-5197 535
-6114 -373
5396 3689
-572 -1704
-27 9053
-6383 -782
2626 1923
353 4839
-3609 5372
-588 6093
-4559 4170
7781 7719
1711 -4278
8182 6093
-1900 7858
-7611 -9565
5280 6155
-5961 -1226
-5181 7542
-1704 9087
1403 -840
-2092 9732
-4366 -4856
9962 3784
2922 -6124
2085 5808
4710 9048
4869 -3468
4640 6919
1566 -8448
-9617 -3987
4752 -5732
103 -6405
-3906 -5511
-7034 -5025
7675 -6490
-4190 465
-975 5920
-3971 -5967
-2715 700
-6746 -4473
3176 6413
9869 1769
374 -1339
4235 -6557
9792 -4340
8700 -5006
-748 7001
9989 6703
8188 -1051
-546 6137
1261 -1153
-2361 -5224
-3377 2420
5050 -3744
8698 4487
-5117 3685
-1523 6650
9586 6860
8818 -1396
7069 -8352
6949 2830
-7617 -5780
-1577 -9886
9846 9793
-5053 5443
-3803 3959
1128 -5968
-5285 1202
-7564 69
9145 8639
2286 306
7492 -6003
1544 7819
577 2080
-52 195
5935 7299
-7760 -2602
-9522 1639
5153 5162
-4923 -4823
-9478 -365
-2482 9509
-6819 8607
5317 -5743
-4649 9135
-3441 -7882
-1851 5075
-6610 -9361
9943 2349
5121 -2170
-8602 -7640
-8563 9189
-1457 5613
-1807 5713
6873 8124
-6651 5048
-2493 1121
-9906 7424
-2490 8921
-3907 8701
-4242 523
7616 -9757
6488 -4427
-9437 1730
346 -1346
-7914 -9313
3128 3680
-2784 -709
-4223 2523
-7389 8476
-1420 2450
1121 -6155
-6596 5510
-3596 2889
2528 -8045
-2434 1254
5485 9016
-8570 -2920
5735 3393
6161 -6430
-1046 -9131
8620 6870
-3180 5583
772 -734
-685 -5970
2444 -1846
9267 -9457
3063 429
2397 -9453
-767 -8373
9665 -1229
-9042 9876
-9731 -9452
623 1849
-6598 -6418
5225 -91
2501 5397
2546 -5881
-584 1534
-9710 2892
9522 3470
-4271 7235
8085 -6207
-4733 7359
-5547 -82
7327 2381
2442 -679
4312 9566
-9724 -9839
3436 -6625
-8259 5274
2578 -90
-8486 40
4734 -7067
1916 -9570
5731 -3378
-9796 1468
4621 -6563
337 -6795
-9670 -694
-9914 868
-3643 399
-7351 -4374
9918 196
-6093 -4072
9392 -5118
-9601 -4246
-3613 -4624
-6908 -4295
-4843 9813
3373 4075
-3707 -1351
-2135 7327
3788 -4804
-6687 5579
-5790 -1548
2182 3703
2914 -7361
-6255 8834
8579 -8096
-9555 4669
-856 6548
8902 7020
1491 -5593
-2893 -6498
2211 8949
9836 -2531
-158 2855
1806 5932
-5197 -8473
-5564 7901
1735 989
386 -5712
-9980 -3926
658 -1285
-589 9280
6350 2279
3337 -1098
-6914 -6243
-4420 -193
-105 -9940
8112 4345
-8623 8531
-4021 -5104
6503 3189
291 -4766
-5724 1110
2203 8611
-9983 -8624
-4738 8921
2530 7319
8889 -5481
-4455 -740
8865 2407
-8786 9840
-7846 884
6192 566
-1325 -3358
-533 -9082
-2145 6867
-4782 -5661
-8738 -5497
-8111 -2550
4197 -3593
-2159 9165
-3690 5774
9940 3517
9959 2936
-6289 -1191
-7494 -2994
-7830 7940
-9821 3695
-2028 1708
4394 -6387
-7135 283
9057 -7405
-918 4337
-4743 3212
-6960 2698
6560 6080
-8104 -498
-9348 2398
-7103 9566
3067 -9720
-9935 -8215
-8099 2308
-1049 4872
3907 5475
-4824 6636
-811 -6875
-374 -5130
-76 6688
8345 435
1426 8022
-4106 -8445
-2274 -7599
-9659 -7499
-6911 9162
1559 -6337
-797 8796
-4159 4980
-6920 6989
-777 2184
624 2922
-2470 422
504 -6888
-6796 9203
9156 6284
4346 2958
4648 8469
1315 1268
9084 8126
2673 -4182
-3719 -2942
5355 -9437
-8207 4123
-9265 -5903
8545 -9050
-4314 -4357
-3952 -4413
5743 -3244
3684 -4253
3178 -7726
-9165 6977
1073 2186
9653 -1352
157 5499
1889 735
9640 5795
2687 -9218
155 -1518
4731 1824
-1657 6831
3793 5597
2553 8875
3519 -9643
4219 -9362
8224 -5345
-5815 3931
-1410 -7425
-6421 -6444
837 -818
-7501 9395
-9034 -8605
-6780 3798
-8622 -3113
3311 -2877
1317 9549
2708 -8574
8173 1967
-5497 -989
9886 9621
2417 2064
8159 5257
3786 1203
-9541 -4266
-5207 3651
-1408 1862
7181 -2366
172 -7271
-5516 -6132
5803 3297
6686 -9196
-2883 -3212
-9660 5579
-2132 -7840
2105 -1503
8523 9982
3672 8510
-9430 5358
8882 6853
9111 1141
8629 -1220
8983 -5398
-3205 4111
-4533 5008
-808 947
4580 1941
-9579 -6133
9100 -6304
-6866 -1792
-6894 3118
1889 -7378
-8149 1333
2681 7523
-3776 -1502
-558 8454
2038 6194
-9509 -2153
2724 -4772
-5310 8281
-9960 -6195
839 -7666
-9553 -2518
-4693 8416
-7206 4347
2284 6073
4855 -1351
-2185 1700
-6605 -63
-622 -1713
-3166 -222
1510 1255
8735 2514
-4309 5165
2274 8148
6898 -952
618 -5914
6132 5452
-1412 1397
4882 -4107
8870 -8723
-8636 -317
3017 -3128
624 151
6050 -6618
9366 -3277
9576 -4287
8733 8309
90 -3476
-536 5234
5946 -2305
5318 5269
5120 -9185
3828 -4266
6488 -6667
-3155 5257
9337 -1186
-6173 -3444
-5266 -7831
7318 9680
-3926 -9542
-118 3593
3297 8670
-4862 -5915
6703 -7485
5885 7832
366 9136
4576 7738
4689 5073
7295 6971
-7890 4296
2819 2657
-3276 5321
7870 -9494
-408 1125
-6664 5299
-3059 6521
-3897 -318
8459 522
5479 3382
-4751 9650
-6954 -4186
1196 6460
-2826 241
4927 7426
6869 6796
8084 1226
165 -175
7331 -8219
1877 -1981
-2850 -8403
-3015 4833
-3697 -1263
-618 8081
9861 -5544
6674 869
8345 -700
7391 2898
1074 8507
-148 1779
3951 9125
9009 1083
4494 -7494
7849 4357
-8204 6861
-4784 9022
9657 8133
-1617 9221
-3331 6568
-8884 4633
-9761 8294
-9219 455
8654 -5239
-9360 4269
2842 -1910
-7451 9583
-4998 485
-4008 -1732
3159 -8303
1709 5573
2181 -9812
2468 7261
5294 -2716
-2990 -7458
798 1906
-1727 5699
3812 3831
-7816 -3984
-7314 -977
-6813 3733
7451 -5869
-7485 1341
-7313 -1554
3690 -1235
6708 -4803
-1436 4171
-731 1008
5670 686
-9973 2490
9322 4854
6196 4239
-8511 -7520
1851 5100
9771 5478
-4535 -5964
7029 257
-9859 6380
8009 -4914
4855 -5748
1486 -9535
-214 5671
-5382 6677
-3248 -2759
8251 -1083
7261 -2254
-4619 9967
9803 6644
3616 -9643
-2709 2261
1130 2169
-2175 -1817
2879 -7439
-996 8273
-4290 -9759
-6950 3066
-6200 6019
5245 -8569
9010 -5809
5943 9275
-3571 1355
-9062 -7934
9164 -3560
-5116 6115
8649 -2024
-5678 -8447
1571 376
5258 8926
2005 9795
3936 -2049
1124 -321
-3283 -8180
-3412 -8522
-384 143
9771 -8356
5274 -6923
2815 -5925
7414 -3007
8810 -731
-515 1075
-6939 5994
1924 6661
-9543 -3187
4017 1018
8411 7620
7692 -1666
-4062 -5689
-1716 -8696
-7967 2577
116 -3461
-3577 -6691
-8075 3808
6285 -8058
6542 -5420
9315 -3633
-9846 9160
4070 5788
-6173 -3953
5625 -9092
-2494 466
2206 9209
7520 -9040
4572 7123
-8335 8485
-3519 2900
510 5613
6673 6804
5297 9912
9377 6768
2067 -9498
1465 -5832
-9699 9825
-7011 -7744
2009 -5867
9496 9669
-7175 -2846
1395 -3071
8753 5162
1881 -1052
3804 7460
-6310 9666
6053 -8895
3744 6817
394 -3625
-4927 -4073
-6435 6689
5443 -853
8331 5027
8341 2575
-2023 573
4176 8570
-3853 1990
-9513 6321
-6188 949
6132 -7870
-574 -8360
7958 1538
-2332 2626
2998 -2250
-7271 5837
-7204 6512
-1399 -96
-4825 6823
-3854 9337
-8145 -4785
6769 -8997
-8495 -5225
-3874 2109
7876 -1955
-7816 -501
-8558 -7947
6518 -9953
-9211 3824
6495 4423
-7118 -2017
5364 2835
-8824 -7422
-9751 -4429
-3422 -6168
4023 4323
-6833 -906
-8148 7422
5296 -134
-5620 -7951
-9008 -1368
-6649 -7585
5808 -9008
7431 -2545
6272 348
4346 2369
-6504 -6087
-1780 7202
-1757 -6797
2669 -8526
9448 388
3041 2644
352 -5116
-846 9857
-1364 1287
7025 1992
5815 -3300
-2351 -1772
-850 9348
2549 -252
-7218 1341
-8780 -9496
1704 4065
9420 -9120
-3171 -3027
-5302 -1212
-1518 -9917
5659 788
-7110 5981
-713 8464
4649 -5208
2948 9455
-8508 -3947
-5733 324
-7269 1620
-8494 -5799
9252 -7575
-3407 -7022
2334 3726
-538 6745
751 6492
4711 -3039
-2998 -7971
9178 -9949
-4312 -1226
-7649 -2385
-5326 -6913
9445 -4852
-4955 1827
3928 -5858
9519 -7761
1732 8421
-819 3880
-6567 8144
-897 9932
-461 9022
-596 -3078
-1807 6353
7750 -5900
-7859 -3959
7695 9904
7131 427
-9700 -4147
2376 9685
3647 -4015
-8497 5581
3184 9069
-6076 -4890
-912 3492
-9877 -7131
7191 -5362
2189 -9889
-8923 8558
-1187 3901
6766 -6074
1024 -2936
-9332 -650
2961 732
-9738 4351
3169 -4724
6886 3058
8758 7171
-4457 -1877
1221 -6162
7669 513
4307 -8618
-3351 -8137
3412 6950
3180 7113
5728 -8873
-426 -9750
8599 -7206
7116 -3361
6706 -5261
-2455 9739
2376 9518
-7107 -3808
-1456 -5912
-1448 -2228
-9452 -7481
5674 -7322
-4531 3820
-519 4378
7447 -3187
1706 6019
-4317 6854
-8666 8007
-4702 763
-1731 -1876
8911 1558
-5644 5453
-1263 -2137
7438 2268
-9826 9091
937 -4072
-548 5271
-8462 -6593
-5660 -8712
-6446 -5840
-5540 6357
4140 4923
8480 8092
9397 -1479
7625 -1725
2572 8499
2305 -9661
-9408 9199
3900 -2505
-2638 883
233 -6912
3466 -7449
7924 676
-8934 6319
6279 7447
1597 2268
-8672 -2154
-468 1503
6592 3812
-4617 1169
-2098 -433
2261 -2545
-305 6351
6300 -518
9855 -5221
838 9105
248 6967
-735 -4891
6850 -8821
-9865 -1927
-779 -374
-6375 -1974
-7102 -3843
8506 -5495
216 1833
865 8446
-4905 2246
7840 -3628
3385 -9734
1180 -7107
-8826 -3242
4797 4649
-2259 5617
-3403 1473
-7541 -2608
-5606 104
6973 1017
456 -2789
-3251 7491
3851 -3945
-9490 -8937
-8338 -8602
-3187 3338
-4021 492
-3692 8207
-6639 8821
3736 -3842
7207 2878
6612 298
-9222 -1377
-1827 7957
-3725 -9852
-5215 8446
-7449 7147
1023 -1624
4739 -3514
-577 8954
4228 -5210
8490 5210
7477 7386
-6930 -3155
-4090 8932
-6779 6712
8634 5951
-5887 5084
6757 4726
5156 2791
2791 828
3379 3713
8243 -5250
2163 9015
-9588 6181
2896 3376
-8481 6939
2848 426
1675 805
8922 2899
-9600 -3878
9391 -340
-754 8473
3525 -7852
-1429 5486
2676 -2497
8412 -4141
5324 -3524
-9509 8829
3015 -9280
-9853 2258
5679 -5114
-9345 5522
-1201 -7752
8629 -9595
-6085 3849
-7551 156
1225 3929
8215 1391
5293 -1149
-5152 7128
1167 -8935
-5603 -3407
4410 4247
8082 8379
9031 824
5730 3012
-6566 -65
-8175 -8
-4369 -4313
4482 -1217
828 2325
1548 5621
-6902 588
-9057 8541
-6360 -8082
6099 -9053
-8651 -4437
-3862 5899
-100 -4441
-7315 409
-848 -4915
-3215 9523
2775 5325
-1983 -8520
-3701 2060
-7241 7293
6712 2532
5299 -452
3022 -6262
7021 -7735
-104 -1722
-4945 8547
7283 2873
-7810 -3670
-9166 -4060
-7740 4620
-2945 3839
2242 -3129
-9280 4210
-9709 -6964
8589 -9289
7725 6546
-7318 -9806
-9729 -8271
3763 5281
-5816 1559
2405 4501
2031 8858
-9343 -6340
-6148 4312
3405 4877
1843 -2886
3159 2672
-8713 1782
-4448 3368
-2059 5498
5747 3924
-6577 -7847
-7740 4557
974 -6667
-4550 -2245
-4203 1426
9196 6629
-5166 9096
2134 1903
-344 -9972
7606 -3666
-602 -1976
1067 -8134
-5128 2162
-4464 4240
6304 7072
-218 9477
4275 3759
-2217 2662
-2397 -4766
-8168 9947
9519 -2470
9979 -8860
-707 -9983
2632 9312
1916 352
8150 8702
6107 7543
9188 -3039
1202 -811
-5144 -3514
8130 -8053
-3955 -1290
5478 8404
-5214 9400
-2248 9645
-467 -9373
-6626 -4649
288 4473
2566 -9167
-4666 2708
-7690 -568
-9424 -9046
-3815 68
5890 -1364
-1486 8011
3536 8952
3806 -5725
2048 7777
-6229 -7399
-1590 5877
7944 1432
6313 -644
6117 7596
-9348 -2381
4901 -1999
6036 4134
-6476 1348
-9883 3254
-7215 2365
4861 3045
-5350 -3888
-1001 2052
6242 6017
7996 1547
8689 7924
2995 -2119
-87 -3973
380 2509
5969 -7751
-4154 947
827 -3573
-8485 -9919
-4704 9231
-6180 1008
-4373 9999
-2040 110
4552 7713
7245 345
-3838 -669
-4370 -2131
6140 -6733
4002 -7547
-2181 4562
3321 4718
-2097 4135
7940 -2609
-2163 1269
2288 5749
-3660 760
-2058 806
9735 6136
-2814 -2185
-4161 1611
-1166 2945
-1103 -8218
-9581 2093
6265 9103
-7177 907
3419 -5944
6512 4286
8751 3333
9908 3765
-5127 2059
-5860 -7201
3346 2400
8947 -1390
-61 1426
-6218 -92
-613 7653
2358 2560
-7791 -9718
-82 -9061
5956 2473
-8862 5268
5956 -2491
-7788 299
-9852 8675
5281 7489
-1079 8501
-3930 -7860
-9328 2130
-9981 2403
-5612 3374
-4618 6039
-4972 403
-5145 -4948
3593 2321
9191 4836
9266 -5628
6648 -2437
-957 9302
6974 1886
7227 2403
2107 -4969
-3944 4536
-4295 -9275
-4260 -5157
7461 3367
4598 433
8397 3469
-8326 -4186
-1125 8435
7661 -4955
-4176 8216
5893 -3884
568 8873
5387 3020
-5690 -9904
7409 9402
9786 6286
5927 -8655
8378 3332
-9746 -2782
-5274 -6894
7643 -299
-9470 2255
-318 8794
829 -3291
7843 6291
2712 -8990
-7888 7979
1782 -365
-563 6515
8073 -5775
5773 -7349
1905 520
-7350 3958
3046 5047
-7094 -1567
6566 1254
-1823 6624
7834 -7661
4369 6167
-9515 3866
-414 3573
-2395 -1405
5644 6477
-2454 1788
-6642 -2804
-8344 -1309
-3874 -8484
-1985 1451
9960 -4749
2544 4807
-8137 -5442
-5199 8032
446 9228
6712 4089
-5519 -3705
-324 -3781
4944 7690
-7157 4889
5599 -4459
4595 -7478
-3760 2843
-6375 5171
-5239 7957
9272 -9910
-1096 -739
-5619 -3610
-5708 9943
2579 4935
7288 -6088
-3178 4323
-8962 1581
5446 3023
7186 8290
-7503 -3903
-7941 -10000
2611 2329
-954 -9402
7535 8192
7993 5572
-1553 -2968
-5060 7909
-6969 4573
3503 5684
3450 4511
1728 -4102
4539 -4542
-4053 7956
7749 -9787
2553 -7729
4297 4530
2399 -306
3854 6551
-4497 -9527
2293 -647
7623 -8803
-9256 -545
-4249 7183
4597 -4270
1158 8436
-757 -6973
7633 7530
2100 1336
-2702 7739
5400 -7914
425 7119
1787 5604
635 -139
-9662 -4167
-2868 4443
-1106 6724
4093 4505
-8740 -720
-8165 -4102
745 5124
-3706 6861
-7392 5792
2088 7818
-6267 8184
3288 1378
-487 6143
-9525 7383
-434 -8512
845 4637
-9852 7615
7395 -8939
-5279 7807
9196 173
798 -1664
-6451 -4274
-2584 1182
-4765 -8793
-354 6657
-1730 -6684
5411 -1394
-1788 -7710
1811 9260
-103 6045
8314 4026
2323 -8856
8797 -1715
-5468 2414
-7156 8034
-7067 -3380
-977 6463
-7972 1526
-7872 -9766
-7742 -710
9047 -8380
4187 1389
-5154 4830
-6900 -3080
2235 9570
-3853 -6988
-8406 -7639
-9173 7292
-7843 -5959
-3881 8516
-1604 5514
2466 -7380
6535 -1898
6184 -4206
5270 -7760
3346 -2221
-6632 -6439
7463 8677
-8801 457
7802 -4366
7565 4701
3894 2701
1854 5118
541 9110
6600 -9648
6852 -374
-1951 6467
-736 3882
1687 8892
2206 -3049
-5155 4197
-9519 7769
1240 5226
9556 7692
-8345 -2200
-723 -5061
-4959 -8925
7009 8495
8012 8367
705 -6971
878 -2486
8433 -5246
-9375 -6481
-6741 -2024
2118 -7357
9498 5627
696 7468
1985 -8726
-4808 -9151
-1798 -4144
8743 -7183
-6483 6784
5626 5189
923 -1080
-2761 5197
9394 -5141
-3372 -4429
3715 -814
-8903 -4350
-8675 -4346
-4281 3859
-2174 -9041
4918 -1472
9832 3365
