1998 1992
-6532 -2774
-3340 2206
-6962 2036
9397 -2774
5495 -894
4699 -7877
6065 -780
9170 8467
-7396 8478
-5917 9595
-99 -7630
-1542 -4610
8724 -1875
-5798 -1787
7169 -1009
-1378 -8435
8242 -2063
-7222 9932
7925 -7976
-9360 8339
-1313 -7137
5965 7332
6072 -7769
-1985 9984
-8144 -6667
9145 -4082
-3845 9328
-6343 -2789
7699 -5979
2488 3805
7976 -6029
-7176 669
6882 -9750
8315 6816
-2859 172
4036 -4571
-3694 -2359
7079 7658
-8098 -4921
9620 1473
-1312 2988
-5087 -3843
1018 -8987
-6684 -3298
-944 -5796
-6474 7000
-5713 -8621
-3514 7878
7286 -6915
-6697 3373
3917 3477
-9640 9873
3546 -4696
4351 7781
7243 6165
8984 -6069
-4459 8900
-684 -9854
-5002 -7436
-6750 7758
7732 2738
7274 -6343
-4623 6327
6370 2731
5008 -5632
5280 -5578
-2386 -8365
-1967 7432
-6430 -5340
2931 4836
6975 -2701
1786 1834
7620 3210
-1849 9300
4314 3677
-4620 -7355
-9865 6421
9917 7658
4216 6816
-2283 -7423
-8183 9977
-2149 -634
-1994 -2993
9780 8142
-7093 1109
3570 8233
-2928 3306
-4888 6221
6374 -5994
-6567 9866
44 529
5851 -7758
8616 -7263
3732 -783
170 5065
4552 -2965
3062 154
-8216 -6869
-7409 -6062
-2450 -917
2625 5323
3880 5615
5474 -5158
-8201 -2780
2298 -2748
432 -853
4094 1112
616 7657
8641 -8978
6863 -6417
-357 -1558
7161 3588
-5218 994
-8090 5807
-4758 990
7445 -213
-3707 -9183
5352 -3895
5102 -4911
473 -9488
650 -5597
-6334 3929
7600 -2606
6911 -4615
-2774 -2969
7429 1837
7025 167
-8055 2942
-9648 6371
-1091 5326
-7976 -4189
2005 7041
6444 -1416
-7916 8310
-1810 4900
7686 -9621
-2485 -3656
-6968 1687
2540 -7296
5248 -2850
1010 9013
4521 -9499
-6747 -7565
5838 -5327
-1022 -9687
-946 9780
2184 9737
-4202 7911
1222 6973
-9162 -3714
4349 4917
8640 4661
-4678 -8627
-7196 8216
-9395 -3532
-7461 1147
2917 -3484
-59 6154
-2066 262
-969 1988
-8324 -7324
-9591 -8907
-1300 3112
1880 7953
6440 4920
-8361 6303
1923 5160
5558 1289
1860 -723
7292 -62
-8196 1915
-1731 -6182
-2348 -5697
-3331 -5
-6138 1316
7130 -5719
-3704 -6944
-2992 5233
-8201 -2162
8155 -2339
9242 -2274
-8392 -9717
-1495 5355
-6031 -8425
-5013 -1832
9906 -1069
6620 -4316
7428 4665
-5461 3316
657 8375
-7214 6096
4935 -5566
8873 -4577
6293 -7066
3588 -3719
4137 4492
-8026 -289
-2557 -6142
7553 -2293
4306 -8244
31 3385
-9631 -6671
-2862 6435
6006 8609
5028 3673
-2114 -5522
-3103 -8547
-5733 3686
875 -9934
4791 -6430
-5845 7459
5946 4610
8969 -4528
7295 3382
5550 5425
-7371 8924
-1132 9600
4021 -2331
151 -7006
-6077 -1377
-2251 -9321
-329 5735
1672 -5045
-7000 145
-607 -9430
3709 4623
2227 -1861
5116 -8630
-4817 7078
-8402 -1789
8904 -5505
-3599 3766
7493 2060
7684 -1186
-6840 -9341
1281 1732
5222 -3586
5406 -2397
4251 -381
-3629 5973
-7605 -4138
-6493 -2019
4676 -5757
-8627 7071
3944 -3909
8370 -7269
-7383 6062
-7136 6958
-3080 -173
5722 -7600
-2208 5883
1467 -8270
-3151 4306
4499 -6816
-2455 2084
7787 -2880
-864 -1933
5189 -8255
8909 -8684
-1268 7541
-4171 6588
-5801 -7071
-9645 5483
186 -6617
9046 2012
9654 9867
4425 5051
-3108 7705
6153 1115
5068 3169
-6512 -2244
7954 -7290
1115 -4893
-4430 7011
-6759 -664
-1509 -8094
-7882 -1627
4192 -3871
-6907 -3164
4989 5210
-7368 -3627
-6782 7726
-8318 4263
1122 4094
5658 -929
453 3034
8213 7527
5724 3946
6549 5019
-1594 -36
2207 9042
-8023 1602
3043 -4656
608 -8592
-1333 907
-1844 762
3230 -9753
8176 -8751
3858 -4579
-6392 -2364
-3212 8024
3267 -6744
9589 -2013
-7459 -4779
-2219 -7977
5339 -9267
6063 182
3576 333
4666 -8
8483 -8238
-4604 -3242
5969 -7152
1100 3156
-7003 8471
-4344 -1558
3350 6558
792 -2608
8760 370
-2609 1989
7619 -9380
-898 6694
-885 -1968
4754 -9730
-9865 5636
1025 -510
2525 7332
-7197 9757
-2132 -330
-3232 -9666
3455 9322
3721 -5726
987 -8852
2527 5210
4844 2141
8051 -3216
-4019 -1213
-3190 5114
-8300 -3727
668 4966
-3696 -8953
9324 -3976
-9880 6142
-8541 2409
870 8878
7255 -3251
-8363 -8165
-29 7275
-8100 -6416
-4104 4410
-7310 -6475
8019 -3433
8817 8243
-509 5782
1993 9244
1806 -1761
4102 -6656
7870 -38
-4393 4349
6242 3751
8712 -2990
1999 -7683
4771 9105
-6379 8548
-6317 6377
6063 -2850
9470 8181
-4594 -1981
8836 -8736
-1386 -5214
1978 -3830
-2493 8166
6066 6235
9864 -294
-3481 -168
9665 -2652
-6848 4790
608 6443
-6120 -422
-6466 1935
-2709 -7024
-3089 -5654
6709 5526
-3925 2657
3973 4838
3864 -4940
1042 6750
-5982 7392
-4 -6784
4872 691
-1322 -6513
5143 -99
-7802 7853
5594 2052
8062 8492
-2322 -9131
873 -4310
1734 6167
8578 4017
3700 1428
-9599 9140
-1805 -1281
-2616 2862
687 -2315
247 -3758
1314 7803
-1420 -8005
-5544 -315
4542 7642
4638 -246
2750 -3975
-910 -1690
7920 2635
-5482 3443
8171 -4744
9323 -7900
4224 -5868
-3420 -477
3852 -810
-4776 -6755
7665 4711
-1241 -5398
-4076 -4471
8011 4661
-9382 -2596
1980 -2275
3875 -654
8581 3724
9716 -1337
-3960 -9267
8990 -5413
2315 -7805
4270 -1895
9405 3270
2032 -9303
2664 9835
-1080 -8437
-3211 -7497
9517 4629
4029 -5895
-6102 -8500
-9662 -2568
7029 7124
3963 -9097
-6444 8620
-5624 -9207
4385 -5871
5515 -5348
3035 -1773
-521 833
-4609 9075
-2609 2663
-2580 7109
-1566 -7053
-5854 5006
7770 4623
-2396 2633
18 -5362
-1849 -1549
9931 -8923
7340 -9504
432 29
-5123 -8992
2476 -4299
2368 1258
9321 6000
-7142 -1081
9355 -9782
6748 7465
6113 9535
4739 -5128
-6600 -3455
-1255 9343
9627 7943
-6521 7903
-1662 6207
9120 4508
3364 -650
3248 -257
3993 -3824
1710 7396
4464 -4275
-3441 -2719
2875 -2076
-394 8625
-8905 5092
-2465 -6073
9240 2130
8021 -7387
8746 -8822
-6396 -382
836 -6712
-3630 -5247
1266 -6940
-9587 -7875
-1678 8113
9379 8023
-6338 -6687
9520 -3844
-1129 5260
-9288 -1661
-2561 -5825
318 -6666
-1892 -8983
5483 -4480
-7662 8531
-9973 -1915
9017 7307
-1028 -4928
-9119 9958
-5656 -3182
9290 -801
4701 -9880
4134 8437
-3302 8281
3053 7201
-4423 9533
1458 2082
-7756 -9957
-3951 674
-709 87
9248 1125
3433 -225
4632 -5861
4942 8322
-6986 -9000
8276 740
8293 9513
6428 157
-8922 5333
-5984 -3962
-4393 -7905
8743 2089
-3495 -9003
-2093 -1979
1662 -1864
5899 -4071
6763 1357
699 -4996
-7228 8434
-655 9650
585 -2108
-396 7726
3469 5354
-5063 105
-54 8082
7873 -3104
-4888 1876
6362 -2092
-4095 -5516
7697 -9570
4882 -2689
-5011 2972
3309 -1092
191 -680
9652 6230
-7147 8750
-8676 -5987
4259 6941
7960 -7494
9768 6833
-6930 -7459
-9225 -4053
-3166 -610
-4223 -2267
-6015 -1852
8657 -6516
4620 -9658
56 8595
2560 3981
2056 -3600
5978 -972
6776 -7428
4420 -1575
439 -9971
5502 -7600
-7958 -4773
5460 -658
-5830 4830
-6908 -3416
-711 1343
-7713 3387
-8287 513
3914 3917
4605 -6594
3004 -630
-14 8958
9338 7369
3229 -8612
-6971 -1876
8123 -4861
-7526 -5579
5589 6771
5813 9788
1355 -8863
-1258 -14
-4323 5419
-5608 4504
6400 -5900
5800 -7516
4944 -9675
7605 -5260
8440 1046
709 -9182
558 1118
2879 -117
-3050 5389
-1324 6937
-4034 6679
4928 9396
-9493 5210
-1362 7880
-7544 1056
6219 6153
9001 98
2330 2665
-7120 -2596
9206 4003
-6023 6625
9322 -2280
8843 -5210
4398 8761
344 9761
5020 -4087
-5892 1378
9063 3848
-2279 6307
7424 -1606
2594 4050
9140 951
-8576 6965
-3664 -6697
8394 -7205
-3153 -6853
-7031 8261
-6488 -8793
8922 -3046
1944 5230
8560 -2375
-2761 -9101
-9355 -8286
-2811 2479
3231 -7414
7968 -3964
804 -6840
1840 -1059
-93 -3952
-5528 -7610
8270 -7831
-8258 7522
-6200 -4244
328 -4920
8733 2598
7017 -7610
5781 -7126
-151 5020
-9840 8997
-3840 -6681
-7018 3413
9109 -5005
8140 8486
-8322 -2956
3319 -9166
6354 -4959
-5695 -658
6462 3515
-3752 -5176
8358 -967
3499 -7441
-6328 -3067
4668 3362
2939 5198
-7919 -4242
4476 -7565
-7871 -3597
7525 4153
-108 -7091
-2385 9421
9566 -7593
-187 9976
125 4650
-8022 6203
-257 -1191
-3428 447
923 -4428
4550 -6714
6422 4142
1965 -5119
3553 -7183
-4874 -8105
2310 6273
-4845 7617
-8741 -7244
-6075 8919
5614 -8667
7796 -4193
-3085 -1934
-4731 -2635
9185 -5952
-2506 -6587
997 7811
-6312 -5129
6908 6403
8176 6265
-3785 6192
-891 -8160
-671 -7500
-8050 -9655
-1477 -7685
1849 564
-8864 -8618
-9129 384
7157 -8243
-796 4945
5793 -8119
6008 6977
4579 4145
1243 -2291
4329 8365
4044 4336
9416 -9712
4003 5089
-7926 -8842
-80 -8549
6610 -1323
-724 -815
-5932 9353
-3461 6318
4303 4787
1248 6040
-7889 5941
-8071 3612
721 -832
-5537 5400
-3790 -5591
7573 -4309
369 -4356
-5250 -1241
1923 -2587
1024 -1708
3536 6215
231 -5564
3609 9930
1937 5837
-9204 9174
8736 9872
-6015 -2664
-2498 8851
537 8486
2604 -4106
1233 4365
9903 9692
7121 1663
9981 -3573
5859 -7398
-8122 5241
6514 369
-5400 7066
3777 -7075
735 2186
3619 3516
3562 3130
2140 2343
3645 -8871
6623 2995
-2837 -9497
455 9656
459 -1709
5693 -988
1322 -8016
2417 566
8446 -3867
9419 -6387
-2948 -5725
-8356 3265
-597 6901
6006 2107
9033 2626
-3651 1501
511 88
-1421 2490
-3897 -3865
149 9102
-1882 553
2592 -5617
-2455 -6875
1879 -1371
239 -7250
571 -3118
7878 2344
7758 8133
-7189 2076
-3854 1897
-5916 7142
-2353 -7177
-9355 -6249
-9121 -8829
6725 -6318
1539 -5594
9123 3843
7691 5593
3903 -325
-306 7675
-5367 4354
-7800 4849
-9968 5910
7485 -8745
-8432 -6416
-6274 9419
-4702 -181
-7315 -9850
3459 -2398
-4680 -6601
4761 5318
485 -227
6255 -3994
-6481 -1299
7405 9967
1282 -6987
9844 4590
-6944 -965
7329 4843
8279 -4143
-4189 3980
-1805 -9520
6613 -5082
-3946 -4007
3071 -7439
-2435 6947
-2580 5568
-8936 9129
-5072 -4440
6165 4033
8454 4770
8525 9177
5525 -4110
-6243 2734
-2322 6738
-4651 -7955
-7819 1764
-6448 -873
4455 5679
9963 -5512
2711 8912
3290 -2031
8675 -6795
4242 8687
-599 -2695
1148 9230
-7551 -2492
-4697 -6771
-5162 7533
9580 -2861
6008 -1625
1490 -23
9265 -2067
-4118 8905
9625 5298
-6048 3559
-9582 -4200
3462 23
1757 -5879
-2748 -7833
6420 1800
5503 2854
3860 -771
3434 -6935
6118 -1741
7161 -2331
553 7671
5741 -8131
2 -562
6601 -9965
1857 -4410
5326 -4041
9994 -4816
-8028 -9463
6867 -4458
7599 4794
-3128 -5907
-7982 -1186
9631 3607
1502 -2569
6169 8836
6857 7011
-5486 2091
-9730 673
4438 -4875
-2905 1405
-2013 -1407
-3864 -5045
7569 -8453
7843 -9175
9957 -8945
4592 -1136
-9446 448
-3261 6328
-6618 -8716
9056 54
101 1223
7605 -2430
-8773 -2427
-3937 -3002
-319 3485
-2406 -1516
-8689 -1796
-405 -8876
3612 -6200
-2094 8900
-3520 -4009
-1456 -8979
562 -9844
5411 2017
3105 5383
-9123 6291
-7674 -754
-5392 -8139
1728 -52
240 -7611
5108 3716
-4605 -4848
-3118 5065
-5204 1768
8524 4002
1089 -5495
3243 2009
3433 6671
-3196 5661
-9134 -3881
948 -3854
7556 808
-3716 7889
6390 5800
785 -3195
1205 7581
-2714 -2966
-8765 3779
-4768 5857
-1942 -7241
2563 -5669
-9954 8529
6400 -4629
-1600 -9755
-9491 -1343
-6116 -6613
7304 -1530
-5807 -2023
-6883 1450
-8710 -9381
7328 8230
4772 -9472
9939 6751
7116 4442
4263 -8353
-684 -1173
-2174 -9003
3014 -1607
2756 -8730
-7564 9936
-6965 3714
-5375 8655
901 776
-6814 -9194
-7931 -9259
-1364 -3577
383 -1431
-8500 6269
-7962 8812
-8096 -988
9186 -9255
-7591 -9132
-5694 -6425
-7653 2417
-8041 2885
724 -273
-7919 -1751
-3608 4029
1876 -2704
-495 2192
-9447 -2807
8056 6955
8931 103
5452 -1967
2734 5480
-5644 3698
-9983 5451
6013 -1432
178 -5024
-2400 -6489
-3423 -9632
8041 3654
-8630 -9865
6261 821
-4346 -2569
8661 -3171
9588 -3136
-9407 -1308
-9500 8266
4977 6779
4304 -5759
3735 -1868
-5493 -8114
-6347 -5805
4827 -4544
6022 -3062
3073 -4927
4790 8680
-792 406
-7812 -8142
9369 9947
848 -3602
7071 382
377 3469
2194 7013
6600 -4908
1628 2040
-2835 -7997
4549 8367
-4849 9889
9925 -5715
8481 8924
-1818 2912
3060 3519
-4946 -8326
-2028 -5188
-9342 4725
-8666 -821
272 -6237
-3097 -5454
955 1202
-3866 4360
9888 2563
582 1086
-1770 -3090
4203 -4926
7009 -2080
-4899 -672
336 2949
-6268 3990
-8946 1404
9653 6868
-7115 426
-5488 -1217
518 3592
-7147 -3762
-6820 7187
-5851 -6906
4441 1461
-8944 -4002
4193 -2299
7363 -149
-3112 1784
7679 -6805
-7348 -9246
-3205 244
9280 4669
9702 2691
8443 -9504
2967 732
9425 -1315
4194 -3637
-3932 -7655
107 -2647
-4938 -1445
2085 1527
152 7206
-5438 -9511
8358 1942
-4476 500
9457 -6798
-7839 8487
-5899 4624
4584 1182
-3720 7224
-6497 5850
-3439 5081
-2957 4430
6624 -2088
6407 7397
5922 -8759
4733 -1067
-4968 -5209
-9233 -4464
-5404 38
-9700 4907
5505 -4546
-8868 9566
4 6425
1025 -9984
6090 -642
-2371 -2720
-8991 -3707
9047 5595
5084 3439
8510 -9081
-8639 3593
-5683 3777
-7784 -2968
-2433 -320
-4511 6917
-6878 1657
-3094 -8278
-8111 -4915
8487 6497
-88 -2375
-2454 8066
-2457 -5406
-2972 7242
-567 2748
-3102 5282
4907 -9012
-2335 -9698
5799 -165
-296 6459
5255 -8028
-7025 -379
-9814 727
-8447 8718
-8604 4627
8539 7545
4568 7803
-7743 3174
8456 -603
-486 -3787
-4205 157
3557 7772
6984 1081
1103 4318
2500 -3885
-3306 5540
6120 8186
1443 -1023
-9113 2859
-1064 5695
7922 -7554
-6939 -9994
7521 6100
7466 9317
-9800 -8571
9497 7428
-981 1595
5085 7901
-9545 1626
6707 -2707
-6390 9398
8013 132
5109 9437
7002 4123
-3912 -201
3783 -5445
1311 6817
3240 8198
-6541 3829
6282 -9411
6884 9666
-3374 3792
8713 3538
100 7102
4931 -9925
6571 661
-5122 9501
862 9587
5896 -3853
-1586 6014
-2582 -8279
-3362 474
5891 -93
-4050 4487
6068 -3775
3975 -6098
6478 -200
-9375 -7972
-5119 9575
5937 -7794
-3633 -6308
3977 9086
-6841 -6983
4695 4364
5740 -6068
-4715 -816
-8142 -1405
-7289 -9269
-5326 8113
5348 -8731
6321 3065
9174 -2124
5175 -6818
741 441
-1537 -8373
-8058 -7059
-8941 9540
-4534 8302
2598 -3210
-3478 3682
-7355 -513
4484 4473
-6138 -2260
-3519 6055
2505 -5512
-9145 -1271
8670 -264
-2422 1568
6447 8892
6164 -9360
-4434 -8753
-1006 7557
96 -5227
-4226 8894
-5820 -6250
-3526 -5077
6714 7908
-9859 -6007
873 5597
-817 -1021
7557 3346
-944 -2203
-10000 -8378
-50 -367
-3174 6541
967 -6161
163 659
-1732 3666
-5885 9964
8090 -8140
-9636 -4368
-6461 4268
-8162 3008
-4199 -1441
-8801 -1872
6946 9603
1536 -4426
319 -8509
8036 4265
-7535 -5705
-3340 7155
5528 8242
3365 131
-7552 4737
-8197 8075
9706 8831
-4349 -1803
-1386 7936
223 2491
-3968 6149
-10 -2976
-6766 8158
4816 6630
3108 -8291
3479 -7691
4002 -66
-1069 383
-6038 4296
-2727 -7877
376 -7738
-7072 5977
-3585 -2281
-3841 9750
8547 2296
-2276 -7926
-8156 3451
-68 6565
-9885 -8727
-8414 3119
810 5156
-7161 8700
8545 -8644
7720 -456
-3315 3451
-6978 -2768
-5879 7432
-5728 -333
-260 -7339
9144 -7038
-3321 1159
312 5351
6502 -231
4871 -1029
1837 -3011
-3287 -4261
-2364 -381
-335 3136
-8832 3844
6108 -4620
5578 -2361
4596 -3966
6241 -4908
86 4949
4619 8781
-5947 -7683
2249 -6124
4027 7985
-9041 -5753
-5574 -2247
4219 -8304
-9706 -5739
1627 -9263
1400 -3889
-3600 7060
9074 1057
5158 -1063
-2596 7384
-723 -9935
349 6235
-3380 8500
8923 -5331
5895 -9026
-1743 5079
9172 5250
1510 5285
8300 9853
6674 5611
-6838 -4828
-9790 247
7521 -3318
8906 -2356
-4867 7058
-4048 8836
-4372 -3413
841 -1877
8599 -3763
6677 -3703
-5807 -5812
-8644 3660
-461 7261
-6194 1984
7521 -3989
9134 -6803
7131 4685
-6122 -9037
1957 -8932
3143 6846
3166 6342
-9300 424
-9913 4780
-1224 1915
954 -723
-8132 7774
4383 -9982
-2133 -5502
-3613 -4168
-2426 -1586
7450 7722
-5513 5145
5492 5486
6513 9180
-125 -1786
1701 99
8228 -6385
8609 9114
-6477 6027
-2718 -3983
-3358 7170
9562 -5913
6880 -8753
-5800 70
9665 -6627
-5804 -2508
7224 -8436
-7096 -3734
4522 5530
4545 2052
9676 1780
-2159 -1695
-3993 -7849
8607 -876
3778 -2167
9884 7203
9456 -1597
6029 3727
2086 -7507
9972 -2601
-7771 7552
1600 3207
-6474 4284
3074 -2829
-6723 7258
-4447 -1836
-8019 2394
-1926 2648
-921 3503
-873 7515
5030 3174
-4210 -3063
4096 9698
-6226 -5586
-9268 -9825
-8669 -2536
6194 -6007
-4929 4668
3383 -1625
-2267 3832
5612 -5956
-2489 -4273
2814 -5564
-266 6765
2223 2930
-3382 -2644
-7789 -9583
4138 8320
6874 748
-2174 5393
-3038 4008
-2233 -7738
-5920 7428
-8763 -8671
8956 7987
4074 -8183
9483 -3935
7095 5508
-6718 -9422
-7275 5951
-9807 -8242
633 3195
5128 6986
5015 3956
7050 -9301
9601 -1292
-6673 5088
-8992 -3217
8418 -1999
-5801 969
9594 -9024
-501 4509
4544 8893
4661 -7742
8306 -5544
-1672 -1216
3086 -5012
-589 -7351
7897 9378
-5801 9905
4319 1203
-7276 3216
3959 -1468
-1113 -7136
-7823 1497
1935 3788
2104 8407
402 -233
2502 -2354
9893 -583
6569 6547
1596 87
541 6880
5233 -3526
-5085 1339
-8171 -4388
-3241 -1781
-4296 6810
-2904 -9064
576 -7064
-7120 -8106
469 -5028
1015 -7665
-6259 8574
9242 -9577
4999 7271
6781 385
-3200 -1403
8493 -1725
3730 6416
1347 5620
-5150 -9978
1587 7287
1059 -6972
-9961 2721
161 -4247
9398 2384
-8534 3139
8598 -9625
-3975 3499
5871 -4537
-2973 8135
-8856 -5921
-6832 9500
2900 -7946
8400 -3646
-4229 9924
-9682 -7939
1714 -9725
-951 -9343
-9584 2302
1442 -3778
6166 -9645
4243 -2065
-3870 1993
8209 -9902
-4956 518
-9487 -3232
8151 2888
9915 -66
-2470 -2042
-5599 -127
6471 -916
-8979 4471
7170 -3987
4102 -1061
-4665 -7877
-672 1893
3580 -9923
-4667 -3790
-6954 -9637
6879 -7635
5121 4594
82 -982
-7344 -5690
5356 6593
4805 -9773
-265 7579
787 -9272
-8635 -5888
8669 -2088
40 9864
2672 -62
-3887 -4836
-923 -5671
-8657 -9255
-130 2871
-2434 -6660
-6001 -3303
-4816 7070
-3080 -8206
-6580 -6860
-8884 2021
-6387 4163
5974 -5283
6060 9633
-5364 -2439
8366 3098
-7293 9636
-3614 129
-1087 3914
3866 -5296
7249 6671
-281 -6041
-2325 8825
-5313 -1880
-6773 -7723
-2799 -5222
8757 1408
-837 -7398
-5478 -7840
-2024 -4123
-9438 4300
8108 6198
7295 -1355
3196 9054
8883 645
3299 6089
5427 758
2943 -5127
-6811 7335
7987 -6271
5035 -3516
-5545 -4339
6014 9060
-1476 6905
-1102 2180
7060 920
6447 4450
7965 2065
1588 8433
5448 -786
-1815 -6561
338 -8373
-6738 7706
-8621 4468
-5774 -8415
-8225 -9633
9979 -8024
469 9734
-9394 -2269
-2572 -8953
509 -7156
3077 -2060
2045 6878
5624 -1785
3531 -5578
-5597 4476
3566 551
-8233 4164
-7256 602
2016 -5237
6188 5099
3413 1303
972 3861
-8605 -4157
2379 -1499
-9428 -5750
-1562 -4133
3865 -801
-2877 -1873
9055 6440
551 7062
1655 6988
6993 2621
-622 9352
8711 9701
4975 -5477
1361 5612
9395 -8501
-584 7736
8774 -5583
9094 2299
-8388 -7348
5159 -2866
-5400 5639
8991 8553
-7581 -2314
5427 -9923
5077 -3077
2147 4628
3733 -8464
-9359 -4014
7771 9552
-1079 -182
-3250 5631
-4441 -6201
-9411 2740
8215 7306
-3549 3663
6348 925
-7608 6564
-3481 9820
-2942 -6595
3759 2737
-382 7038
-6821 2229
-1015 1361
3673 736
7975 -5846
6942 9232
3078 -2056
-573 558
-6484 9608
-1247 -8932
5164 -7112
-2655 8920
1378 8026
-4372 -161
5820 -9763
-8188 -5485
9680 357
-1082 -7950
-1269 3279
4692 -4738
2093 -1688
-606 -6565
-349 -82
-8342 -9587
-9289 3828
-26 5798
5030 -32
-9409 4995
-2434 -9664
-7471 -4704
6136 1776
6372 7091
6124 -5875
-7498 -283
-8869 -8798
-8714 -3945
4878 1546
-8101 7857
-7829 -4584
6597 2102
-7536 1497
-1350 5732
6724 -9851
8121 6412
-2147 6380
4950 2491
6656 -4553
4110 5254
518 -8995
6095 -1279
5369 18
9106 -934
1815 1111
6049 4611
-1450 -7903
-967 -730
-9998 -1916
1288 -2797
6668 4867
-9670 -1641
-7738 -9780
2368 4918
7698 6952
6488 -7305
-9352 -3596
549 8205
-4336 1641
1305 -3499
-5836 -4050
-8031 -544
-3497 1223
27 -6844
-3373 -9734
-8460 -9797
-7735 4197
-3203 -5007
3611 -3765
-8673 0
-5333 3984
455 -9619
590 -7904
2945 8458
8348 6892
8761 8374
1788 6070
-7805 7244
3747 4920
-973 1852
-5344 -8174
7565 -8589
-5427 9427
-665 8194
-4800 4168
6032 6609
-8271 -1236
-384 5721
7217 -869
-8679 3939
7138 -8913
-1685 603
416 8830
-9166 8960
9981 -1889
7244 5302
-6775 -8356
-4197 -4953
-114 3038
697 8486
1552 2683
6204 -1660
4502 8733
5538 -7166
-3988 3851
-5767 -1937
4217 -1139
-6815 -2980
5057 9429
4109 5508
2410 7880
-9384 2438
8422 6638
-4336 -6869
-2048 -4299
7062 -9867
6298 -7763
5975 4286
-6845 -1106
5005 5170
5777 -3795
1756 -7502
9589 -6679
-4920 -8135
-472 5656
-7506 -9656
-3508 5950
-7429 6065
532 8043
-6591 8084
2914 3174
8840 1320
-2912 -7181
8654 -2385
6519 -6139
-1408 -8457
-4221 -7569
-3544 1947
-8101 4230
5010 -2137
2087 6170
9925 -1421
7068 2232
3705 9586
-8659 448
4670 1739
-5459 5725
3843 -5192
-3054 6530
9949 -3873
-3227 -9688
-4589 -1724
6091 -9702
-5648 -1257
-332 7684
4286 4304
9463 4661
-9306 -6386
-5270 8632
-5351 -5737
4137 -1529
-6179 2950
-5388 3128
133 3823
-3880 7734
4215 3618
1354 -1157
4211 -3841
-9633 -4726
-4044 -7624
-6403 -6593
-6300 3346
-793 1071
9489 -2978
3139 -6964
-964 1916
1185 -3371
-5202 988
-8386 71
-8978 -8782
-7571 648
-8419 -6464
-2451 -9993
-3174 7109
6230 -5471
-4042 -9168
5622 -5531
-8528 5861
5767 32
-7032 -7209
-270 -193
-4717 -3466
8752 -6857
-565 -6775
3389 3571
-7491 2603
8271 4071
1305 366
-9874 -2457
-8647 -1992
3695 -9729
5465 5826
-9651 5341
-4639 -8375
-5323 -4010
3576 -6112
-2834 3093
-8229 5648
-4753 9882
-7513 -1846
-8610 -4385
-3734 -3134
-2548 8975
-1700 2408
9628 -260
-5598 1939
8880 7949
-9939 -2838
1552 -916
-3447 -6954
1244 -494
6477 -5728
6304 -7375
5394 4396
-6567 -1192
9835 8575
-1810 1645
1708 -9521
-9463 6030
-9693 -2197
8136 -309
337 6382
8158 7942
-6656 -6946
3847 1504
1978 9684
4066 6034
-4096 4790
-647 -7155
7260 389
8187 -4532
5932 -2024
-5601 -1597
-6420 -2633
-390 9603
-4703 -4142
-1196 -2728
1663 4273
-8316 -6410
-6165 2907
1054 -2592
-7081 7523
777 -2337
6183 3612
9818 1093
7091 7090
-3221 -1501
1461 -3284
-709 6677
2339 -4694
-3592 -3767
-835 -9131
7689 9170
-7009 1409
7198 -7562
104 8966
3607 1880
2339 -5187
-4822 -3945
8976 -5529
-4387 -8528
5921 6209
7839 27
-1770 -7443
-9123 -8958
8369 -5075
-5500 -520
-2048 -7288
-6260 -3934
4768 -9515
-1985 8291
7892 -2700
3862 3515
9138 -6781
8089 -1888
2131 3077
2259 -5124
-6305 3410
4944 8529
1038 1572
9325 -234
1377 2349
-1280 5094
3499 2510
-8569 7126
7834 9126
-6400 2982
9072 2993
-1044 -6110
-9139 4429
8637 665
-1754 1892
8972 -2502
3277 -964
-2161 -6663
6144 9971
-5870 -6971
8837 -1314
-5042 -3554
2733 359
-3118 -3411
-5794 -5642
1516 -579
-4980 9526
-6197 -3478
-4643 6519
5193 -7544
-5580 -4766
469 -8412
1081 -4098
2835 22
2665 9063
9499 2471
3177 -6714
8032 -5987
1239 7081
4709 -9510
4976 8919
6048 1082
-4479 6906
9518 -7361
6503 -6477
619 6342
9417 7646
9567 -1521
8726 7752
-9840 5065
-3309 1808
4928 8536
-1981 -7133
-4640 -385
7072 6622
-8267 -4225
1755 -1775
2251 9846
-5753 -8073
3825 -6503
-6381 -3683
-4405 -5655
-3305 -1738
-1027 3926
5016 -3509
-8574 -4535
5483 -7202
4318 -1597
3858 4787
1169 -9549
8530 -2301
-9722 -9119
6371 7467
4086 5595
8204 -9573
-230 2969
-4919 -7733
4253 -1804
-3546 -7201
-5013 -8519
6900 -9621
-7187 -9057
5556 -1008
-7693 -7789
-717 1448
569 5644
4139 -1070
3958 4267
4949 5087
-1954 2094
4850 5282
-2408 -7599
8634 -6229
5989 -7523
7605 -8390
-6273 -3602
-9383 -3831
-4781 1141
-6013 -9196
856 2193
7845 -6806
-1364 8893
-3687 -2491
-9301 -3239
6806 9826
-2787 -4788
4140 7879
-207 7071
-7375 7872
-1934 -6412
91 -9596
-1403 -1129
-1241 1750
2319 342
-641 4245
5161 1530
4972 -4525
2138 4356
-8724 5951
3800 5119
7116 -851
9875 5318
-1492 -2586
-4372 7534
5947 -2152
7872 -3608
-5876 8778
-5660 -4789
-3061 -4918
6664 -3782
-6404 9240
1189 -2607
5865 -1442
-6451 -6985
-7462 5462
-1225 7697
-1760 1688
-6984 6280
-4619 8284
4778 492
5103 -9539
-289 1915
6097 1036
1720 5844
-3263 -1879
9247 -2698
-2255 -4201
7464 -1856
-1419 -7238
174 5069
-1689 5810
1997 5709
-7936 -8772
2580 7620
8930 9657
4608 7866
-2115 -7194
-2029 -8806
5291 5724
-8132 -8261
-6915 862
6514 1324
-2546 3420
-5559 9036
9293 -5605
-2420 -8237
-7319 8790
-4964 944
3281 -5184
3301 7003
-6537 -8546
-3993 998
-3455 -2059
-5971 -1221
6298 -9438
-2531 -3926
-1333 2579
2044 5846
-7106 1929
942 4992
-4751 -626
-5263 4400
3396 -8032
-6310 -5954
-4512 -2015
-6325 1932
62 4057
1716 -4949
2237 -7549
-3448 -1700
-5138 8117
-2588 -5009
-1070 4811
5247 665
7095 7768
-2580 -9782
1558 -654
6977 8300
-7664 4044
-6518 7153
-2683 -5875
-9352 -7376
-1360 -8492
3231 -3503
4023 -3296
-4789 -7011
-6273 -3677
236 -9404
-1324 -5660
-9833 7732
-4233 7883
-1435 1655
-1002 8884
-7921 7054
-4741 -2199
-2642 -4057
2565 1457
-4960 -5459
-4945 -7477
9698 -8084
-6779 -8289
6126 844
1264 -829
-7310 -8772
7837 -526
-371 -9174
-3649 2926
-9964 18
1129 -9203
-2499 5020
-4429 -734
-3129 -3811
-4075 -9274
-9942 -9350
8507 -7839
6188 -6496
7618 -9812
3194 2854
8147 6997
-3414 -3769
-4108 9361
-3342 3756
-720 5816
-4317 5447
4116 8038
8950 9478
7857 -9608
5103 2275
-488 -306
4218 -8151
3426 -2361
8494 759
2532 5102
-3166 -3222
-2003 -9787
-2895 7771
-4039 1857
-6619 9256
4858 -2935
-5794 -1171
-7747 -4389
-9961 -8626
1416 5850
5466 -3924
-9603 7620
-3560 1393
-8979 -7149
2801 -9557
9480 1138
-384 -3758
-4970 4211
-8513 -8505
-4114 -3000
-4572 -139
-7777 -9249
-7403 6926
-8321 -4770
7067 5784
2656 -2499
8722 -2326
-2583 -8681
5165 -6448
-3605 4699
8009 1830
-602 7212
6334 -249
-1176 -8978
-2765 -2715
9172 5511
5330 -137
3440 -7057
5094 -6440
-5167 -8045
-1209 -3036
3702 4039
-5294 -2145
900 -1212
-5733 9079
9021 -8533
-8782 9557
-5050 6340
-8367 -3646
783 2376
6669 8635
1668 -5389
-2500 -3731
-3797 5599
-3732 -4308
9733 377
5352 2453
5843 1253
3220 -7314
2402 2933
849 -9418
155 950
-3157 -2375
2964 -6294
-752 -2668
-4425 -5958
-8263 6858
-7236 -1593
635 1593
-1568 7103
-1416 -5986
-4790 1964
2264 -9786
8982 4600
-9100 6742
8074 -943
-1770 -7303
205 5063
3391 2982
3123 8546
-1809 6625
-8207 3960
5532 6854
-1201 1579
9191 -645
9161 7409
-4426 -3616
3491 -872
2076 -634
2289 4261
6288 -3353
9326 -4114
-2751 8220
-4164 5281
9669 -2919
-8897 788
3693 3476
-9349 6522
-9983 -4299
5233 -9747
-3634 -1340
-5622 7323
2491 7166
-7628 3714
3993 -5553
2159 -4200
-9655 3921
2986 3483
-4117 3346
9412 1342
-2176 9661
-8959 9872
795 2901
5915 3497
-884 3147
-8303 -7768
-9502 5244
766 7518
4921 1590
4524 9273
9027 1488
-5594 1144
-607 -7551
7598 209
-9887 3821
-8972 3711
8038 724
3828 -9832
-8477 7417
-5923 6996
-9368 -8487
-4406 -9790
-9678 -8228
-6314 8935
-3668 7057
2069 8919
-2802 4343
3398 6392
8392 -1079
3575 7751
-3501 -3156
-1690 -2681
2361 -3606
-3597 -6668
3582 -7206
1332 -7273
-1583 9707
-4448 -7916
6687 -3257
3062 -4341
-8710 9582
2763 9163
-8531 2178
781 -2427
-5175 -8733
-455 -180
-8954 -9227
-2910 -1617
7105 7054
-5815 -6987
9326 7367
-1027 2844
4025 3342
-4118 -8791
-1168 7330
-1515 5611
-4353 -7133
-9344 -8465
-2077 -5140
-1005 -1415
-3140 1181
-6760 -4815
4811 1510
-4794 3017
3277 6890
-7176 327
1226 -9733
-2737 8989
3480 -4787
2779 -8875
2108 4539
4367 -6996
9260 8428
-6700 -2768
1645 -1074
-4950 -2620
4951 -7104
2575 1706
-5218 2347
-4325 -5794
3600 2587
7662 -6519
1245 -8077
4864 785
-4029 -5818
2839 2369
8229 -5234
7358 5178
-7123 9264
-8504 6898
5989 -5550
1329 -5179
-40 -3722
2540 -359
794 4973
-3890 -4093
-5358 2751
1116 -6564
-8312 -1758
-9485 -9458
-467 -420
526 3855
-9571 661
6882 5753
-3299 2858
3897 7248
479 3141
-8519 9843
3777 9027
-7288 -7517
2921 -643
6821 4003
-8706 -9989
4025 7444
7478 9842
8661 -8808
-1923 -1142
-7236 8617
7763 7625
-2169 1292
9071 4877
8025 5461
-5441 -705
-2727 -3685
-8849 -5868
-8778 -4817
-9788 -7615
7386 -782
-1589 -8
-503 6178
-586 -8867
-9269 1306
1224 8836
-1368 -7335
7862 -5705
2850 -14
6579 -7234
8040 6761
6320 -6969
4321 -7894
6299 -1199
3012 -304
-7298 -1530
5478 5683
8891 -6673
-373 -1097
7811 2915
9359 7960
-5025 1481
7151 638
5403 4337
6471 -5729
-3111 5455
4016 -8340
-6323 8572
-2271 2620
9649 9097
8007 -8974
-6369 -252
4419 3798
4883 9259
-2109 467
-1478 2580
1018 -6325
4915 2565
9032 -4988
-7313 2531
6156 -1501
-2154 6209
-3833 -5834
-2724 -1058
8916 983
5187 -4636
-6895 4645
501 6955
7689 -4377
7205 5650
-9689 9890
20 957
6536 -9992
4493 -8033
-2068 4083
7277 -2061
3674 -4607
-2115 3330
-4351 -3174
-4217 2904
-7595 -9466
-2748 -6798
2545 7892
4619 -8553
4664 -1289
-1711 -9578
8286 -9492
2333 5558
448 5162
9935 9713
6781 7314
4547 -1683
7138 3791
-6797 -3492
-8786 7540
-7317 4210
-3141 1355
5729 -9765
-3913 1517
-9094 6923
-1210 346
7993 -1415
-5811 -4703
-5608 -1750
1779 9939
-534 2647
-4531 -2331
9244 -8440
-3642 -4632
-7292 1527
8378 -7333
-9814 -1941
-1815 -8461
-2618 7722
-9348 -5004
1533 3843
8509 -7747
3057 -7354
3793 5136
1930 -575
-6647 -6684
-6724 9430
-8688 4186
3365 -8257
8592 9289
9308 -6332
8490 5223
-1075 712
8933 7640
-241 -1056
4648 5112
104 6439
2381 -3863
8139 -1679
-9479 -5581
6794 7995
6566 4553
-3668 1903
7492 9907
-2694 5538
4882 6360
4644 -1182
7143 3515
6912 -2737
-5833 44
-1871 -4899
-9577 8072
-5022 6535
2957 -6926
6796 -743
7396 9257
-5778 -7601
-1874 9915
6221 3622
7021 -9071
-207 -3098
-7728 -536
3286 6063
4657 -2733
-964 4540
1608 7294
9730 -5098
1262 6131
220 -2739
-2461 -9164
2290 -1583
-8839 -9924
-9267 -7219
4109 2475
-2629 2303
1074 -9033
-5049 -1325
9818 -3808
8328 -4084
-1811 -9375
-641 -9917
8802 -9066
6513 -640
-1690 -4159
6920 1954
-5056 1555
-5739 -2838
-5699 7982
-6323 -3645
-1063 -3686
573 9044
416 -9196
4633 -3815
-4047 -6159
-1025 -947
3150 3273
-4434 4955
2893 -9465
-6454 -5535
7435 7549
-9448 -6485
-3992 -4934
6428 -2682
-4953 3273
6146 1683
-9324 1330
-5586 1244
-4034 -1812
3428 70
6032 -711
-8310 -5339
9527 -6043
9004 -2387
-349 -4022
2771 -3483
-4852 8868
10000 9132
-1415 -8854
6595 8431
-5589 6153
-4389 -1206
4380 7456
7996 -2392
2970 -3088
-7751 7165
5751 -1326
3295 -5151
-2386 9795
-7393 -5902
5253 -9287
-5244 6824
-1401 550
5133 9872
-8728 -3262
97 -1796
370 5484
-2954 -1125
-4498 -4385
4102 1184
8048 -8248
6729 -5811
-1118 2583
5404 3604
-2762 9322
-4867 -9496
4193 -2661
7158 1182
-9952 -3628
-6479 -1591
3759 245
-4845 7218
-2150 4086
-818 -49
8742 201
4279 -7416
9799 8036
-4670 -2655
1931 4310
4937 1118
6353 -7369
-5556 -1220
-7635 2889
-2973 -6623
3082 -9550
-5572 6689
-9174 3841
-345 -4943
5425 2485
9951 -7221
3190 -8865
7977 9734
-2386 4628
7349 -501
-78 -4969
-9485 1505
-9887 641
9411 4411
-4496 909
-8248 -6725
7481 -3843
-5635 2358
4081 -7368
-6421 -3501
5421 -2316
-6554 6106
-7273 -9427
-6605 4790
-1607 4655
-4598 -991
-4704 2209
-6384 -6847
39 8229
-3596 4107
-1881 -3668
-9903 7479
-8585 -8342
-5411 -3532
8220 6596
5482 2036
-4708 -8667
-7314 -7995
3384 -1319
-2062 -4945
-4752 2370
-3467 -5094
2275 -3999
5035 9255
-5190 -5214
-9414 -6056
9426 7444
9592 8075
-2587 -2684
455 -8056
-1513 5289
2608 671
-5237 8013
8308 6238
6074 1777
-6118 -9664
4882 -5009
4338 -5567
-1907 2410
9797 -1745
-4941 6247
-3677 9508
-2140 6323
674 6856
4311 7043
6374 -8509
8168 -4350
-2601 1472
-6365 3194
9004 1090
6134 -9873
-4055 5524
3569 5695
-4652 6026
-8381 -9352
-7307 -4954
-9812 1784
938 805
-5190 -9830
2680 -4823
-4131 9565
7866 4821
-7252 -5328
-1831 2545
2372 -5631
-9986 -9554
-4263 -1990
781 9974
-2166 -9294
-462 9001
1306 -2916
6323 -8042
-24 9517
-1561 -5007
1489 -3328
4729 -4218
3747 -4261
-9088 -5678
24 1760
6455 4105
71 6840
-6851 -8632
2514 -5650
-9461 -7185
4909 1806
3807 -3651
-3840 -671
4546 -182
6927 3134
-198 5709
-1973 9560
-7189 5914
8293 1790
-8627 -1187
-2430 5872
9002 -7731
-3118 4967
904 3545
-6346 -5662
32 -7053
3213 2207
2448 6473
9598 -7622
3750 -286
8611 7828
-1392 9242
538 8932
-9255 992
-1043 2341
-2474 1663
-5588 -1138
-8281 -7429
-1734 4604
-5417 463
8341 -3977
-8147 -556
8647 -9111
-4112 6957
-1047 5402
9610 5782
-2581 -6801
2713 2516
-2827 3142
-3618 -5380
7710 -5988
-5 -2973
3603 2885
7285 -6751
1756 -1122
7251 114
5137 9595
1666 7150
-8023 6823
839 -6467
-5928 817
2823 4449
6614 5258
5190 8352
3189 5569
275 -9064
-7829 7553
2993 3965
-8359 -615
-3279 8638
-4856 -5023
2175 5346
808 -8324
8082 816
1208 467
-3906 9907
5801 -5665
-2362 5777
2036 -1197
-9582 4929
-9595 8960
6845 2501
-2558 -8231
906 -4911
1791 6566
-3674 -6727
-2829 -2041
-4055 189
8660 2524
4620 -8600
-562 -1579
-5141 4828
3183 4224
9495 -1223
-1858 4134
88 -2671
9425 -259
8749 5212
-5512 4862
188 -6729
9154 6577
9179 381
7476 -6645
848 -6343
9238 7014
2260 -6089
9389 -8258
44 4839
1093 4609
817 -940
5077 8282
2492 5165
-5523 -6913
-192 -1083
3345 -823
4762 -3753
2234 -9618
-7019 3299
5974 7308
-2990 5766
3121 9283
-2235 328
-5453 422
-1621 830
-9469 2319
3983 3835
-208 -9118
5231 7593
2330 3195
-568 9722
8825 8541
374 7718
149 4575
-8285 9676
-5597 2167
-5460 9966
-8982 5512
9775 8413
-7606 1764
2687 -7744
4742 -9287
1877 6570
3969 -2428
7577 -688
-719 -2675
1845 105
579 -8002
200 5505
-4933 -6906
6640 -9513
3989 -4505
5631 -6496
-1512 9819
6381 844
5579 9567
5547 -3782
1276 1151
3183 3127
6332 -2664
1283 -8776
-8615 -629
-2836 9913
5302 5823
-8482 5259
6839 -7983
2261 5981
7968 -7632
-7056 -2829
4082 3787
2185 9355
-2058 9699
-1547 -5812
7327 -7425
4914 -2586
1185 7067
-2873 -1823
1131 -5768
7543 2854
-571 6067
-2051 6213
-3889 -4963
3041 5884
9194 -7560
7603 6817
9385 3883
8622 -8162
2084 -9351
8136 9294
-8139 -5207
-4903 5678
939 -7670
-3016 -3399
2768 -7265
-6849 5504
4362 8462
4541 -8556
-9472 1620
-6719 -723
8063 -3829
-651 337
-1769 6548
6580 3558
2503 -3789
-2320 4880
-7386 -519
3055 8025
5479 -1889
1583 6450
5033 5508
-1226 -7051
6416 -3744
-5312 -3885
-2224 -677
9489 -6390
4957 3894
-4958 9326
9930 7359
-1414 667
2269 1341
-9222 4982
2982 6060
-4203 -240
-5655 -1513
7185 -3389
4845 2592
-2694 -7285
-2192 -7983
-6707 3711
4679 -6332
-1602 1640
-311 -7946
4414 9721
-7644 -7003
7319 5469
5808 -4463
7781 -7354
-741 7459
-8416 2467
5603 -8702
2950 -5151
-53 -9779
-1206 7302
1670 -838
-9313 -8887
-9949 3805
-6547 -2351
-9855 8994
-181 -402
7842 9775
3610 -4045
-5161 2207
8024 733
-107 -9277
-1425 -3206
-7248 4060
-4195 -1242
8601 4736
-4272 -7940
2562 4361
-2395 1453
1557 -9046
-603 -516
-6457 7269
6784 -9379
-1809 -8208
9688 9395
8480 -8604
-2703 5834
-8648 -4806
-6203 8040
-9860 -1695
-1823 -7392
-3095 4866
-2240 4762
-7589 -7666
3875 821
-3143 -850
-6945 5134
-9563 -9224
4117 -1241
1916 -3894
-2266 1353
4743 -2200
-6483 -4819
-3469 3465
7928 5209
6197 -8058
7438 -6880
7066 6137
7547 -1822
1951 1890
-4519 -6665
-2322 4771
3101 -486
-2615 9989
-6358 8222
2753 -7324
-6357 7673
698 5837
-4599 4574
-1696 285
-2343 -8131
-205 2310
-478 -4073
-1166 4580
-3648 -5209
9279 6363
-3188 9050
7640 7530
-8791 2987
3257 -8270
-317 8134
-6100 327
-9806 -8056
-7877 2242
3962 -7720
5403 -9546
7617 -2377
5243 277
-5600 5166
-96 -2311
8652 -4094
8341 77
109 4948
4911 -552
5579 5048
6349 8168
-8620 -3582
722 6099
7958 -3845
-3254 2621
-6754 -7041
-3460 -5238
-5841 -7578
1864 -7018
-1052 -3327
-5351 -5430
-5403 9729
5531 -3062
-986 -1069
3724 -2544
-6667 -1818
3098 6941
5928 -4254
-2914 2844
-9502 3785
7511 4760
-4599 -9280
5168 -9804
2468 9153
9510 -1271
8833 -3328
747 -5499
7609 797
-9252 7969
-7608 -5391
-7715 -5749
-7579 -7332
9050 -6535
2289 -7651
9886 -2329
-211 -6297
80 -1483
964 -8753
8382 -9317
8285 2323
3713 1289
-7567 9969
-986 5643
-5422 -4587
4628 -2727
-8011 5242
2925 2552
8649 -6230
7290 -6934
-6050 -4946
-7253 -2259
-7881 -4209
-3084 -9043
9867 -2186
-5866 -3570
4291 9100
-4001 -3450
7514 -5520
8738 -8768
-1672 -3216
-8339 8614
-2570 4455
-4494 -3464
2506 -7697
8542 -8715
-8059 -9716
5058 2581
7816 7741
6771 8308
-6984 -8229
4933 -708
-4981 -5895
8230 -7700
6356 1300
2430 3318
6310 -4120
9857 -4034
-8544 -1798
-7638 5953
6452 -7614
-4436 8927
-7040 6455
-9121 -7366
-3545 -4195
7255 4932
9522 -7787
-2185 -3248
8683 -9183
7468 -5026
-9395 7129
585 2476
5669 734
-4846 -7486
-5917 -60
7851 -177
-5434 -3241
-160 -869
544 8013
-4764 7031
-1533 6765
6652 5787
-6582 -4130
-1619 -549
-2518 6068
-7112 5992
1242 -6324
5600 1273
-2767 8505
-2430 -27
4972 -8926
1618 6630
-8076 -6950
746 3547
-4630 6844
-2256 7286
8722 6525
-7709 -7399
8574 -1784
828 4802
3769 9445
-8465 -6785
347 -866
6492 6179
2371 -8338
-7248 -5526
-5777 4580
-8129 -9120
5904 6454
-2253 -939
-2446 -4368
-808 9342
7063 -577
-9133 -8611
-6508 -8857
9662 -7096
45 -6955
7498 3583
-3323 2595
-392 -8362
6750 -4605
8335 -738
1426 3762
-9633 7807
-7696 6949
-7217 1165
9207 -3378
9762 6961
-3469 -9729
-7059 -610
-8355 7219
3772 -4389
2283 -1762
-4962 -2725
-1066 -1709
-6360 2879
5903 6773
-420 -3818
-9768 -5959
9859 7282
-440 -1242
-292 -1371
1579 6922
-5802 -6159
7644 -1468
6791 4802
-5941 5321
-9602 1891
6456 761
-1025 -2610
3501 5252
5062 9238
-2779 -8901
-9792 -9787
-8839 1372
6836 3744
5359 -8145
-1299 8641
-6302 -1001
-18 -7960
-9842 7242
9000 -5329
-9646 -3074
-7386 7676
4561 6840
-171 -5072
6664 -1185
-4721 -7776
-3156 -4114
-6252 -2991
4064 -1563
-3019 -4245
-6612 3235
-4329 -8902
4697 630
-4802 7164
-8975 225
6048 904
-2067 5159
-6986 -3560
-4249 -2274
9072 -2852
-5571 -4048
4372 -8310
9853 -3662
1371 8962
-5155 147
6855 7856
7702 -8603
902 3589
-567 -3310
2022 -7361
-8165 -1173
8145 9230
-3004 3346
-2700 3641
6889 2793
-9204 -5640
244 -8138
-6097 -137
2286 -4078
-5080 -4729
9361 6661
-4105 -371
4815 -8498
-2310 2776
3210 7094
-3507 2425
7005 5500
-7007 -1634
7070 4314
-2759 6107
-4466 -2496
6319 -8921
1699 -3407
-7387 4511
3249 -5437
4755 -9950
4202 -8281
6659 5116
5487 3137
9812 -9993
9705 716
1983 1580
-3753 -9595
-3748 -6763
8352 -5887
9314 -7335
557 -6909
5378 6163
5002 -9089
972 -7483
-6966 -5686
-5736 4592
4763 -2045
3419 5821
-5174 8182
8233 -7030
3136 1228
-5550 7663
3444 -8438
-3077 9227
-5969 -9287
7644 -7237
4363 -7502
9550 -7886
-6739 8633
-5440 3995
5663 9238
-9224 153
1406 7347
6939 -8375
1628 1498
5206 -1745
-1994 6294
-7198 5728
2021 9848
7365 -2373
-5182 2412
-3690 -6233
-8042 -757
6008 -2822
6264 -5204
8714 2978
-427 103
5784 340
-3905 4687
-9795 -4991
8578 9734
-987 7678
5295 -8010
-7879 -5299
9814 -306
-2108 -4952
-9908 -8843
4948 -8778
-9413 529
2858 -3030
4419 2760
-6878 4029
1862 7832
3413 -6090
6297 -871
3007 -1866
-7586 2175
6294 -8821
3605 520
1121 6958
-2113 3618
-8206 5160
-646 -8770
2080 -6988
3487 7598
947 288
109 8695
-8453 -6189
-9065 -4585
-413 3634
107 -6913
-5578 -5499
8060 5683
-1395 381
7920 9565
9057 -8892
-3139 -3284
-7054 -6832
-3505 -65
3080 -2904
-2664 7039
-5356 -5957
-8227 4534
-4114 416
7103 -5787
-9115 -1995
446 9288
276 -7458
1336 6536
-1755 -9562
9313 -7348
-1883 -8665
341 4881
7307 3869
2300 8905
3010 2714
-9072 4066
7673 2016
9056 5608
7938 -6265
-2016 2936
8461 6677
4939 8772
4717 -8143
-9116 -2717
9799 -4077
-3748 609
3546 5215
-7543 -7271
205 -8238
8448 -6851
-3954 -6363
-4401 -6426
2329 -1431
4770 -2741
4167 -1791
5262 -7818
-8363 291
-6743 7969
212 -5157
-641 -2940
-5356 -2304
4440 -3918
-7661 1266
1879 3602
-490 -6410
8683 -2663
3350 2555
-3831 -9359
-6852 -8162
4722 -7796
4844 -9495
-6925 -5660
462 4683
-5020 5581
-2726 2736
30 -5892
-6821 -4612
5839 8977
-5722 4285
-6251 384
6067 1810
-5165 -1800
-9411 5097
6510 4997
-7384 -2131
-3367 845
4159 9916
2739 -4466
-4474 -4022
-830 1710
3431 -3112
-224 -868
5635 3414
7023 6518
-9806 -8552
1856 -3628
3911 3024
-4570 1370
2984 4693
-4677 -3161
8416 9141
5896 3911
5202 -4942
5373 1953
5934 3418
-4975 -1086
-3800 9411
1751 -2414
8885 -9274
-4073 -4007
-5797 -5850
3585 4154
-5455 6734
9013 2034
-6697 860
-4891 4226
-1115 -9573
-1215 -9187
9664 -8897
-8308 3889
-9779 2740
-5988 1437
-1792 -6598
2819 -4993
6997 -5823
1931 -7188
4221 -6828
6208 7548
-4515 -498
7824 9160
-204 -4974
1027 -1457
-9403 -4194
7169 4831
-9946 -2206
3135 7172
5126 -5971
9853 9519
-1824 -7654
-8502 -6546
-1346 3810
-3316 3414
594 -9522
-5720 -9435
-6605 9733
-9957 -5644
-1381 -2845
-6030 -2008
-6654 -6881
1617 -3201
-1635 -3991
2048 -1547
-9473 455
6072 3315
-1992 -3308
5304 2530
1920 9677
-4902 8024
5296 7889
9617 -397
9236 9634
-3921 5014
2390 -5518
-8202 307
899 3713
5580 8560
6618 9361
4540 -6526
9621 7098
9239 7442
1679 -2902
-5312 -650
9939 7704
-1416 1508
-3102 -7795
-5964 -5481
4746 -3449
9056 8990
-4421 -6210
6218 -4821
-7241 -9778
3371 -4980
-2892 201
-6163 3826
4041 -2794
-8604 -1395
-807 -4264
616 -9409
-5863 5796
-5198 -5032
-180 -8678
-6272 -328
6399 7260
-1442 7591
5814 8347
7831 -4349
5239 6549
-932 7851
2534 7467
-836 -6089
3276 5174
-5713 1683
-9377 -1036
-1950 -7472
-7551 -8085
-3170 -866
9419 -3373
6886 4643
-1043 1694
-437 -6988
-1441 -3065
6124 9772
-2146 -6334
-1776 -7586
-1692 8673
-6979 -1287
2168 -1542
-7664 5596
6717 -3983
2719 5301
5903 6910
-3606 -1157
-4052 7211
-8582 -862
7573 8243
7934 7953
-729 1841
268 -4367
-7148 -6253
4279 -169
-7790 -1431
3014 1386
7365 -4224
7066 -4746
-6429 5922
-1458 -6810
8062 -6072
-8630 395
-8005 -848
-951 -4230
7758 4698
-7749 -5760
-3118 -3505
-2149 -304
93 -2769
9293 -1862
-8902 4737
-3020 -1217
-3514 8677
6416 5014
-5720 6654
2003 -447
-680 -9137
7948 -127
-7979 -5131
-4541 -2004
-5401 -3530
-9662 -1825
2489 5391
4543 -348
-515 242
-9211 1386
-3313 5653
-6673 4149
3752 -5733
-3665 -8692
-767 8287
8014 369
6604 -9461
3671 289
-4265 -7919
-665 6976
-2551 6472
9666 6751
5293 89
-657 2467
9636 -8687
-212 -155
-9450 -5234
-166 5445
-1584 7757
9391 -7584
5985 -2486
6421 -8179
6580 1895
-6628 525
-5154 2697
7060 3358
-2024 -9948
5451 9037
-9407 4640
-6010 4211
716 2150
-8309 -2227
-3330 -2958
7666 -3542
-676 -4018
5292 -5909
-5951 -7978
-601 256
-4716 2994
-9314 6488
5195 -5303
9017 3967
2767 1036
6957 1750
595 2072
-8120 -9618
7386 8379
-8799 -9379
1576 309
1084 -7063
-8028 -8262
-2146 -8683
-8039 5208
8021 -9787
9640 -8861
8707 5774
9685 -1522
3888 -3999
5291 1531
-3312 -1779
585 -927
2349 -8905
-3484 9883
6505 -1028
4141 -1959
6832 5692
-9776 4845
2362 -3078
-6109 -3891
2713 -6675
9991 -4284
5275 6049
-5376 -9931
3096 3967
-6349 -8658
-5142 -585
-3878 2598
4654 -7961
3137 -8496
4243 -2345
6376 4874
7247 5735
-2783 7355
5568 -8534
3671 -3666
4325 6542
716 -5060
-7266 272
5258 -4956
9864 -4061
5767 -9822
7707 -4582
-6425 -9251
4780 788
3446 479
6274 7169
8212 4187
7404 -9063
9803 358
9601 6004
-2389 -2682
-6989 -5410
791 9192
-5073 -7976
9047 -7906
-8205 -2760
6489 8743
-1409 754
-8844 6154
-9716 8779
7546 1331
8786 3655
-7991 2090
-7751 5123
-2423 -127
-3001 7794
4188 3243
-3614 2218
7559 -5551
6749 4316
1511 -3694
-1548 -7455
5753 3769
2866 8184
1762 3790
-1221 -4431
7669 6960
-1753 508
-1389 9278
7925 5270
3848 9472
-3861 -2733
-914 3769
-8087 -4444
6629 -1243
-7288 1656
5506 1882
-7027 4754
-311 8713
-5028 8300
5507 1378
-5244 -1246
7542 4923
8752 6991
-1077 -4467
-2479 8346
-6250 -2148
7063 -300
-8113 -8353
2349 9700
-9573 -1922
-8531 2637
-9484 7193
-1743 9921
7929 -1506
-4454 5083
-1101 6245
2706 6442
-2187 4876
3298 6060
-2824 -7303
3731 -3711
2895 -2850
315 4066
3523 3918
-1138 -9692
5315 -1666
-6104 5637
1926 1150
1974 -2987
-9456 -5413
-2162 9153
-6497 4402
-4735 1201
4254 3029
-6933 -4881
9983 4315
17 9069
-3698 9270
285 9236
1905 1807
2143 1219
-1446 9630
-2143 -327
-2443 9634
-8023 8014
9579 5231
3397 2976
-7754 5173
-3147 -9433
-4723 4764
-933 -7310
1725 -1705
309 4174
-3057 -3312
-344 9268
5686 9126
3073 2358
-1472 -947
1351 -6606
-3250 -6638
9257 4296
-7638 1151
-2258 -1545
9668 3297
6393 6792
-824 -9437
-8282 -6237
3317 -7731
-9841 6194
2337 -9337
-8644 5773
4790 5154
1961 5309
167 1910
8779 1199
6621 8099
4519 -2371
4417 -5365
4048 5777
92 5085
-3791 -3515
8618 3877
-4416 -6273
3783 1101
-2250 -845
704 2417
670 1000
6848 -3723
-8408 -7813
-9985 -6145
9556 -4689
6021 -467
4790 4109
-8288 8810
4004 6304
8579 -7772
-3181 -8065
2692 7568
2581 1017
5264 -513
-9363 -5521
9195 2235
5401 -5565
-1959 5150
8137 -2930
-5985 -3861
-1881 -1755
6422 3406
-393 6789
-1343 2103
-959 -8147
1725 1034
-6661 -323
8865 5104
8143 -7777
1457 -7204
-9648 -489
-2551 -4856
-2580 -3682
-5396 5438
-8884 -2290
-7808 -2018
8008 3566
-4865 9233
9982 7518
5569 -3006
5794 6280
7214 -5458
572 -6606
-1047 7048
5804 5908
-5354 8806
-273 9791
1128 2394
-2867 -2601
-3746 1138
8807 3001
2320 6538
1875 1876
-3676 3795
-404 8299
9114 3239
361 5188
-7742 -3845
1159 8328
-3775 6068
-6101 8693
-3317 -92
1028 1613
2918 3742
9725 6613
9652 -7287
-3343 -1121
6103 -6982
1769 1423
2066 9886
-1631 -5894
3393 2467
-5851 -4013
-725 1069
-9557 8641
-2216 4438
8135 -3797
4819 8035
-5208 -6161
3828 -7062
2249 8529
-4496 408
4277 6588
8603 -4142
-3617 -8404
3818 8735
-9437 441
-3929 1524
399 -2100
6301 1984
8173 -5596
-8633 3338
2368 -5925
-3058 -842
-6329 -8594
-1851 4385
-278 6906
2983 -3084
-3175 -7931
-956 2276
-59 -3462
847 -771
5998 308
-1630 -5889
-1690 -3371
-1789 -3832
-1828 -6163
-2370 3647
-6063 6628
-2194 9256
-5933 -8815
-3090 -6431
9734 182
2951 6809
-8943 -6195
8449 -4984
-4854 -8637
9059 425
7697 -5211
-3092 2782
-4841 -6909
-7733 457
9975 1501
78 -2424
5587 2321
