1901 1348
369869 496734
387633 553987
-618609 905799
525786 995275
924075 -307449
-979580 642451
575065 -996432
287788 -707377
7611 -301678
98359 -258340
-52981 -595502
508376 479822
-543489 -700691
720945 340064
308387 206918
-679031 305029
-275793 421780
-376110 -599248
-491901 -755228
-391101 76095
990470 -930662
209649 -617959
439972 -267631
-951514 706712
-9093 -821734
-181141 627980
-960657 -786733
164959 729040
596337 277707
-171355 98618
-421961 -30572
-765573 746113
719328 142699
-557897 680905
-508233 802181
-932975 339812
-567894 -271751
-180661 587157
-687795 603155
-953791 -186774
322340 -39765
-190532 -76299
-695918 -124290
-170510 -495640
-451843 -387052
296618 -301932
957221 968462
-411279 -639433
-978525 -783505
-453561 -20172
576434 445936
473117 731476
-496674 403362
-271756 953871
-376840 -886293
-538686 -175428
453075 801514
-858861 -271230
585512 365962
277754 -691953
823442 218987
-138253 -190191
-702789 150315
-934213 -522029
515417 65175
544154 -654041
674155 -806234
-673334 424776
-156262 -579701
-401461 407895
473166 -387095
-500706 324727
256321 -394538
654342 690952
-224683 -444593
935538 308576
753841 151627
223358 -427689
-504513 193274
230599 94010
454665 666340
-807247 -184035
-270376 -548662
-945731 666924
881006 -196008
462871 530945
481925 -37534
230840 439989
-61209 807645
499094 -266926
848788 -845670
-326274 615678
138344 -405793
-616782 -397540
-651258 -752621
832770 -383144
505721 375382
976730 631869
840291 45241
361739 63700
-329770 -276946
-253175 -85299
95615 857533
17556 49180
-923322 -409506
889476 -201318
-758714 -308201
-830063 -12270
-135569 -814378
322575 817967
-431920 528177
165006 -57838
-874267 647003
-924066 -583959
-869229 543793
345359 717785
-993696 -958891
-774264 -650167
165053 307241
772945 781727
187295 -949576
134698 -785723
-497497 -493374
-328128 -354239
392740 -112181
330919 -585872
-823095 920773
66936 -616686
255588 585010
-403281 139505
707152 -864764
-549884 672057
-220964 343861
686358 658760
-213198 897738
-357896 291778
323425 -643132
-133897 -200760
80765 -166646
-519026 825202
871873 -120197
758284 -616916
680231 833726
-476038 965636
-325183 -884353
875830 735165
-513884 720619
-8700 -593720
22907 -418474
55670 -507871
-425172 265496
-512200 472258
11429 -292120
40260 199621
42399 44749
494249 -198871
24572 881625
-504733 217932
681213 -796933
-426930 -409242
349092 -853223
604339 -43719
-592679 384608
10045 216565
-387341 143808
-511117 -125390
962438 710392
-253935 -491805
240076 656410
-248321 534785
633147 969454
998982 -233163
642375 519954
194949 371286
-134260 9295
838328 840473
351593 -581804
521111 -128989
82 -536348
-745187 -366561
554759 269006
766562 133801
-363599 497090
99681 257721
-39970 388020
-957646 853481
-515252 -241287
276622 -664108
-763957 -290387
704373 532665
289276 -302811
144306 832726
670823 895572
536540 -542525
-357740 -259969
243400 -396219
596444 61407
702983 -206618
-596949 -536190
-629579 997496
-711853 518764
935554 127457
172418 -833107
-5020 879118
-24284 -173857
-248870 -546796
-242769 880798
-266112 234212
565981 -519216
-859516 -203126
-406726 148187
877828 297195
467197 -315157
-450487 -882497
-537168 -480887
-869891 854113
-72132 -625783
-696327 856327
-643546 -38921
26062 876541
455836 877246
614798 910322
489272 491724
-968704 80161
157416 -983308
-973730 155363
-322161 841070
368276 -330596
286405 959084
-990696 -613032
-236921 737500
-386372 -316394
164018 -146655
-315979 -730466
660900 -497639
159576 998716
-43466 -861524
816077 -812841
61790 -555409
562161 696919
873554 492853
595339 457028
-519415 376087
905766 -462459
561246 -338229
-48916 276609
23372 -382558
-642485 797157
918215 -804896
-890880 -155456
-894249 801616
633194 -552700
-205166 -627187
626271 -193653
-244213 185306
103668 -829050
190082 -624224
-82860 227834
-925315 747863
138807 -642703
-782694 -974363
524362 884749
-661417 -873596
84122 316699
-566378 98869
833526 220414
30510 -234200
517190 -545354
673110 -953830
-369222 225211
-941221 -622796
549249 565120
-401118 541314
-584535 793032
718553 195913
-598688 245524
804135 -834260
993559 -15111
-402061 -580744
954098 117069
21395 595259
510178 -273740
-177115 -692693
192131 822555
-858919 123464
663045 813510
119263 -270873
699496 -137766
-34026 884636
-93493 -232093
47780 -855038
198133 962733
519149 -771892
72055 -105159
956417 -880904
-765525 -219716
958426 475651
400217 -213111
189836 -709301
-849152 765266
-189453 -156798
763729 346048
132343 -722379
314824 406440
-662637 -101573
743958 228133
-684313 88642
408048 445171
-935023 -504445
826306 -353979
947880 57762
601562 -544211
-539774 -797564
73901 -325175
570279 -64918
-793347 -865588
783995 -648761
-312185 960882
-44054 535970
-673629 -658387
-154573 100281
-427789 -497198
405694 -661818
249574 -14256
-820362 214457
171631 -425035
819803 -450465
-344556 -421445
-444684 -83966
156771 -245056
-225469 481876
-826047 862337
-492539 -340718
-786436 -452872
-631242 -598174
136684 -47195
675501 -360666
-344389 257678
602758 632435
132075 725339
652273 -708112
-194974 761211
-708841 618821
-987063 -256245
-955422 698955
582614 -685357
-618324 347140
-248948 -544039
-286594 -700552
581203 323468
-202336 438979
435642 -542601
603355 183338
-464637 -42081
29999 196080
684223 353844
44483 981560
158097 207996
454138 -334887
-498759 -449931
-685324 666747
693820 346998
713592 -230547
632856 780427
-465238 716227
-616807 -505932
-749655 525171
82819 901784
252350 667044
-280 819486
559410 762019
565590 195434
-552283 -515825
-226458 899555
-848438 -895060
90095 -16209
-595244 -772667
74733 -832876
4136 583949
-221511 958857
699048 438286
-987366 -723543
-145473 -223598
312618 948887
253967 221167
834138 -130412
-6706 82811
428494 -45805
-280123 -250809
-370780 -473761
445039 261
758748 -651108
-577086 -3947
755391 -940071
9509 -243976
-996323 39752
517611 -686590
-453632 551431
-284164 -228723
349747 206757
737220 157777
-558 -336976
-155034 -543017
-496290 -194825
75413 449497
-575922 332854
-749571 -634577
618927 -744735
682329 677858
212000 719260
-703334 798147
-871786 -784955
-345776 363996
-254183 -659460
673208 173388
-154721 -109123
-229438 -993236
-819508 -694525
-886414 -117340
325879 573625
695921 970808
855157 -97762
-979130 -767346
-271403 -564694
-893646 -807778
538115 -729144
750029 728932
-754897 -134442
627648 -588005
-578680 -737986
-623755 502979
-596579 -909240
-17402 590925
350496 -15658
740248 761034
-470856 436877
-675142 -984766
767511 435871
-669068 342619
261490 -280990
-646278 847790
-913846 826328
805825 315862
367315 -453676
-736272 78871
267609 954978
-872921 698798
656007 305032
105473 -217244
-650087 336666
-797354 891954
-729605 -761961
-525339 419940
-197633 992405
-406563 826353
-500557 748450
965468 -541376
455884 -804461
824519 -631572
957886 122374
-874258 -212712
-332083 264541
699597 -230990
88669 16046
-603988 381566
-74796 -384676
84833 -975737
922348 -211042
291096 -130123
-301294 -648114
-234745 829610
960584 126149
461215 19697
-417943 -300567
473071 -844609
-778022 -702382
439436 461666
489952 -290086
-385926 -524243
273660 49235
994319 -930786
-657141 -285348
-45615 -424676
-626014 -741978
277925 700489
-947835 819144
635027 609504
222599 -59333
521618 -544710
-625723 -144930
227768 472889
-588741 583228
77461 -653925
-303621 -918945
-514365 126607
387012 -992624
-251280 266207
-618573 294507
470831 -922578
355575 -106266
736838 295604
-282852 -14272
-342444 -967795
-926914 731809
-354420 200251
460958 439037
-774716 -914943
951524 894044
-884517 853658
-989149 95129
877332 349531
523727 302966
636499 -34057
687533 -370545
-167272 693293
656797 147276
344217 -472308
-707130 -517174
-107395 523954
-140559 451891
936358 -15860
163396 65884
926152 -127752
218213 -390056
166305 772407
493642 373967
-801401 155799
-985684 -631879
548230 -310400
737671 -558041
-394038 -235839
-523008 -503509
-820089 -831941
381286 -231796
-345403 -614173
59923 -341103
-652739 -474689
816327 -8845
-698041 22490
207550 -715708
-746954 62509
931192 -841902
171603 -349935
531060 315852
-403291 332829
-178138 -27891
794400 -394895
48311 -481791
451266 79143
857883 112534
215726 -678126
-323986 829272
-775119 316253
882285 -668892
-894576 -508866
435548 -29197
536146 794793
-441238 175171
-840938 291010
-594876 902376
660098 86190
270537 91183
661915 -784101
-520744 910971
-421231 312560
408787 755266
52450 -584343
-767496 -325143
-114164 -631319
-301712 -914729
272107 424669
-169733 -167154
251630 -309735
337928 87975
-648469 -348925
400623 -493074
37088 180612
-270777 769032
405279 -926059
698351 -246753
775254 145583
-848421 -837646
269231 340574
-742803 -78619
162523 -869087
757026 -577289
794646 -926025
-968386 -777711
-120460 546245
645558 876903
723664 102242
71587 -488290
26631 551589
149895 199618
-274918 536960
-615536 858740
534157 -529665
-304114 -314587
-842983 -994672
91275 794732
-244678 471851
-851749 468836
356348 668696
-734906 613654
608044 543856
-145556 972846
-979114 -416898
285972 -169549
-420569 80100
49032 776799
597849 581132
217942 -905064
855148 -374282
85868 397474
-211213 174723
67861 -268172
-199415 930186
-746899 -895891
146122 -214
-965922 -116108
-254670 911714
-522910 895148
349616 -706317
-786919 -655323
844926 398605
960581 -537189
-791373 -948741
-279133 118779
-742156 -951508
-944745 77847
-516827 -296836
-305115 -610708
176890 697414
-16518 633333
63513 103545
-787145 868867
261863 277251
-518233 511205
664272 -878274
691344 -687259
-450435 279915
20673 -388330
451889 -614726
-334390 200890
-181002 479260
-953138 575538
763095 294415
-867896 693931
-49871 -89383
-886182 8833
50296 -437335
-120350 297974
346845 153873
841571 -326478
222046 444663
76299 -636746
-937131 932383
-404478 -200786
-635914 906725
975627 -526194
-496880 -941409
809412 621529
888275 455446
-532067 591471
-924374 577682
225419 838283
-874897 -23189
699770 338621
-289193 97519
-485120 210240
555690 -40841
182087 475142
-485821 11190
-242728 -469481
297298 712246
-967685 -266077
-871390 -617976
409146 -676578
925112 128482
-100147 520702
185169 -903203
502855 827666
666248 49618
387739 -295596
-589691 -80065
-98811 883568
310957 -992369
480050 628992
883116 594085
-946160 167150
-142382 838132
-965299 -252079
802148 987739
-209793 905951
630078 958057
625816 -376782
359496 969355
-308995 560184
494594 -474638
-179927 -988897
-214688 -660725
95834 789413
189679 -31369
635759 541918
-699915 -501614
580250 144383
-873530 758431
-75745 635926
-669454 -446148
-675454 162245
-50718 904331
-332383 -695765
-221662 -238348
763051 -89549
-781563 -563724
-800035 -995804
764885 890078
358901 -115803
221385 610608
-226814 261332
-137850 -712881
-397474 -99450
681038 -260830
-568199 303119
-23452 123198
-861773 771588
-190380 -889765
396645 -339404
393880 -735008
-329033 -337593
-473765 811790
-963737 191036
174794 -812251
-416783 -330993
-656468 -845346
64415 -98489
-293062 266079
-863570 392790
257748 -578530
-765985 -561645
972697 709655
539995 -211944
-416662 324623
-807075 -423563
-451348 316871
18838 -247626
901610 91262
784196 676668
359769 -574460
19244 498098
-855512 -586132
222664 -480069
438349 528527
151893 882074
109469 -128883
410242 938891
461830 168758
387220 -749807
-268173 -182500
160510 -517771
499431 -668935
-145013 -589144
-69842 -761162
62563 -261196
741298 349864
-487357 -917421
855595 -784470
-834487 50750
-11301 -334905
-649882 -604918
-806027 -607956
161857 -50761
666319 207575
-388326 -361859
300977 478623
294567 -555414
102913 -126101
-220825 -956967
798161 -954636
-917348 239986
-802900 -152385
-43027 -361663
309941 841604
108992 875907
647997 -113349
-55709 -705077
588886 121892
-899282 -807965
254345 -820384
-49395 428462
-223429 -663031
668715 -232456
-106085 -669189
-23178 -713382
449074 -184091
-67806 376436
-244973 -930728
-168345 -971907
463092 156745
198872 -421253
838821 665535
843953 819476
698325 750385
572719 -125578
-354430 540884
-338050 259736
-429202 226525
-940270 451754
-973075 -943727
693649 -615658
908407 -559746
-478367 -322933
727784 -971286
-552168 -690150
237063 -238081
738024 223968
-609268 -785402
486100 936209
565257 123642
65894 -558802
786361 -932731
-208543 -163846
23746 -50750
-771236 -681523
-677183 602519
-410568 -165502
-989506 580610
705643 565426
419235 249919
370747 542790
908019 746160
-404644 659606
684326 -283844
-718857 -861161
823471 -380708
-121319 706969
-894811 956115
-307767 -654069
-834238 -380311
-822542 359066
516461 829145
-78393 -976737
-658629 612421
-541160 -561375
-811621 557524
-506217 -708667
-482308 362631
754265 -402615
172027 775787
-404797 -77117
-765306 -54744
-700708 -766582
940780 710519
-121440 -530659
-961646 -392735
-548889 -280281
906250 -736210
-199514 -178261
801333 299507
923261 -139873
629297 -351436
-488113 -900224
987942 -192777
458545 693640
955054 733988
-831327 -985347
-962710 254198
-553548 -11019
958751 571331
215584 -810676
156083 -502555
-846165 418203
-874593 -894257
-326060 -76639
354490 -71735
516364 178447
973625 122591
-407144 979751
993897 -728834
657794 -260459
30439 -973609
880212 -71862
67848 136355
642416 268221
506836 830213
-109223 -163644
-379762 -126600
711619 -268907
589423 -70491
918012 -25799
-641404 244869
-302820 264569
24967 354789
-334095 -653991
338916 162294
838258 -723359
603050 -445839
-210149 -110102
851425 704525
-313482 914638
-742240 -517033
2387 509024
-294202 -973389
-980152 -481327
585831 -63121
610530 312948
727575 366542
-881472 -862690
651264 647027
-630225 225707
713961 -408714
-891694 241718
152331 841295
-617575 -619166
239761 724339
-2108 -69978
516955 410283
-380926 -616547
-497552 344257
-730082 -303164
244743 -903948
-402309 -748699
-824597 -196898
-12017 -6536
38897 -468905
536125 -331638
179722 -483952
812867 -168082
80879 776278
-489691 455078
-835408 -801187
-621935 -913478
-151461 -701005
557464 -172276
-373069 224602
-183617 -303606
674122 877876
-123731 972777
559905 -361532
-320299 -979013
-285793 -457225
331060 287870
-89690 -941588
-283995 -881994
377738 562342
-818963 336521
25950 186787
103172 -865042
-5143 -544196
850943 487994
-498322 349395
905337 343264
-699230 74621
230112 -338880
941842 11253
899375 839548
-316595 -401794
476087 -841015
-238965 -724905
-823500 -796235
151087 -698652
833365 -127960
859906 785042
-183757 -203908
-794929 -32936
-371062 730023
-62902 906386
798513 554027
-322885 955360
726376 636198
943462 -276696
-171773 83968
185228 -69962
-437955 535845
-466481 -280162
-969877 315639
583844 -313313
-337768 -651091
-552528 674721
685539 -544119
209345 -928412
888489 -180652
-525645 334425
-19683 -565421
436309 675450
972995 -82169
-129405 -76571
-556919 845368
361059 971097
-901375 -140054
-240778 628484
860527 949345
-550038 716857
269320 -727544
-635053 788256
-496679 -560023
605800 408661
-81443 -168181
-883830 -235608
-930907 945970
-386309 -701189
-512264 19997
184948 -736391
12874 55233
-752826 -503110
-626435 -947602
789945 -110031
-869076 -311519
923449 306468
807304 931393
-898038 87353
400049 -172591
-659588 -39587
-378453 294545
-351441 -832549
-639261 -1457
-573601 -211489
755611 -174870
141724 595450
-24365 -751162
363354 339057
-461476 944689
306762 -64437
-509471 -299822
-327011 673429
-483331 -282267
951236 -679214
-925705 634055
43801 209596
-721308 358935
-668555 571950
-675967 -480028
549501 -665947
791030 -430922
-680490 -57589
-565623 -892356
-574600 394019
282916 -965089
-320546 14665
-881218 456913
41181 497197
70146 -329360
437845 -846520
115030 460196
806226 -798377
-105146 -847588
991767 821149
-647888 -951605
-194420 -652002
-558863 -278871
-891954 191460
107044 322390
724985 276535
940392 -67840
200434 298328
193168 910867
-99261 35179
937377 -233468
-26087 -593276
924378 -521206
-847381 630178
721307 541230
431566 -184553
424716 272152
-108968 77978
31398 219534
-719239 -599249
614017 -342468
564597 -467495
351791 -635851
823620 -215637
-602091 737470
-97420 149601
-121349 670320
440950 -407655
-336585 -108994
492821 701802
-842674 703969
-642963 -823416
175330 260070
453579 -665420
993765 567951
-185046 -101628
293679 -435046
-825675 232883
733489 -418964
-3945 632540
767448 -852609
-678751 -286769
253493 745865
-324257 -481190
-712389 -670088
654783 258491
844722 981157
-546929 50569
-798933 -425446
487941 -17913
-707652 -446532
953782 877485
-595512 168730
557335 492480
-473867 -444249
-706409 -832628
-461358 -273121
708355 476752
672907 904086
-150232 752861
-164797 223903
-980293 3418
-949353 -389491
863299 -726693
-711681 135629
-350005 280489
-934889 -8557
-414054 -768548
-91935 -44663
116745 302799
-262232 224299
-971370 -428109
-673689 433949
370497 770359
630850 -551464
-986498 888679
422437 78530
-305194 -21777
-584473 -287211
335553 -129696
166087 413589
-801751 -363481
101862 401057
-728997 -126943
-974125 994879
-12384 238456
230045 -980166
-657846 50082
-225477 -260481
195803 129468
706818 75643
-609684 -961256
-79238 8738
182462 123915
-963410 -547592
128298 379629
698999 -212968
531168 442433
-477600 248033
898720 -756908
-848778 117680
948845 -678659
-384082 609205
786650 -650056
-693171 -536451
289605 421392
446773 515993
-783952 -940935
435574 -924738
361080 100897
569346 644912
670652 560242
696307 -760519
-39825 -41565
-351400 977702
745857 106192
-431901 -17388
-390229 -707667
-930430 -651304
517715 -20696
-862685 -311372
-795775 688214
648574 365161
-884027 142015
-47170 -110851
875705 -667517
-539488 -70891
37979 942658
-536101 -50952
-678156 38701
-974779 638006
-694891 -428742
-8900 -690256
-554076 159498
893285 -153733
721736 -972639
132457 579279
832437 133507
237969 -437699
302751 -216388
908578 94644
997099 -781614
669140 105683
-741753 -399491
389620 206389
218861 -812085
38796 982735
-41330 -667895
556231 323639
61764 -777459
377494 132673
-238982 23721
-509156 -257833
84868 170056
-572843 950243
947912 -902629
-702124 -110988
-322137 493935
388374 553597
-76182 -121871
634389 -104519
879629 -447283
-320760 -363914
-670072 932007
128914 706731
-78784 -278583
536615 817453
-889983 -831183
310386 659878
18375 -145973
-541442 962936
25829 945164
-991698 87449
-961179 761272
387036 -829015
-812846 325033
-994241 394614
-647457 -71112
-409717 612761
207015 -603218
784280 814016
-488005 -313738
-247051 -729996
315504 433575
697833 280119
-458359 -435572
97055 -282130
-122499 927026
-274355 695476
823598 494005
38727 118086
-368209 -419947
-944494 -30018
773558 -726017
144755 -581118
959710 -549707
274751 -12261
16197 -890627
714080 -753083
-172649 22325
-430657 871914
-440738 674962
232924 192890
643738 -976583
-321757 349100
779725 990564
-494885 90538
423144 218693
-475267 116513
444752 -781101
525123 3236
940124 -398194
205660 -599312
-146231 -588166
87712 394885
-841189 291579
290091 -494918
825352 673718
413122 -190257
943477 -871794
338932 -887337
-583969 439026
275897 939627
-929421 -512480
44934 -645859
-594534 -209394
-367990 -54957
298633 -695935
735007 -104202
-811004 578903
729007 -910259
-871096 559656
-779869 283613
214106 760365
940403 763508
895844 506832
614573 -226015
-781985 490282
725082 -826145
-80656 -217257
-618529 454285
-724928 -373383
-94464 291154
-852531 759134
-166154 607898
780560 986508
228323 -685508
-333845 309590
479058 597424
109557 -830924
-26007 487476
577855 -917143
-884198 635277
-267277 -38910
-912417 514273
-537880 -311440
55374 -177170
415838 41650
-80167 -884021
-305081 296799
86703 164562
63994 -593375
-264035 -182441
-903145 136070
-620955 -660053
907109 262661
-793895 968573
-293912 -977202
581704 -953754
226276 451046
58725 788108
314545 -230428
-311866 -217158
803738 -697043
601950 -849431
440932 524202
-867442 860176
157843 -201622
756826 -60174
861284 -59536
820622 686935
-849477 -664279
-878897 488554
-672975 776109
946919 -799838
109352 -611517
-729674 -569811
-83767 -69947
752038 -184882
-50306 -380539
-818518 279099
867013 968945
-3691 -437997
605163 -244677
70883 -48791
355301 240712
311441 -846736
408576 -985327
-587023 -544652
816626 625560
-269852 25701
-818359 -540982
656527 -583300
474 461448
-392680 -643793
-694528 823881
-276736 -442617
-45365 539823
-990616 202764
135886 694358
-149809 84865
-927304 728161
778906 774624
-278642 653741
620903 -340566
-195501 -553524
257009 805636
790150 480714
911216 -662607
443091 441480
384531 -225025
-187943 -719114
147389 830908
937297 -654979
863186 348349
17841 -115293
-579050 -925400
-547534 429775
-436809 -803886
-957256 47980
499684 -125071
731299 -56254
-399034 604976
-208967 -736927
-450523 -738145
994497 403350
750882 -109232
-945129 298588
101815 -358610
-430183 136189
-369017 144377
77630 959496
-711461 -153795
-595570 767141
937907 833464
436283 382266
965927 809702
-513984 628367
974360 936834
243233 44154
976552 -595608
-524080 130199
304837 521446
262005 745672
-890982 -532227
388707 -736049
164234 395302
-383290 661013
301125 731308
839883 316658
-781499 -432848
582810 681232
709224 -514557
-261114 -908991
264866 648645
-25985 749009
934135 693217
774641 -721260
-231346 244455
402804 -898224
-709476 -695204
883831 -351475
-716089 -28018
-755719 497995
934342 -597049
-732695 -220742
-39641 577131
290314 -12008
-41764 -56943
972535 528015
-786173 16502
-474310 493282
-864456 -147617
-840021 99735
-220496 259755
-481840 -274981
-342965 -680563
-674834 981908
-535331 78969
-57069 17196
785693 -467192
199011 899529
-349938 -752096
-879553 -257701
-377324 -267731
23500 -338832
503581 697466
78910 -657125
-759585 -219016
-333562 480483
295851 -998269
294590 -234570
-578242 -553472
-414319 853304
962462 471462
-541028 229744
370023 76143
905706 -997950
-35834 -157732
-343672 -894380
961521 67119
417486 75960
-186542 642861
-448467 711271
136311 -954625
496535 -463699
146275 -475960
674675 -105831
-320208 -870822
-299725 -943350
567724 -591302
991573 51725
-119062 396243
-47310 -718960
519157 -384515
-75367 -522159
-745499 -724439
800979 -139343
-283456 -691722
46063 -706175
668909 684715
54503 -101280
-914514 595475
976445 -404181
226626 -273895
741756 -791198
-969311 -622922
887450 -585684
-131116 902509
674892 -382273
-311339 460126
-519987 -883273
191852 902220
-567845 66793
587525 419662
-67360 -560820
626368 327906
923405 325068
-996483 125272
254229 492830
246886 -309699
-849567 -376974
-221616 -916723
129134 -223725
-674092 825872
-519972 565435
-41805 745557
-432707 879144
180700 555593
673416 -187170
-436057 -372538
899703 -708631
-449102 550367
-224446 -196093
936712 627248
-43060 233144
-32467 -73745
-304738 26629
-746332 305695
989333 -412576
80328 -910394
535803 -479321
724636 -782015
-222897 -162882
568652 763419
-968511 -827752
334959 969235
-32540 -557422
340359 718871
100338 755607
418435 -637900
-282765 -938183
184345 -174442
374914 -70376
-663063 106752
145640 592860
686763 72471
165387 14550
864225 -41178
-675197 -29914
-910451 343718
252278 -316309
-723864 -252663
-816620 -938072
278839 -251739
25738 446112
-156818 185758
903753 665170
499359 552748
716932 660739
-871404 32957
-161772 271188
-706434 935814
349420 377088
559854 126134
-60185 -918156
280827 -249161
-854898 280120
-310779 -658768
-906284 -419440
866097 1056
-261796 855301
117058 128345
726825 -688107
-137335 807896
-603197 866543
-15430 796166
-339050 82358
49153 -869415
-770327 388805
41190 367387
-929780 293230
-940529 -445853
-299586 -593384
-35540 -522358
-268076 -749615
-822142 -959415
-834447 -349032
7205 -641917
150620 -461319
653020 -671413
-799812 -960400
371425 -465004
363416 764680
935046 484309
-329184 916496
383214 -232264
687384 466792
518847 677284
-763977 -285761
-683865 566060
-846475 -450393
727464 -866482
56147 870747
-356076 799160
-627954 617850
854363 -734838
-246709 -434931
-753764 537774
-25138 -538091
-487918 432659
833879 828358
788114 -231783
349199 666710
-186380 -654956
256212 360644
526082 603370
-95106 -986833
-221799 -903551
567661 -554211
-443695 893770
-794398 -313087
803282 -366428
962605 903281
176397 -854713
-507641 -191397
597387 817445
-65970 804319
-286567 -434147
-248578 -417190
789817 94072
-99759 792898
153167 684208
753233 336971
874926 -511883
463179 376934
892634 -145106
114320 -112715
899179 213502
-616842 -570106
762978 998951
-940729 211425
808673 783847
-563635 357683
696481 -29820
-567494 -731789
763653 79086
572468 -309198
452441 842632
-133417 312101
112769 903742
-654659 -289837
551515 81288
900208 644634
-521853 -954357
772686 821800
-116492 909558
-682252 -266245
-553628 -332827
-502285 -44974
-768068 -172890
-517895 -877353
581274 78258
354660 -470182
-755397 267794
534541 538703
-970696 817836
-616947 500746
132964 628061
15512 357559
547369 664863
366700 666234
-203404 -305416
-663190 -566998
879574 506147
86788 -871374
-974773 567125
-1303 -158023
-421144 308561
-46818 -403191
-121616 -540018
-741745 -749998
308753 -912408
793712 -940494
372265 848206
-691876 -126712
-711227 -340418
-426569 -127250
819540 -107475
-581483 791867
-413113 -241965
507432 575952
-846382 60139
621703 768674
-623837 565100
409528 -529427
-336342 -309467
-569135 -483757
-712059 -428821
-531020 -615064
635509 -675506
-283197 -469058
638935 767321
-227579 -224764
-176579 425962
-83755 205285
988800 -66445
18748 852306
814609 -569577
850674 226519
-32421 46715
-427772 909633
390957 -101035
891969 -579348
994992 -706787
874977 -789451
443983 346563
210302 172923
894698 858388
804800 390150
258021 -947976
-429081 -174798
-101013 -504312
318455 -147709
-815793 339041
254683 637376
-701774 393392
-855903 340944
-13330 -157918
26900 -706654
284457 567191
-405831 -986674
53109 -646080
237378 -338319
-654372 -407744
-872293 -836542
-490754 -162540
731918 816783
652346 157620
-211592 366241
-538741 619671
658346 532360
-939590 980312
-541970 146851
-909020 801490
-819001 186568
-550825 -819440
-933313 -679073
-123548 263296
-274840 10157
-866011 489020
-831208 494434
423571 -771615
170017 -769602
-795826 937064
702545 414193
-547577 388570
790568 726778
141859 -292984
-598936 960943
-425161 -467524
-164983 -877245
383006 -396507
-934948 622815
-458591 -212359
950191 12324
-24843 578182
96899 -322937
573499 985706
153024 -323142
327450 682128
110994 428964
109228 -341819
968589 -322678
-595521 -412243
-667715 -938025
-517656 187098
853676 194083
-969023 -773879
-660159 -320961
-534079 328709
829170 948122
-743253 -710010
263614 10296
-190129 -684511
-87207 54249
-559961 -291821
-229544 -518000
-242288 752231
732517 55931
173330 -304523
676437 419224
385637 717917
-96020 -952235
-642344 464201
-967416 -947629
410939 234252
-917146 -523911
787493 781202
-514332 -699738
36428 -962097
605439 140348
238748 686458
714435 -974235
462846 -498544
-138383 901041
-808680 -499444
295160 -840861
265604 -923748
227095 808528
303861 -929955
830725 644832
-567870 434561
53466 71564
-292741 535681
-786967 139013
352113 -465025
-290978 -389716
934847 584678
-467205 635265
340074 -474163
-561808 995429
-952535 -910288
970236 895654
-884077 1040
-168629 -125445
835892 -489589
904086 -793629
-414151 -24539
171476 77469
491899 -747300
-184760 -318426
-530946 -219214
-816571 -641604
-16111 650076
68996 -166049
511387 -198323
283343 829470
-394996 887567
-990069 391516
451278 -574901
-307748 994189
-504140 938963
513290 -884329
580589 322112
-832159 895907
938128 -953605
492858 -963995
-59036 250096
530406 522023
-51121 436104
661636 533522
889709 -604319
-911753 817554
149802 -260414
457646 -585001
355662 -606390
153009 -529368
481122 -925964
-132282 51478
960699 849585
127092 -440129
382419 -838338
49056 155857
-663031 -444285
-68339 269616
-845647 50177
-890245 -396666
-399412 -307419
-847979 -645451
667063 -732929
-652067 539644
921077 -12470
-158739 406615
77805 -868452
31918 -329869
-122827 -419234
-894878 -479433
432042 721261
-162815 -704562
-394232 -249172
-798484 -165934
682036 416241
978870 467004
-795822 -173664
478555 -226724
-692147 300668
-83761 841815
759956 943035
864012 599821
993818 97787
-898082 726904
-421505 -39283
-916308 995405
-882855 -252269
579505 -300644
-27057 -593506
-528752 807422
315397 197027
954621 -514899
-836972 -901248
-360287 139565
395045 130889
-237652 -265026
-25462 293919
-605297 -475191
-366578 571889
551452 -819630
-43021 810081
756891 548926
-973210 899879
-203961 788146
-16915 -615003
639857 686503
67807 -967640
-827105 288943
-946333 -701790
111552 -307906
535758 -413013
590784 490649
925629 -27524
-44841 -749291
721994 394151
-722434 -880417
-410245 -962132
-562578 688288
275694 954287
-322396 71753
784584 535137
-43107 -608543
-56249 66131
-679552 -939696
-941764 -807989
-509343 18051
-230206 -874578
657289 804666
-829976 883692
-347445 -821667
-523177 -884381
-436804 -455352
-638741 554700
-589363 -580971
-706724 -293981
-354779 -405595
-949628 -294227
-175087 717887
239442 341050
-784332 -805484
-742957 86333
-902842 -381529
-953512 310922
934205 30460
-165192 151860
-323558 -514141
-532900 930405
-859987 -525658
-585172 -677731
-715393 814243
-578113 511782
-783872 392975
943395 801223
-878942 521454
828116 858405
-956846 -223046
-734924 429192
-957784 707773
-219633 694111
905864 460535
-911061 -242792
548561 -752214
860147 -940266
-304922 239334
-248931 145284
-801145 -583143
487124 -363318
-873391 120289
572224 128756
-671070 170141
312764 249292
230140 371695
906679 51700
-321564 -340621
201807 46039
-28651 656692
-93438 41702
-717234 848021
103238 -799115
605417 515229
-141231 -154180
623085 -891893
176788 -627778
-503744 -161885
338776 623586
-562377 197590
411888 452007
-574943 80123
-681364 82799
-419173 -853479
173427 -237439
668846 -796127
206263 -308687
344504 257702
616835 313840
-944041 602327
123593 318816
76359 -683239
-103615 200175
-735341 837436
370088 -780203
-516629 855641
895900 -951914
756883 611295
799772 314261
636020 929469
725406 -480299
-928484 -253959
549385 487880
-29865 -997869
50308 388593
-61330 936573
-543772 -745800
171047 -477169
501163 -320683
-751057 343039
-291148 160845
-661167 -356359
503415 -559621
671803 259045
-322932 876700
126451 629372
-870862 451
-996181 138148
-612125 477802
-995877 -728394
-34679 -402163
-676817 -730487
-653754 380191
510108 609581
442215 777478
-974632 3838
-998361 -435129
88302 644773
558513 -138445
-802190 -92445
-668266 -148789
49117 -156206
864722 162999
508599 -534139
386894 -51880
358287 869961
-536300 -911537
-769252 -892991
-862337 -116066
687454 611402
-332318 -488818
-388856 816575
416163 -446774
772663 -594146
349907 53371
69876 -258543
572135 344275
-148911 829223
-511073 979561
792277 -645945
-11397 -676946
-36088 177105
-34092 917256
340809 820957
-547225 684786
-10195 -548661
-265013 97036
-306673 475756
-52623 -843955
671268 -738724
-366210 -161215
-247919 488177
642637 205435
-478885 630976
-924389 160828
-87373 293679
600676 759599
885562 182669
-259977 -513435
269425 58292
760133 -888785
-216154 -313473
950033 112132
289234 -727044
482951 79257
-165461 147729
-80974 -846429
-704014 276965
762705 738589
-357435 -659994
-479140 -729798
762354 -469472
-970177 -308755
-682060 -180018
520169 579694
917364 -838421
-977059 647309
-935971 -271806
-812019 -729486
174711 -206238
-961318 760674
299012 70659
808880 39716
-482052 632406
807069 643760
-495896 312940
-885257 753419
-549707 -436543
-103580 703368
310329 252211
570718 -954359
-236974 352172
-16016 -882188
-72461 959207
-823558 -587347
-525484 630791
-93579 -620978
-932751 577499
38010 -84687
707549 107561
-987743 -327767
-174265 399340
-528590 -614476
768351 -529776
543589 -377560
-555597 -215492
969267 848758
-412308 904669
605290 699755
438675 -570036
580909 724383
-680332 -442280
23053 469871
-306886 -485807
-734352 -703349
-729054 -584924
-595261 236966
872611 -516980
70406 859995
-791746 -557499
210007 266360
680673 277635
-439257 -285418
504714 -423306
-320316 671870
560698 746881
-157072 377631
675383 -185369
586269 337830
-401688 -380759
-173096 -468909
871886 267032
113472 860359
-482770 -900804
416586 39444
-281492 -459389
-986734 -96554
-459114 -615309
545458 954445
-352650 707469
492389 538656
-269520 747464
727726 -985594
-64282 -301218
881152 -460034
188080 -658779
-7938 -934365
-370202 -812701
-992512 -699316
-281315 -838876
544105 196940
-369859 -145937
136198 -235671
-54591 703308
830057 -783391
123013 -212518
137570 414973
633457 775574
697039 -562013
599771 951233
-724988 549598
-344334 -392829
322476 55569
-161661 -696917
976850 -718487
-325348 -749375
-255512 385891
-361371 -985688
-446064 -658633
-746310 221982
-853099 -912553
833555 531064
573896 532510
423197 245168
-395611 -619324
-433634 -414213
-298082 -670443
311340 -837621
-278223 -638893
-291901 -405295
-664294 -921158
-365054 -767967
577914 523600
851279 956920
636700 -617920
-150059 850624
-478800 10387
929491 130856
-589980 -7671
-885078 986786
27159 -560824
-222844 63357
-568187 713116
472032 59844
374239 34770
231110 -614004
-650080 -528683
510165 317210
-620147 -307801
829139 -222738
937155 508837
-758242 -192136
161824 471949
-590797 -810463
106418 578259
61770 -225192
-23606 -149831
-812976 539181
-98869 -281520
448576 425359
-375695 173487
-522554 -919587
-472089 4466
708509 -27533
275798 566203
-184828 -981714
631124 -216447
420214 -527693
-880734 742405
866168 -686192
535024 592268
-10290 923369
540836 988858
539382 795686
894068 -338345
483088 -659075
-98599 761773
-39248 901958
-341776 -520553
598870 699181
206150 -21326
-384792 614838
-47949 398864
293289 -195557
737710 916582
-104132 -120563
-957867 63848
-853804 579213
-764513 -987574
349596 -739670
407221 518814
86935 -709258
740490 -31515
-729633 448803
761023 -670120
-568962 -688181
41061 -821877
715293 890804
608333 -726671
22456 881442
-136722 25971
516683 -87257
703872 -841668
570243 -698099
-602665 -739774
-722110 -381110
587897 -143886
-684593 -686330
9591 991486
158783 -243127
-392015 -552021
-319355 -435984
221415 632293
430917 964712
-740136 129399
625479 699402
387279 447590
-301842 693761
-431907 -769610
-444171 559999
565339 -945658
978944 983921
102045 843634
576248 -682181
-43122 543210
-838078 645605
70662 979432
-562930 -892069
-548082 -701300
-700504 786625
-916642 -24948
-855310 682843
499120 -377274
407185 -86546
610654 506249
409114 251873
-186587 399034
576354 933855
-324369 984882
-439412 143041
50492 274570
-903909 -110288
863119 -761101
615364 542970
896090 -299319
-829177 -161774
-563936 -188617
845789 -268198
-512424 393016
-489221 -902992
797252 -956661
693441 502197
598562 -556903
772403 -553050
-713817 481416
-676598 317848
776765 -982740
284362 564015
198576 -502405
6111 -546549
353833 -394253
-180851 -586357
406180 -200011
140519 -504182
-610674 389159
417583 -355676
652224 18505
-339485 -513799
883698 100183
729193 -383862
64146 -820576
-803356 -392986
333361 -529245
-483485 869724
27787 -864278
571800 -617359
-621453 -800010
984514 -226293
-959599 301662
443546 -652500
-840025 -572801
216046 303037
81889 -537520
-363416 -506560
605251 -526143
454641 -70062
-255223 -568247
-471174 -765148
-777658 -263127
-680021 351461
-310156 -588902
-429143 -481108
830056 -991272
471200 958796
-139209 -632512
30180 937882
-702244 307144
472282 -280355
-279452 770990
460050 -187602
978123 -345604
200606 -341846
327901 894191
-491975 135811
980209 -813877
-190344 -715788
-378792 565133
-106869 223296
-126786 8161
232139 -266854
-420632 256
-279224 -293404
-138795 -859217
-976318 -298848
58566 -826197
-741607 716719
-931290 -633694
475290 933952
434523 384366
267083 -295684
636560 -709025
843812 -169115
-352721 865318
-38122 367822
-980311 213922
613092 572125
-848467 -529021
601899 122641
-127872 -36274
833459 -360495
-357043 -45989
590689 834864
-163093 750993
-696710 575403
21658 -947852
524119 -207111
82222 -784044
619427 -731549
-518508 -868985
-117153 -789550
-681480 -658421
829605 -908577
-15075 -510052
-733982 -268440
-274976 913501
-33480 -517569
82983 106242
376217 533776
990825 -251754
401741 601692
-598451 692704
-430476 623565
299640 -104432
-424820 247287
-449538 919763
473238 596887
-428680 -693548
381875 356857
198585 687950
901040 -981416
-450666 -755366
667090 -386613
-152007 -387427
-306735 607897
899198 -861441
-26993 -154630
80229 428228
324173 545273
106997 -375952
929692 -862291
-728296 -736216
130855 111315
-40892 -916392
-644750 -293850
295504 306457
362695 -894471
-490820 -598511
676198 543600
279510 -286499
81833 -917606
998618 -270886
-222797 380234
722084 -435473
409632 470803
587554 16228
600807 -981322
9711 -611962
-932480 -582517
-408296 -52440
-124696 -486796
-352242 945676
290090 486337
-80762 -422847
-952339 171000
-802429 618287
-468782 -426056
721783 495149
-562700 118565
-617437 917699
995031 446045
502792 300322
879923 -467756
518224 490890
941881 -941
142881 126497
305715 -60396
197156 191465
304968 284976
-500282 526118
-446539 909304
-20048 -622391
318727 341478
-646397 -493940
-903808 -350070
49396 -131621
163703 -495803
100819 251313
403730 -297339
-77745 667077
373185 -927828
-802970 375164
-717178 -731445
-135227 163874
451370 -455039
-345503 -283515
-420313 13559
-577533 927355
-848850 310904
757288 -374410
897042 592564
-49410 291430
-884892 162001
823583 284094
-412495 -909182
384920 -887388
198898 -476456
694614 117232
327448 -823946
-869397 -405150
-130823 85046
776180 260606
528533 -380618
4444 -802186
731937 -65499
131591 -719176
564994 189391
701847 517875
-410832 647656
821662 549809
196983 -480372
-417060 -385587
532198 501914
935265 734068
-176009 796960
-725437 -232709
-709592 -748320
219853 -713978
931642 264054
-410030 77993
-866067 284525
89030 -341176
-258428 675984
614744 -243522
591733 122049
-826189 542708
-140812 -882578
-19552 -980642
489967 687693
158835 -708475
-816176 948802
974961 447946
36466 35128
813244 -8348
684778 112288
-533718 801243
-562156 381304
-623408 -667874
-694900 719258
290513 471080
447711 -458938
186276 662789
818978 -20869
-540200 279587
-234229 946711
-329144 -656563
726716 -473002
436774 -987956
-559627 -470751
-454242 -292862
-508272 693437
-667162 -246618
661481 -863762
-629186 736240
-547156 -162862
-241054 -625219
322006 636172
-643185 -150071
331526 556038
-129139 -956058
727008 -655702
696048 534224
527708 204981
704664 502426
192161 -114518
-66160 319255
209622 284740
393345 925405
-844936 737531
-982143 907022
-428079 -19588
109883 -224226
-861243 779239
-601584 108611
246706 -52760
802598 -598550
569954 908635
165011 -2558
400202 703978
668698 -363001
-833691 773390
907259 997097
-505820 -967548
733511 -977342
355712 -666474
-843843 -917924
565108 -505191
902386 190247
-142383 905592
938799 -485377
-15255 -418838
28938 -439840
865732 -411725
112490 942495
-298293 550181
924450 466435
287683 -961905
390602 -73259
120439 -249321
957856 -313117
217409 266265
62947 310541
448607 -491766
569130 26366
-78199 222683
947978 -646483
601528 -78059
375011 200927
-652239 -847948
-287334 363319
260456 -129049
14600 494531
-854829 -784409
-244339 451857
351990 -384647
-304652 178608
854821 469808
-627357 -146097
451366 -608397
-307593 548656
749092 -29079
-956210 -813506
363930 731287
-302361 419042
983516 -81440
616450 -468857
195018 -491571
-612304 -382357
391038 -802053
848728 567096
768812 -440455
548946 208366
938283 -695071
224657 -938540
-417878 -400408
-696694 -419676
-129384 754362
-772502 266812
-290121 649766
-980624 813673
-469444 184296
-919368 70714
-459733 -549096
640979 -720220
480698 241461
-697317 623097
400637 195485
-85243 550386
714539 -661829
-165498 -486731
-145688 -456411
-839753 -139566
459203 582319
63059 -941342
831279 -771477
598796 297394
212843 -781729
508320 58367
-445249 159854
864014 -167878
799427 844222
-355164 714461
-384349 -772879
333784 887230
-574547 -593514
-513870 -356749
-942601 287819
-654698 -449127
-985717 698556
7863 -89444
718391 -218298
-923401 -680182
682917 -799219
-483948 252233
-470894 737021
-278394 271277
-93278 -105186
-288080 844140
-233375 498783
380894 -501440
785491 -407115
-481424 -472533
-780668 427029
74778 909209
-382521 72235
282210 -58742
-29354 -732523
145545 710782
-198396 183147
644097 764989
815225 -495728
660659 -65208
277333 -343747
177512 -51905
-178020 335033
-494714 -479190
-725903 884236
-445757 197123
942308 -400184
-876667 539293
-98861 -999180
397773 718693
532522 -948113
332699 -38706
557726 -628431
868602 -728997
604891 625242
-966261 762420
410031 -40547
682678 409969
685561 315597
-477127 536258
-124691 474750
296080 177369
643755 990079
20610 -116253
-758399 689573
812693 272218
-117367 -718509
658245 -939037
-920861 789543
-834902 89815
553925 228389
466650 -577584
-40695 302176
-688049 -558644
804029 891508
740661 -103528
173807 52056
-247436 549323
250811 -979833
680185 197141
214601 343518
-396418 -215319
417904 -200775
932776 454982
-652573 -906759
-127870 -87308
-100684 492066
486575 25947
222438 472147
5717 246599
-203094 512486
579835 -622022
39857 417128
943680 -107224
-39756 727686
-784414 771821
-354322 -102325
105790 246132
914951 -186751
-195553 974071
-528270 -940896
-496276 919546
-763302 681078
-683304 486025
508277 -592948
6583 23890
803730 -516949
-135338 -502134
-201146 142221
986006 316002
12029 -250930
-930680 -691280
437270 759089
879466 -648333
630909 -965102
-702503 -848436
540935 917511
895492 -388044
555494 -527674
-667530 204602
96892 201768
-372918 -480664
393967 -621325
-686165 109755
373577 377966
451368 830518
819539 334447
938603 397933
-179167 -709701
-183068 13694
-89943 -780041
-809702 -134065
384709 -405652
894238 -888567
-757591 871712
-475016 237911
257022 -966667
597322 -35214
-639985 -15238
-566078 897597
-761652 452871
-260221 556081
233021 22393
433179 -417554
-624342 870069
18441 475014
416543 -91812
942043 21169
77712 229589
399131 -737060
-27069 195427
208724 -807763
-13436 -790658
365195 -631738
-739378 -161480
-875623 815637
764110 -213799
-450439 -2834
-392785 353509
729134 -61317
616069 -632784
-192743 -214986
-475778 249537
-363768 -750789
-411874 -268721
94098 521744
-641973 76825
-706461 -752
-989390 -525361
-307771 571647
-125290 -633528
509242 520431
602662 -972237
795045 71854
-881807 368994
-280740 143135
-856915 302847
762422 -541925
314955 170229
-508416 906684
-196492 814190
-417737 99905
843505 383404
993171 46356
295357 452500
409239 265098
728372 493807
-43549 -645600
571514 -934388
-788872 511877
34896 -862420
-375392 183920
-636738 -928169
855271 919994
239911 180914
844916 -260923
366213 -278665
-418738 -765167
166656 290928
-350138 -636037
-603255 231723
-79532 -320931
-894550 730420
-405884 125095
687128 -906136
995110 -303038
327962 945742
-505111 -215628
-899335 -619539
293086 451353
-989087 -961467
-969211 532513
-793119 -582300
-352655 635084
338709 -85372
-817665 -97718
276369 -416910
103916 999454
956765 198292
406005 526565
-163533 85056
710287 732762
1784 880988
-42959 253122
812844 -793639
-733396 73153
520175 373300
52837 -644163
858611 -240801
938207 -672623
-352912 -240606
130976 -130503
-808441 795452
196841 181066
-637220 392552
-659520 430140
261812 814399
-348771 844326
-722231 144538
-422733 -36575
539113 -591822
342741 -4478
309839 -350900
433327 -840012
-532240 635596
-308868 -66200
205642 963142
-954139 -238212
-471769 647542
-58161 686084
924432 914546
-3133 520087
-758456 101519
-664622 587680
408365 -1569
-105223 96129
-132475 1108
641044 708383
-636321 -174819
527582 123769
-427334 315462
-205840 -908665
-139984 912320
99994 531203
-959030 772729
90057 -316178
-692978 645614
-84401 103124
537614 437761
158498 620352
971644 -387184
-472255 -367101
717529 -151168
673948 -453721
169829 616224
-396781 901629
249453 -792349
113798 660041
-379153 481092
302100 -876144
576824 -857724
-425678 -118124
930333 -939496
-45928 449567
-495036 -499419
-778978 -992701
-485340 763206
-676574 -780283
361631 329834
380095 -34556
13613 815015
-63170 -103589
957407 10242
-544285 552982
477355 -137797
518789 242696
894944 285657
219502 931830
903990 221558
592936 -145108
659107 -793797
330898 391883
965764 -700626
592955 45407
-125083 685077
-191314 525191
-770811 -247754
-908336 -437175
-901470 -978566
773839 817857
954441 815863
356623 -886336
-136200 -949267
717503 737993
244805 833472
141421 -252824
624900 359124
775826 277954
-420834 -995998
392231 786218
972382 -953409
210934 326057
975750 -493098
183744 -978508
-649235 546472
624256 -563493
-449446 369801
-215500 -146112
-362518 -278210
-791205 67538
-773615 436459
312584 227350
-9192 -616973
503289 53338
-160378 -768754
-473990 39107
-862294 841772
-92011 -325516
598547 611625
-339882 -816305
-435353 145182
300566 114615
649259 -551186
-193907 480257
-591870 -96427
-788625 -127873
-420879 851950
-579205 -996235
199443 -387234
-721521 -804377
832081 -336543
-519890 76659
-838082 774037
-143707 -280633
182719 906774
-444019 104715
-787237 -954742
727620 -573806
132273 -917476
481104 266182
864582 931217
515052 -441784
-219837 -809418
624037 73064
-989371 75685
-587442 398585
75603 -338604
-373720 152867
-744181 229124
-475387 -935645
-415604 -648718
-86175 802004
269649 -863012
109820 747785
-80363 769395
-739815 847357
751009 -40090
-652768 -423972
-152221 -437842
856011 228988
705997 458791
270890 480897
272886 -738559
972775 -238977
-922132 481205
-824806 -823347
-281677 -142035
-133887 937391
819676 -941053
127064 389728
-879627 887083
120990 -175058
155576 1498
-749248 236778
-184789 21095
25779 -932485
279869 -127806
551866 -385460
947922 892173
292175 -910118
-69322 -700579
613823 193226
665879 109438
562890 338814
-389244 917080
587500 53358
711758 -402889
-481019 241153
-973735 -673348
-471243 456911
-505687 442165
-826949 -474208
171816 424039
272427 91627
-215706 451740
-219777 691617
-786686 -176305
-76314 730496
698274 -987236
378530 -454763
-804500 -918337
668852 -790166
671524 825661
-908036 -780285
-997480 -595510
636840 -60475
897824 -147831
-466601 -439461
299287 770108
139386 375687
222044 558516
-816874 -875328
869935 436189
371132 860444
-534337 -327412
419458 -134666
-603149 741552
-233460 -68672
-588115 953550
-504841 -271344
-835717 229272
165350 872590
-263567 219924
-872828 -47231
745877 499213
773615 -31043
349381 -606709
469835 490867
-629465 -747153
699821 445118
-451117 347445
-18263 -990256
577381 -221048
326915 568732
120225 -854427
-3023 -849299
-772323 -103222
278183 -81309
269659 -225697
453325 878883
57603 -916286
681511 732494
-715971 -186296
-460958 368364
876332 -46068
852870 675957
53487 -680111
-7211 -788544
-107690 -143444
47751 -104136
-60070 -971183
996875 -144760
940460 300320
71948 -635896
717827 746681
904061 -336696
550353 -40581
582505 792723
-315543 186586
401392 376857
-730024 -780291
-910814 199644
176959 -100048
-332508 505158
-6403 586523
-747372 -246358
63651 179556
-361367 330513
-249912 800270
-422555 147279
-743649 477804
215113 315364
-640221 116615
-247109 496326
306543 -119539
558902 -676511
251305 -294553
-918221 -159115
-437024 -169070
-487577 347831
-847628 -942339
-33296 -534975
-300610 839264
967676 855685
-777200 -416336
482375 -1790
-356036 501714
432450 285072
-508591 872817
462448 -955624
554838 328740
405338 -132441
-265739 558169
286986 -330351
747376 -332870
-801879 301595
393245 -919003
194934 -401302
983727 719264
-453377 813611
859530 908535
409496 -628540
852561 991623
-270635 25896
98453 -949929
-129366 798217
932953 -1739
993163 16930
688553 -474947
-821772 -182195
540341 460926
600228 -305603
-280171 889138
364098 -55964
283989 -44230
922516 -234439
173620 -747166
-825267 368288
-970266 573758
148780 266406
-574955 986551
-94201 205446
-825543 540291
641669 -757537
639612 -941808
-845628 851019
970025 602616
785262 513960
-969849 597152
-647851 629476
-436187 318124
527897 -715807
345956 272062
834667 466272
-468111 -729665
991935 977645
-986378 -830864
525480 103973
706565 794718
-938247 820354
-475730 998139
665684 231279
308357 -751026
-390317 -953626
540761 -657106
806927 -175410
52463 157110
45761 -865605
-158042 -279858
-352194 804991
-857686 -908741
548403 -344883
739333 209575
-518199 -21409
413634 921669
-412276 -138943
709993 -66138
-511851 878687
-77223 -833795
-111903 161722
-827880 341824
62875 427563
139311 -323124
977687 845974
140561 -647460
-31194 663144
152574 -365275
-503622 -627516
867646 -555742
-576924 118849
-115920 -758566
-290671 -183889
-251152 228062
-925681 -413487
323901 -457445
-957202 176772
-3433 -741599
