1144 1489
358459 163063
-637817 -675420
45443 709658
-340011 988565
533522 -693236
-535710 629150
424443 894465
-442307 293025
-783332 896661
-565534 -148034
80658 821030
403823 404096
273694 643800
-208555 611091
805102 97057
-277598 319396
20790 -713505
-913267 127010
740428 429518
68507 985214
-454819 -345485
-375506 584224
-918147 -524166
646719 -897015
696108 -716840
-84512 532260
-116350 803669
-688096 73529
494123 -119791
623520 621225
882542 -481207
-74274 312104
499479 -927007
-909621 -729153
-86803 -355161
241122 863091
173770 -609131
-77292 -192949
743632 81801
-708404 -738677
-847603 122216
-455602 -601000
79454 993052
917857 -901429
-9415 -467321
717101 -510865
510699 -354120
-544756 -308091
-555254 170654
843152 -34248
694994 -472991
-874907 640352
-132047 -167508
-877507 -539222
539491 -295959
-29478 671910
453675 543345
518365 -226251
-52198 773807
864405 573589
-38766 77893
848346 -931259
-699068 -821975
-599558 113431
441478 355328
238547 831129
19508 -71159
-736144 89497
494366 285248
810173 -932327
-872984 920777
892389 -109672
-410951 82459
-894601 -140588
303369 842079
-893579 948568
-184260 284013
462442 -175831
65967 -824150
962692 -148722
-288113 -54278
-339165 31594
-84413 -945504
293167 -723983
780166 -458393
181572 657375
-692794 -505173
-507091 -237302
-989033 -57467
415323 -891133
406553 364434
644868 698987
657323 501462
-176391 -388136
814592 352348
337299 -500878
-634709 -594074
-367190 868293
-250006 -512161
877283 -408452
197659 -314321
202311 124129
747876 114279
242374 -429009
-406450 361291
-550697 -621994
821622 -171254
-257500 -47510
647882 153455
-417404 96714
706603 339916
-294135 -432244
800121 -160678
-701249 -3784
662918 -877706
-861294 556269
-188101 439814
539871 469710
-39729 -554819
-143433 -896005
-189667 -790504
279754 -595285
632092 -205803
-36771 560583
-361220 448403
-49248 -310576
-553081 -252775
-99048 -919330
-462617 -845473
-81565 531398
381159 -572456
-806970 768504
-143471 -858518
-434275 434275
-401961 881601
674846 -15401
676344 -798259
990106 107821
36773 581179
836783 -739903
412807 451879
996285 -794765
-73527 -871871
-508023 636793
681936 -711484
147331 -684926
-672169 112663
303644 92180
-115103 122863
-92785 474643
172112 -921655
338838 752153
658327 -444379
238358 -846081
-117352 921155
-680899 -326438
103831 -20184
-512266 498958
-813136 -10835
-980356 -388720
988337 653389
967616 -34687
493046 -905914
-888683 984159
393805 -149713
-223430 453826
366188 40725
208164 -142637
487668 350618
-669621 518844
939250 -134839
918665 -708024
234066 408330
297983 373287
754473 642423
-584881 -540989
514192 -737658
-625830 329701
-147075 -759985
-64848 442046
-392815 421873
-851620 339568
268250 605596
610428 923201
674334 221368
-268191 718041
-37557 -682663
493765 -107409
409983 -848568
-180494 -791578
-672016 -229356
807225 -631680
373997 770505
-253436 228774
-76439 -162662
-185722 348834
376626 57453
-903556 485535
-419201 326617
-758478 400270
397547 691901
-967098 408068
661458 483890
-63856 408291
-324298 -185931
-936890 -689528
-478247 -931607
172748 37974
-275823 -848295
-847164 -94623
-476666 329195
950880 -384849
-550379 186068
251703 544437
-368593 656770
-108237 -190452
831928 983927
616698 975908
-730948 752054
-529934 -711742
284647 548754
439293 -698513
-427810 710200
-204469 -655445
812017 794419
-26025 -45013
-910897 41355
132390 504123
677454 497005
-669946 628650
-788567 -272979
268010 -484250
-449904 246005
121015 -717079
-758302 -3221
-995994 624237
980366 -527530
-208228 -609033
795800 -934098
519133 253287
-171070 -948689
-866198 -345130
107886 570780
-605152 -87791
-167954 -269597
374277 -174023
356744 322135
717044 351487
554816 -752745
-138033 903123
-453369 459558
-191454 283915
-238326 875881
-557105 -272354
49364 -495460
-57543 -359883
-19196 -235607
506523 343970
209585 369839
379915 -68226
-73339 560839
-849249 -735343
-717326 -208531
-356770 -917174
615830 -805118
303923 -298018
713477 -870126
-202928 972944
-818236 -774337
-822543 -661741
190133 69058
285229 991001
529617 -52212
-781078 580735
191969 -697622
512536 -888507
6115 -240108
-161885 679972
83807 374160
-311435 266643
478657 -923618
-973821 -678339
-589238 913600
243717 -190382
-144007 460002
-506852 627685
-70724 65279
41726 992373
891537 894087
-150259 -629771
-214036 -136162
-84897 -859615
292178 369460
112435 -837281
971588 217859
-680135 390841
-633247 -970489
-450098 -349366
702898 -982911
-909667 674988
191450 72041
993587 -227789
183843 691162
429408 847618
590068 496360
-282374 -719335
116511 -270056
823400 486364
742561 -955173
471620 -813577
857471 359855
-543950 545234
-488711 -319269
-838859 -536536
-73354 489260
-557784 540645
-824082 -832194
455499 351872
583584 -645731
457863 -727853
227578 -774195
771020 71802
-471269 984938
995212 939119
-416569 610130
496966 -6953
-453116 357342
-760138 559269
-582336 -702337
260600 -637148
448241 984518
-376548 518087
915345 424378
-408910 506712
-633182 -246727
-920034 -101149
-702901 781076
67323 109855
-965781 908818
-9720 725605
-294230 -260354
106995 871093
-621095 711936
-254818 -885018
668817 577691
924256 -24576
-592473 913902
-519703 -409043
-165979 -337093
-791758 -171686
-551888 -792246
-280172 -446174
687890 -297468
732212 151266
653548 475547
499987 685688
-873241 341421
381933 -386239
-71086 809789
-646203 235828
-463911 652750
-176583 -11115
994222 -218994
-951773 11202
536554 -410291
-187908 589825
-276041 -460800
-543084 846863
318935 953347
522913 359671
-530038 -130996
-503420 165488
457925 452719
-743194 531111
579873 806800
-813292 378532
-267002 263035
-805434 -453377
-247318 879668
-898188 -659541
200997 831598
-789795 504708
160927 -848201
-256899 -986399
-34212 627916
-957143 -700330
-866253 -140389
926026 522792
167563 -704125
345648 -815880
798245 -714955
88238 -451652
219064 37860
262931 70361
875607 -185040
264391 -779767
-126947 -598703
881776 834796
-324541 -253787
27556 227635
-228505 -348175
516417 -551277
-461658 961575
-851500 71848
496840 -936458
-981131 116726
-645207 -932560
148718 52984
-3378 215195
-461432 548388
-29071 -901992
-669596 -549061
629012 114148
521688 750320
-892726 -916527
-190981 373112
64863 -805107
939471 -766685
430426 249883
-186277 -120659
-425607 -640594
998633 -364790
523534 573913
-633363 -342265
114645 -586241
-753686 517034
-213987 -590872
252055 697559
-90740 -175105
-234365 221478
-951425 894537
-120006 11414
-910971 -898996
-566242 -66092
-436862 -3548
596001 -825664
-457414 -12941
549143 245815
-681342 -530027
197746 889278
117043 -772136
228984 712650
-673962 286148
-353488 -79017
-764813 197521
901646 509298
343013 305695
-731489 15444
728936 954802
236263 -559407
921561 509786
968830 982248
104703 746083
941168 272521
665465 556489
558755 -858018
179179 -77161
135593 761564
-337642 826028
379871 133179
-719060 -67158
-740819 963833
633507 270283
-553245 706163
-16252 404226
-694186 -771324
386767 -525351
534565 -177475
-772883 317376
-261635 -888556
-747865 -780323
495557 781124
500617 156216
519048 -969782
459218 -339703
390639 -35842
926181 -408407
41467 633396
-338900 -581570
-97086 -109952
-538639 -40230
393084 136079
40917 -311194
602980 -326857
686495 992731
-186742 711475
-990961 941759
831458 -68907
-98895 -83069
393073 -889855
-633474 464307
421044 42242
288198 -244855
528688 903015
930062 -562052
-59485 -118983
117832 -32055
-178166 -447983
893930 -35034
-179184 41169
-4933 -171390
224781 427075
-579463 411335
-275297 827923
-232709 837290
-993297 -436204
760084 -885382
-253298 -51633
648124 -775795
-209109 -718210
-974427 -903389
915358 51235
-571034 -30302
-509641 -602528
464675 -399951
549858 -279652
-733444 -408508
-893794 695983
515912 -885331
-767184 238124
127445 634676
648232 -320728
89101 761116
82902 -393761
-446123 506324
52751 -517775
366990 667434
810087 891336
-649985 -158419
-729962 -727972
-136744 764295
842743 638016
289290 -875674
-731002 609515
274577 514343
737277 126483
-875771 -945985
195998 882935
970537 101053
-291803 -734954
-587041 -357177
387288 502508
197299 856400
-848388 248020
-908007 -336910
-994948 -985040
659425 -675780
-388076 84180
-434141 -739597
801616 734618
-593970 -498151
88088 -966776
-787045 242359
-73364 71107
638109 -162036
-121937 948213
128765 -93239
216835 154533
-634302 533492
-6096 316975
-544903 -563317
463016 552368
236922 -632155
-337581 -689319
-60021 -874320
-849271 83558
916094 962155
-951986 -516296
-545963 318035
501011 -592653
207903 504608
-828668 -146687
328376 626870
-751945 432403
-549176 -177302
339863 940295
704552 877598
-769984 -200384
-378875 -626352
856350 87545
-376837 595441
-519424 445058
-840223 -510134
-507348 -921351
196438 553783
151857 -334514
466497 322167
-664592 -413
453372 -209610
426133 -844105
-911970 -203413
465049 -963897
-456632 746764
708364 -679531
354931 177080
904294 639186
-739854 142363
457979 -642283
11500 -130968
-960642 -674480
566302 759083
-293692 720865
-238163 -349763
162027 174697
614938 -802569
578077 -503391
-517274 359219
-32807 -459021
241502 -70441
438115 560421
636228 504053
433935 -132169
414972 -861164
-423770 187832
939688 -211485
889277 168937
60532 -947273
-467262 -261694
822998 -307367
-508456 347435
796969 75277
-776788 -765456
825370 -297673
706344 324344
782578 -508529
514590 -557633
-776824 -183850
751856 62341
-672121 153919
-264041 83924
657798 154106
-896232 330307
-699702 839821
-209484 917776
459659 -653568
-267440 -585539
-157528 -180093
-902906 39834
-441568 -162098
-445766 444552
-11761 -673657
-20582 -905827
-560240 187741
-312183 -31421
479499 -711920
67664 727445
-635886 731311
352561 -98462
-479497 708191
375751 228237
-619343 -259062
192290 466188
-922234 77083
-428030 -934602
401216 -492538
-128819 442421
-589333 -683413
711848 -479358
-895168 -99236
-148418 564248
-285127 192859
-217864 -510379
-321451 289111
495889 -621751
773850 491305
-305045 433219
-75923 613021
324730 90728
-839422 -587888
432188 253813
178742 448289
-481803 -936989
-67755 138607
805529 -541326
854415 -677443
-659992 -892868
-135772 284415
-375809 927462
-587840 965132
-360661 879576
-355901 638887
-650574 883201
-245922 681529
492024 -636584
277229 -4952
218856 -67906
727250 -990257
838408 -582457
-787912 815525
-625335 -856377
-455887 273841
-15469 482087
-57756 56439
409105 -885306
758871 273419
-369469 -402580
842457 320602
464175 -199820
567268 -2307
-391241 855340
-673095 -811164
-123554 -960149
660783 845964
-891014 -67643
-715563 653849
660747 653123
-948314 -659036
-451782 -492498
-828051 486590
753684 -955302
-543504 696034
893714 696385
-799136 -689168
-844331 -483680
23667 -656598
-780225 919924
597079 -563656
359605 -309121
-624904 813564
841650 -583991
498874 14420
-285959 -507059
-536344 481421
266260 840149
990994 -647195
-685239 859088
-323073 -708233
-618297 221470
83576 41910
-988262 934319
372434 -531671
-776365 27426
393384 695615
-353664 673352
-320291 691139
997253 259384
-257822 -805967
-131240 932506
-50360 710628
236145 813815
10109 -373918
597235 478474
458552 -571375
-912048 -645673
812920 -154067
-818742 -70571
-325854 -515152
186557 -266294
-754952 673957
-782602 -163304
375460 743635
795196 -204511
99363 734106
518283 585100
-61414 -228879
-282950 545231
566642 373608
592985 969953
316950 -794612
-602702 814358
439732 29504
-547796 949478
-939747 99965
-175826 -499586
301372 -385847
-985619 839226
-69895 574694
-724842 -805728
504338 -230813
834741 -66418
-880739 863780
-773432 -875394
-173628 349415
477815 -363123
513416 80657
176456 -86499
919521 -801377
-266410 404356
-111157 -937594
-455711 -43115
245352 396926
-417371 698347
-62443 -512670
-892311 -317467
-165242 200541
701434 552228
-351229 -920542
-769107 -984909
-110002 23868
259625 -629094
-670198 697942
-625526 -612053
920170 687648
-782592 688291
-536801 157109
462432 986352
-986364 22131
281694 443236
-676484 -642501
-958109 828635
-834488 -334313
284581 -807999
-564641 829725
-187902 6871
786273 -692897
-655295 450483
716149 -292758
446347 -371237
302160 -154363
-92436 -202093
748811 -137659
-415900 583655
289930 -979934
364215 -400819
-245008 724416
-792021 767631
-499516 556987
-726621 -144549
-86065 635770
88904 -687770
356992 755535
-882891 -489069
-994577 275420
939987 729263
605356 -75749
-213495 974839
181053 -56740
742945 270980
715737 558414
-624380 262149
688484 614692
-183081 -96657
-628293 -625600
-613775 658591
-672418 470746
-885000 607502
-986331 695912
-156310 -103081
972426 -914025
-495313 -744628
803704 -262858
999596 631242
-586744 250839
467680 -530194
-361420 -111841
137253 732149
-360601 -816938
-542586 -89128
661582 245060
655495 208469
745503 -605634
-595982 552975
-129232 -736514
447791 697124
-298552 -685944
866071 720352
151778 -377886
-778820 675644
-342865 -253847
-223186 976618
900428 -443006
-476552 92481
-192249 755073
-630221 394713
-288911 414816
-735551 -50105
-745558 329725
561108 -76273
-179130 -311365
-577202 628472
649270 958435
-613745 558757
921575 282358
686948 -156647
-449996 803203
-649590 -533012
-447861 -271479
497420 773513
-252394 -242858
-898178 -369090
-537991 578745
-136521 -715981
43692 -959367
349786 -8258
-36927 948488
-225466 563365
-66482 606960
802389 -497787
-985724 -813597
-61229 -802107
-377555 -777121
813289 949597
190971 618410
182700 590119
925795 825171
132780 23843
357976 979904
-403361 367866
-926913 254489
353799 -180614
135734 719150
-145199 526029
-72196 -460019
690984 -551109
-501656 -916146
-414210 -685577
464291 -787501
319776 475632
611071 850166
430375 663129
-346882 -244303
-941831 -63505
-489665 -856679
-945437 -6294
-832446 32821
-768018 439255
512360 -196589
-771858 778218
350725 439019
-346803 -643820
-190080 -347674
35307 524452
-851529 -17058
-667157 381948
687140 -737470
406044 -726975
-137532 -632248
-442896 691427
-830575 -146749
-303949 742790
-491185 -769921
167618 -391142
568208 542275
-522743 -324467
607126 -745211
673233 213913
281532 51852
-666266 -336427
950898 215879
-662014 174365
-884094 -434435
-544938 909578
-202678 -810055
226145 -638588
-690716 744153
609042 357472
750337 829755
-852357 101415
677819 -520007
317476 -883032
743439 -166398
-34241 541746
612516 124547
-712048 442538
-380689 -650100
-432497 729933
-4272 -114881
571383 185210
-985082 823421
-51617 -336850
-107182 -359433
14636 736172
862282 71798
-810427 -496600
368526 -370192
-185262 278922
-573688 960783
-57708 -77775
-695613 -424497
-727847 -46736
-916276 -642756
732442 512868
297594 -406912
969369 -540779
-967577 364059
581863 -154585
-145815 591623
-852993 -148372
436653 412211
-249 -733806
121602 968092
-887540 10699
-651899 657134
-695497 -701634
442304 527248
437283 108626
83568 909472
615263 -889252
-876985 -954459
-937767 -621604
393463 -177756
183023 505273
-888220 -783334
404487 266269
-321807 -499846
736213 176980
-833604 564665
-319869 -698527
85429 -316985
-407693 -490156
-711483 693333
768791 -949071
-101835 -8563
-917734 -395269
-353789 59001
-103397 817794
-12083 859011
-734008 -126509
-395010 -253953
-758627 778611
887504 596337
814465 951611
-617126 396126
-338757 -956987
-709561 -736449
-625277 -333952
836199 525587
802568 742927
-287039 -167862
279298 643275
668649 -716012
-736876 -245579
436043 -57049
473133 438766
109246 -354184
-779884 551208
-726753 -638020
-244566 130500
731532 606374
435654 -535810
-111436 149679
475047 -664498
-323097 -410038
555482 103915
463886 -452163
-236970 467424
-593220 258884
-345216 -512813
36401 641055
-707297 736395
-373995 -385550
86544 -36365
150832 991605
420263 -83896
-577223 -645696
-861747 -756640
89050 -882264
189853 981103
157678 723900
758101 5982
-666569 -457327
394028 307995
369415 -238269
-542406 -257594
317136 100052
51935 762884
362457 -74727
232289 957182
-568599 -928451
-48602 327075
-472169 -738864
-980012 359965
-201581 -583972
354152 -401007
-817991 783093
-707804 -58165
-298693 644383
-948711 435542
-962715 511238
357420 -441575
-392380 558591
793783 333383
116899 247879
-417734 -808788
931467 458267
825176 -770997
-373407 130039
-825926 -111220
-322524 734021
461990 3000
-371018 -995373
-948763 -456557
903726 313652
826578 -40366
761165 604435
922808 -75371
976484 458972
977731 -380855
768783 -373826
423248 694497
464098 -486475
726315 -75761
413447 -200853
126353 734165
-269520 48082
-870762 720508
-605166 544966
-408563 468077
233655 958831
-563676 855997
292451 -882502
824323 -322439
103127 -442482
302266 776759
-597368 -885784
255201 19542
-935775 916028
-262273 329803
-247535 -971715
433511 927104
-749452 976982
-786854 749529
221499 -924761
-559574 -861975
809052 -60194
395696 587187
506777 -83868
-643537 127857
474578 49721
584156 -645544
-599948 -358858
22934 824877
295215 -314205
-386099 519469
-609357 -387227
75901 990795
-280203 -93370
-597869 -485088
865640 842500
-838470 -608638
787374 516142
221260 -474178
553580 -166158
494135 -624649
537026 -481331
-67559 47975
-793244 -975069
878869 247299
763446 345181
173490 965037
-473933 -156242
64494 -967457
281950 928086
617615 -104507
342953 -239645
-553032 -851932
-152636 -382122
-333666 -320970
347335 -359067
664210 -699375
789270 456401
890692 -160116
948529 -682818
293511 903174
661518 779259
-815308 -37048
-361557 270424
-219338 -316254
-293176 970582
521469 43738
326521 -435726
-408655 -699764
-289059 268128
-505036 -590415
-430670 -639137
758848 370762
-544825 655060
143173 607578
601942 -568531
-334637 247534
71612 390042
-823737 -355117
53280 -971431
214455 -487781
-385944 113230
404660 -178657
-979462 -764404
-348502 -829392
504998 786006
-199681 669319
187516 912125
-822689 -804331
90043 -143998
716107 -216354
-929441 -262372
-231813 -727956
-343551 234974
-723171 5720
359317 796366
-841776 209986
99995 743340
297884 -827849
511004 309195
295773 122757
-57441 923255
783550 469863
901544 890055
-198388 629485
-747255 824720
809931 898738
689410 109794
-874220 -550081
707682 -848233
-650760 -636700
7940 789862
474882 -613607
933076 31964
689681 -937818
142196 -907512
74553 753940
-897297 -364620
-45165 -822957
-518150 227386
-214132 148106
-96920 -190604
466986 -533146
522244 -348694
101520 -654742
-640495 -451678
800772 287613
-377250 -12073
509071 -574720
-654794 889685
-585727 507838
-13784 -256243
-27042 -51019
266148 -228216
-72126 -697859
-626123 -208141
-780768 135517
-624441 404757
-744245 -717809
-855189 672671
-516261 -840441
-909729 -353465
106784 654451
361286 828752
586254 -73282
-749680 593030
406840 -880583
589569 230599
-915593 -656489
773823 218995
-79927 760379
-628900 592898
-243400 369609
-784388 515672
-25328 -774807
-290344 601229
-91187 639
-135821 367489
718307 990481
-892569 -79520
431158 520055
676809 -814902
-475637 -440753
753940 895785
-684632 619314
571401 -642403
177193 74482
52762 753729
316394 734186
901780 156540
754887 -562310
-681899 -731694
840901 -414198
-39124 -469897
-994635 -703639
3673 89567
60724 228745
835421 -707114
-132567 504314
-215177 -98016
-463131 -863795
899354 870339
-676951 -196815
672410 -885246
-123015 69476
-986215 506791
-545438 -713565
-114251 403684
354101 507544
301476 -34081
284749 -768933
-225808 913189
-63456 -307211
-355340 252061
-47607 -693385
-657013 699066
-718634 872771
-282617 -284603
247471 -982266
78045 422096
-811953 -983268
-304096 -828736
143300 -559236
490387 -784397
-343832 -271605
-796406 -40775
189305 -390079
535645 -655638
-261287 -994908
-864175 -733821
-65254 -411946
872756 952137
447913 973078
473641 -705716
769511 -645130
-74748 -738330
-742499 583695
-553953 -524643
291197 -572959
312815 251198
-221887 -7880
-581122 -981973
425286 962779
-74743 134223
-537406 549512
-659318 647723
969088 877290
-812959 450077
343776 -587405
787943 219658
-202279 697488
-342177 -175630
-810961 337933
818398 -56710
-595726 853165
6862 -875264
384352 -511486
-174784 352465
1256 884524
-787559 -198955
-344785 981323
107398 310345
-928079 386639
-702432 -884190
627499 -495135
802408 703996
654309 559493
68942 -80580
-990717 -71867
-568267 590214
861810 -939361
952119 634787
162053 125509
-326850 218533
-716057 795612
675376 418958
-396870 869440
512178 310716
-614378 -158627
-811677 -239314
60900 594792
242993 82845
536495 -450967
-21836 422726
644587 -541060
-321720 161849
525938 515162
-682516 66451
843740 -198992
-15132 -336376
896503 -786271
433925 -445667
378037 -187283
601111 -748879
-344557 916909
648580 754945
-1586 -337405
907912 310835
480194 -579659
721596 -301800
-11248 -120543
466276 992258
168173 348493
107949 94206
210065 -849846
-27181 -374396
968665 948342
498826 131907
452998 -145638
927240 853518
-811166 635654
-154044 -495386
-812533 -728181
-438473 -521812
398203 -645924
-667026 -788753
744881 -86716
-986608 962326
543943 145308
605837 -851010
943417 -86095
702563 -534412
-443232 346457
-746042 47242
27969 -494915
236914 286577
971427 -666244
-179981 471616
156982 356279
306272 951138
-684475 466121
-840708 47272
-690366 674031
-854035 288548
-904864 519548
308508 -142404
299769 213612
-908430 545144
-65778 -842352
-178506 -418605
320547 464753
592007 -237409
-696515 -226665
-241099 -919930
-853021 671372
502125 -281356
939540 202253
-620454 316399
166032 486159
395081 789129
945568 885940
-448342 -8141
642514 353536
118764 -212086
172274 451941
-592613 820930
199610 411316
-570743 388315
786291 523506
467632 -655157
638285 -773294
895350 537050
679834 770799
-150700 -375800
-482793 631720
-184250 -124083
936083 964249
-408444 -889462
-70144 -989681
-303784 179981
235426 -528943
-440143 517524
817933 596518
-281119 243022
47478 762798
-319650 936927
-228031 83690
413123 -905941
781630 -349159
185693 -475864
169977 -517454
-541498 -45192
719052 284095
710524 837962
-440633 350421
-642605 763634
677683 -905587
890942 77480
-825034 918550
488496 903948
91127 -303069
259250 -661488
-104356 -116172
197163 89472
-660414 -279608
-147494 834942
181952 509852
-219408 131181
-779229 430023
300801 184044
-512813 955131
-942211 996924
188375 -279464
31178 661717
798986 -796860
29566 -654575
431745 -384846
686114 -382306
995732 883074
-861990 404457
-774478 152379
643638 -151957
-303750 990933
990108 -395607
-950673 -513115
-924674 -51195
-770319 132515
-82102 -264686
-115644 -580734
-891260 -203450
-3779 343213
578275 -934940
-129332 821451
839798 366072
362735 377994
-749981 -749931
-979283 -501290
542406 365745
-265162 13598
-504372 809127
803271 147318
18810 596446
-171885 67462
-61852 64357
205171 -464641
571411 -425708
337245 834335
-313957 311523
-594136 -184014
27389 -918056
141025 158899
-481583 -688084
-311512 128269
-312840 61715
31008 186489
768920 -142468
872252 552566
-869902 919424
297024 -148677
974133 960900
-662826 -582671
-746433 502469
-735117 775247
6035 60931
34439 463779
165915 -774471
-346535 -668406
504898 -834686
-840631 324157
-477497 346725
-942336 -725239
-719509 836114
-706924 980735
612460 456949
-89559 -158268
185644 298709
-508163 200290
-396566 -35849
942985 -255319
842852 35162
-242941 -627820
-870082 927544
-436662 -488514
-148555 -946372
-709995 589740
-337830 811868
400260 900564
-909156 268168
-16104 -490913
-944676 721
457351 980913
417813 807615
522985 -716008
-127301 -610009
-240688 -618286
-970898 -305890
-510634 -72639
560839 -280647
-433711 177411
-354918 414398
-108004 971286
477474 -727185
802578 976563
-959417 551827
20264 -575280
-812047 -778387
-455431 735971
852249 -697787
-59457 584587
-961722 -680787
-71609 -718355
19282 -805713
-139016 -961231
-915503 731354
-732045 -914200
836441 -946619
-989959 -954239
160369 -611605
-680312 985376
-20053 -590142
443699 -927918
807518 -422751
285409 698445
533611 143102
216927 -362132
-661692 136947
586677 525545
-627963 -780067
-764757 578017
-641263 -548739
482648 -236350
225045 -134301
999566 -991805
-839065 -441946
-382402 572011
-657197 -648400
-919784 -78701
-198391 113258
734742 91412
-809189 77406
-290750 473130
961432 402477
651914 -91979
-418909 -868439
-505973 -518259
-206974 506575
-799206 -68872
-610647 55608
197499 484889
-314153 634192
687150 -96395
-253041 -487776
713147 -298651
-495144 938734
908497 162375
155528 655869
-599393 926885
-952943 -171919
-352505 549145
814512 -856638
623189 -732846
374434 -333875
585736 -892599
-742348 -393459
-972521 -115763
-946529 -295297
-344029 365136
-772075 905009
-186135 712279
-402552 -251827
-831214 155958
-86031 694725
493720 -816741
215754 -289371
-90426 -867636
271107 38571
-962210 241220
700546 843287
-33888 626300
-982706 -253369
16640 -592265
-700856 53969
-628722 545941
537517 -423078
-577119 338832
-295169 762465
-857181 214564
898868 -174203
504874 -158701
-989540 120330
-585105 -194792
-290448 600903
-1864 -229724
817179 207841
530421 7516
656796 -165117
358888 -739604
-697431 535678
844004 924916
-950121 210077
-423193 863048
474714 239275
546924 925742
-431031 -686530
921805 -631877
631468 -44878
902049 251692
-387956 982064
168692 562535
-613134 797742
330553 -997241
508117 -219658
-933352 794185
-88554 -166946
-51929 -211993
373391 286232
165219 -688733
-498364 -655190
259993 -53475
108998 -374716
-114008 545473
574598 -64104
922362 -479929
764949 929121
268891 571217
-878916 636124
-174429 -124524
-954889 -159247
-819456 -931303
-69707 531487
-803091 799806
347028 -972277
-667168 -365448
-541411 856414
879481 295113
243280 777328
-942837 -568821
-785373 -727657
390125 -776657
-429437 -372855
806202 312960
-689209 687471
-790065 803368
-715679 838517
-245880 191582
-45354 248511
850234 105202
989274 -926474
-708064 441805
-781454 877551
-312824 -125470
19014 -300270
734943 -995690
-441470 67326
-755029 683092
-151754 770529
285997 -61581
527185 -161206
-894965 -160959
-789260 -723667
742549 552719
-381369 311404
594723 288580
-95237 -333658
-102717 -485048
-620615 -173904
-892941 -478148
905545 495604
-978266 -434936
408424 621377
157986 499173
-781912 531853
340823 -203214
880867 955420
642667 118218
-91782 -221799
959073 873209
74249 931394
21214 28021
110634 -438976
934006 32982
680803 -302586
-391774 -989370
112459 -835265
909395 532468
201968 -794304
-177351 -383310
17524 -704944
-584682 -13898
-323752 -549511
674982 -156883
99237 769334
-439670 -542888
298438 962222
794647 -987182
490234 966729
-982026 -121528
-636724 -611697
809546 829051
410193 77792
767887 -27017
-672426 467036
-359965 -978706
999622 -743394
-695737 -28656
583500 738877
-624556 -249005
974761 -728038
415448 373273
-84375 -259164
942531 -537396
594702 -73118
-246250 609310
601172 787998
-81438 825132
257564 493630
400897 993814
-76801 -623946
-354277 619893
376129 -872151
-757943 -672734
-575195 -398969
568615 -12786
-54730 292714
-681206 136222
-767599 598160
944299 707787
691752 -240615
824254 -528029
242372 -828323
352355 -619406
-181502 -261408
612558 -312114
-283672 -708547
-203783 736210
-50234 -586874
-912963 -198782
957738 221838
132468 428572
135928 35639
755412 -772641
182606 -725635
982421 -477692
-962834 -448376
-521120 -626757
12912 -273657
-616835 640220
605212 127329
489437 -490421
88791 299075
-882630 218111
183756 822260
641738 -74106
197069 -281871
-421838 348049
-955877 670875
-957376 641459
-279916 467460
786133 -997640
-357780 -566832
635805 -240870
-845825 -750686
523246 -943236
869496 -530318
85481 -158438
656032 437003
-328114 -833932
963179 -478007
-962179 865729
-290162 -907946
-852578 -767141
-234220 -813785
151595 -76740
47483 713530
-223820 -812759
357346 141232
-268514 -425013
269854 803444
-499739 -687123
-866972 -249592
-451349 807789
489060 -942030
592849 -587005
996713 -677604
-471032 895669
-290226 -425116
-832007 838678
975490 -634183
453412 -685052
683881 215668
120474 -280569
594056 -183818
566359 -60124
-183385 -57704
570213 82687
493713 831645
-988238 506883
-604000 352315
-121256 -359697
195751 -184361
377175 -112790
948802 -719100
982893 330116
-910945 296678
-667593 -19357
-912752 749219
-735780 54068
173054 850872
-273761 -586096
774644 829918
856229 761948
424341 508461
-418265 218622
-631074 -330587
50962 515120
666292 80730
32794 817721
-100488 -287158
-876759 41375
-529463 63793
-139447 27455
96159 719487
-383169 809395
-852453 -900596
938865 304279
467058 -170430
-572361 -670825
-48963 -591521
311707 635974
-532195 -939233
-160383 175767
555710 247741
895134 659889
132959 -738015
334734 431110
316915 503795
650304 -72427
-117312 28970
292233 412276
866618 -187317
231288 -472562
-512335 -960677
492049 -434265
203022 -55420
-790807 336593
-977679 -494630
-907682 500788
-347383 -295760
-955746 562767
664691 -774563
-963110 -164343
-679830 399863
-346727 -440718
-296603 -221549
774897 684021
-593925 390711
-457953 628814
355189 276769
242676 -699808
-632317 243684
-785487 288948
441090 584455
783325 290145
-87550 239367
-413890 -346334
970148 783734
-695798 -791832
448673 267970
518843 -862991
958132 -126122
882264 -721105
-171851 -136856
-211425 -610469
-946314 850624
-314257 -981986
600255 -639893
112697 922914
-883518 -427962
-24033 -191578
-925291 -274961
641742 -253338
249213 601954
861583 670230
-95317 -370174
597750 711081
-867865 -86232
334161 678372
-918026 -232590
-138636 647485
643237 -82364
71245 -903483
978168 340777
-309011 -183785
730372 -960272
708925 729432
-780377 935110
-967652 682354
729196 -928855
566737 -371848
-859078 541963
290638 245806
527597 650822
-671851 -473935
-594119 130985
294593 229759
327670 947820
607652 -486421
563127 -713248
565460 -235814
-820798 -878687
383938 520413
18085 882538
-30682 598495
-106191 271501
-577366 340231
-241576 392333
10568 151126
98395 -425798
170262 -842864
406862 -768849
-833666 568512
-342158 15197
74369 786024
372797 -699749
-141912 -626286
761167 -294359
-861355 578323
881138 433238
956227 963667
-8603 -615940
-50791 525949
-558167 -260140
-601469 596575
-233827 970727
-939724 -243745
494774 -710722
-51249 -715917
-40363 -64170
315899 530859
-700506 482623
-841696 -576603
-478421 449953
560452 661156
634215 -601319
628516 -840671
-342337 45438
-898322 -592577
-642281 473276
-338219 644326
949254 -650888
480788 -915117
-359424 414002
302337 -157354
225464 136401
-683066 31650
25734 -911411
362389 658111
-769998 589902
124448 119418
-589852 -329697
91340 -292534
-292633 -63487
194700 -346247
299835 -65465
985440 -275709
405632 -446153
-553428 827400
-973718 -754704
-97383 -324226
-196981 588936
428879 473631
-778731 142021
991970 -330921
-473245 -767189
658671 614535
895698 97531
185461 256483
100609 557386
-931396 117503
529854 49128
-256841 -795126
718533 -642804
504587 -371559
-762950 273649
-644771 181159
-488503 -516870
-607618 -666015
150270 -600955
-577385 -270908
617741 -139167
206147 120356
146681 -613351
534316 690592
868348 398695
482301 111548
990554 410439
943588 247254
290095 -600429
988747 620180
-313154 490837
-990139 311830
581059 -285288
891877 -929789
507533 -936017
255035 -309778
-479685 297012
522785 536714
-380287 -802162
-284608 712686
263869 -244003
638458 -291684
-319545 926405
-850609 933467
363169 714229
374125 136374
252971 -799919
-379159 38266
413463 -443867
-539138 -956867
106033 866996
610642 -829704
569841 -411099
676088 456816
848401 -471380
-185327 551741
-176036 -829898
-862271 566738
894190 543963
913529 -467210
623632 154218
-587959 280022
-653275 -158609
-123058 230217
92526 322690
-55338 920242
-40941 -803432
-284670 -114967
-324012 453696
794415 -806602
-533098 -310236
-128720 350879
860721 865030
304035 -945456
328716 444413
85932 -966424
-722037 881269
-10542 237443
-336106 -519657
-127459 103150
-505618 -770464
-25151 -78961
-355016 -223729
-522312 -596683
-293604 -876129
243896 -236187
-452757 -104436
-415230 618785
255214 364613
499193 -328435
404974 -219865
-604530 -462643
277210 745009
-988352 -745139
-841773 771189
-259735 -660344
-577618 -667973
661082 -682779
374342 -3847
-658895 -910502
984107 -245222
439240 -730030
-986874 -841646
-462331 -74868
-706165 353672
-106709 -825019
-990144 748964
-708553 812634
171090 -710284
132848 -903249
-896835 -652125
-971576 359997
-903077 534487
-349201 330447
-355169 -964804
-647794 613540
139548 235297
-936215 679339
-557593 85837
-21528 64246
888086 -752071
890918 -688782
299228 607306
74752 -379140
-889037 767133
826816 -539635
-797798 807226
-9248 -951234
-676966 280955
305730 853515
-719558 849279
759771 -275160
865849 -478825
638601 -134735
816416 949970
562116 -55759
813729 -407323
-387030 -494554
-572740 219196
-302293 -49180
-764832 -258605
-494613 890236
89167 505296
-926660 659336
423002 -667651
54283 -822513
-298344 -335126
438297 -230213
290400 -494091
-859126 14875
768493 597721
-329089 -766666
323664 637309
8992 56895
740367 -560000
399917 -141730
398611 -900704
-914132 950714
789727 696575
805525 -178495
-22373 -84739
54274 479089
815523 -364185
-751644 -965458
718137 -302273
-662650 -879669
63725 197367
852252 110289
367884 53176
265829 -55188
868950 -699248
573041 244796
964350 405980
548705 235251
643905 440003
999525 326364
-546404 359716
-311242 3831
-689810 -150581
823862 -274224
-406431 -909305
-171684 942143
-830645 -813274
354306 -891767
-700076 366841
74869 227344
171362 -476816
-559691 596054
-147419 549444
-199895 -429920
-781933 -861980
509914 118187
-231791 499206
-364941 80492
-581516 -502998
-951909 -968721
-286107 105288
-243192 946028
895684 632914
-760668 -855328
107848 -792707
235456 -607272
-695985 -491817
605225 257348
309406 842619
767620 788833
-253328 -30522
-505891 -498652
-449959 -536371
240338 278440
813811 -481000
23647 -398608
-126701 377581
-305698 961457
-851897 817422
431558 174876
-327033 -308460
-819039 -318931
363423 -912717
87163 877347
-7889 -102351
-360017 -61639
515751 -591845
-164825 -200302
543948 103647
308036 591554
-656144 428742
-877772 -304984
-625379 -960363
-953720 -403854
317723 431856
225535 596320
648363 -16827
-941119 -172435
533735 -174610
187392 -78374
927679 -381305
848191 -786725
-377044 -782979
170725 -782411
-139859 -731333
-578247 789423
-678927 873702
-225414 -504675
-949473 -265573
598103 -971858
391388 -850218
816541 640940
229099 406075
752768 -308453
849890 -638755
-740720 340250
-712767 -671803
-603942 -321970
724312 -972116
247356 -661131
957283 -208882
123195 973306
-424510 -293425
-943069 329969
-469235 -479892
-540597 -590735
592958 296273
-847166 -104997
608608 278884
263618 663085
-681487 -320923
-473040 927740
7098 -264984
-941266 -428828
550220 510699
-310827 827152
652244 -236300
151764 -615300
-729627 719488
604818 -918615
508248 397773
715569 -405414
455420 740102
890550 -455991
615666 -160715
418364 -433141
-325816 541100
-621783 -355158
760180 -620324
-316432 -985331
481079 992607
-846566 897515
-308106 847141
-695521 -525565
360952 229002
-418902 350962
-136709 218721
-582537 834048
804294 -655316
-185738 -918056
791356 -954566
-689066 546066
575351 344307
996016 -82851
103143 -106024
81684 -926335
-454262 -989276
-165534 -965560
216099 795573
-335066 -623017
-618222 -339782
-828483 318448
641566 -909798
-820566 -74503
-539975 -590358
-806076 -811501
376122 515115
-239385 -783152
-466526 550078
-652976 -116427
-191985 908366
390914 204806
334843 515836
-900876 -889557
734458 455904
391506 -422484
-723217 144260
-204746 707927
549144 81144
-58711 -296370
-415726 362780
-885552 263688
17214 524013
-701383 -18601
-378060 -58039
686445 800212
255169 -683962
974623 72717
603584 -566838
-483377 -531605
-146627 856417
902824 -585020
-377608 1327
466410 -293630
677838 -848210
633386 -186510
317526 205547
-688006 329966
655613 82627
-654012 -109169
25470 771304
-302932 -477415
917753 332254
814299 -401087
-853455 952172
781846 948384
-37193 -562711
-664221 -201501
-365051 -129831
24385 117877
-789886 323918
836282 -518784
-636714 250260
973170 314157
460002 22253
710043 132774
617706 -174938
-730545 -787272
776952 187996
687339 -304614
412707 543592
-756187 300543
270443 -587691
840175 967194
270255 476282
-344816 591717
-77224 581927
-473166 656524
914242 -492896
-922755 92770
409145 -687292
520092 -34818
-932522 -363218
-376582 182552
426447 -476700
932019 -593506
-488235 -74803
-436667 -526428
77007 -515920
827252 -248921
-123525 -444988
838006 305728
-926155 589404
870399 -896919
-859450 -482992
-729386 576994
-551746 -48575
761974 865341
-768164 -446395
576787 -597718
-397377 268952
118357 113531
15841 650196
118360 -977477
700337 -889498
-210776 941427
-653394 144083
-309698 -686161
508318 673972
701237 -226252
-751108 -525137
21448 897822
347056 855922
384360 576721
563299 627458
-692933 -662413
847951 161830
686977 399522
239672 -201967
-550321 -914989
912439 -259866
815862 554795
711983 203904
-43117 436183
-213100 599926
-418170 549089
-207483 -158787
72547 974230
-307320 -354196
-555109 -256396
-663536 -420941
492300 931676
-802810 -284788
387262 308196
148 -293873
-470804 626388
-518226 192527
911731 -186245
-434563 197451
-514185 -732905
513527 -57704
328693 -286231
67859 -698858
134534 892188
-884047 -820386
304412 -862192
-399435 -655723
-182849 661705
-336796 687933
-158330 -435775
-669132 480150
351492 -649513
829597 337326
-118938 792661
918552 -459632
212228 569780
-275153 261836
146593 807411
672407 -341184
622530 -674893
112045 -430774
-970526 751866
913194 990800
852653 481373
-636119 372832
442032 -522016
29701 741654
-308122 -422010
243474 825823
305251 -737781
595477 -433347
-821814 322874
861451 772658
-969831 -985836
523462 290492
233505 428244
947953 921822
94685 -528690
-119700 441074
994610 -268022
-930946 630346
-759151 711423
687018 -671647
-177914 -725442
893895 988400
689252 923643
-55363 -22654
-883275 581891
-351596 -997374
93862 811761
227410 897355
499320 897608
-959176 974244
-260075 245195
-707196 534536
411098 -143567
-741912 -956791
666875 716897
652106 -176804
-343423 301297
-437498 34651
-294468 -313730
-976054 611119
420718 906824
-371127 778407
-215852 43527
725149 -355769
-657578 -257976
706625 98770
-782306 216009
-630219 390982
601530 325242
-954182 -322617
-196427 -995338
873019 536256
-121118 640231
-811695 844289
-390781 -287091
247766 301727
-794784 971534
797009 814313
-983246 356531
-582101 -351705
-92822 -713592
788769 -401362
-421772 -963143
-825563 769709
169098 -213247
-11997 529863
-125884 259398
440065 -856929
-520772 182868
-384858 874576
210220 53230
-670653 233425
829708 87535
511199 872916
948453 556087
-535022 477918
890108 -738077
-531699 -793992
-204312 389164
-91282 -749693
300363 672762
-681641 887323
213279 348392
-49407 -947513
-412616 -417896
-258039 756451
-949207 -659047
784804 -445487
-714214 -592972
-598470 -180848
381974 -198003
144331 -454273
700575 -563836
-534531 -387321
133911 -303129
14199 73959
-499117 -287017
-649516 -951078
-971958 604736
890987 603532
545419 498479
579132 -517578
-440096 790434
963623 461320
-818790 -247215
85109 118356
-114371 -295250
749600 525280
-235293 511842
-781020 -312066
471869 -260897
196865 362130
-396283 937147
-42610 -841262
286543 -156222
-772407 742252
-844962 -482238
-639602 17155
-259758 216859
595368 -516106
-426948 728557
988303 -68712
-675495 483785
309799 -540590
672902 944893
152886 39679
203735 -293415
-86145 213680
818534 -32928
-475477 -958028
-710970 -424379
49142 -848940
59757 -119961
634715 192101
-471024 -106104
-218465 522908
103591 -147348
834117 -572386
-917610 -269145
358571 -557225
211864 -664340
891248 640469
