721
45402 839008
933008 211725
320501 33556
953240 686481
380158 547454
918207 93194
533908 541467
509417 999813
202722 977039
857894 552125
112372 522720
613950 83793
939731 432629
571268 770479
359179 8008
432993 247788
153395 455436
70536 233221
892254 648283
51394 307687
997514 583560
862189 26234
204168 999338
161309 801839
942957 124220
197364 928141
819706 605288
442251 420532
878207 415089
340610 754548
590768 432956
564910 255380
151747 379627
852702 746566
151136 707420
102179 536528
798284 692189
565474 633082
673799 383507
49685 904108
110290 898457
180482 837788
48239 853206
556481 921181
774596 701294
384071 424427
912993 946189
338748 178904
426738 522082
355858 844125
355612 419150
254043 139206
859438 713425
196393 354600
162880 456997
484161 560887
376570 462036
50486 368976
617366 771038
624282 418076
538680 571434
395 301062
628748 936522
28856 184370
149287 337156
272127 791529
41856 105337
185516 137534
704125 206858
533039 659095
87805 32242
268486 441845
322319 372700
396752 588788
820854 662103
966500 214070
484657 679128
571899 364733
916504 530084
899167 328520
647906 561273
30967 91613
68221 885950
83401 195091
457063 622706
407240 149699
365461 142611
687253 575929
612015 141626
815219 110487
828095 679383
381610 895626
281990 360203
166843 725067
39232 266614
963904 872195
765565 648203
772054 868990
426723 228835
420710 298315
884196 531389
907897 935941
445848 683666
505254 88973
466990 443135
441915 187147
79727 251742
616829 414688
681348 86808
95143 845355
302114 8834
972160 342801
715406 782489
101387 687248
876900 331340
761259 507121
193722 918124
889966 61251
362749 93612
797940 633593
203881 733152
598783 42277
492306 626968
345520 493061
921858 963440
338500 950567
606134 732824
525920 21476
365323 866739
759019 551943
219593 64766
44194 150777
227993 887113
497691 85379
171801 853389
31568 200291
510637 324020
45543 827090
996072 716510
333409 533513
939992 508217
374138 123823
477798 6181
219831 573071
646726 646629
865392 371228
85812 11613
523055 324675
993415 520058
983050 203044
299798 284715
859430 172126
600169 123104
113494 778335
64952 814758
418666 408138
219983 611184
188391 224037
918668 943538
131639 828529
848610 961437
30449 549253
512382 317342
850841 240800
91259 433987
108856 332180
940987 392027
790304 381355
857490 212881
150193 542467
813662 220775
114995 546314
241874 153936
299909 74574
111974 483197
731732 909439
922398 480584
873701 389772
359813 738699
534708 404852
482034 40333
349800 128793
247418 555483
466183 592721
633903 34655
530357 671239
102900 321052
304169 708334
536716 258836
603028 639705
488051 399907
907523 111918
161509 972343
505123 619654
27732 788839
616080 161966
560642 564636
401379 384907
417545 187393
87132 49056
115288 600253
9390 225206
448905 335997
108372 341137
31426 457541
265356 207442
18094 81185
189814 812233
944597 712334
50498 111864
515388 278019
633999 288277
772120 333051
113356 684233
71516 379507
364390 456013
726817 229344
20487 219511
987312 904458
578140 357379
241947 563406
772082 222796
195003 85127
269964 636600
476785 551056
636959 231855
406425 785122
247014 673383
437978 973027
787227 238348
349792 755155
40025 880981
125165 990623
787189 272994
941527 546547
847648 458810
617535 173974
123209 776913
456651 997748
991199 772592
538312 415021
296767 344227
187825 319192
71463 327699
524636 256764
16205 824651
269098 781874
255108 837943
444193 170710
646064 383846
699168 402428
411517 452523
787757 151713
997681 542481
673203 354681
609620 393706
960329 82519
88545 243437
516109 181905
681639 955315
803584 348282
770021 511809
338122 74373
284426 750978
595640 753066
716587 592101
639576 912285
286600 624831
245573 508358
101646 846408
394320 3389
245788 793996
939803 736423
282023 561798
684251 552080
164779 725814
813131 20560
128879 169092
35272 608088
792498 431703
434360 991396
497821 837049
788964 597098
228016 292324
310549 99689
683028 507593
732000 708147
125411 830585
301338 433228
855684 973371
822021 594761
882978 951866
529068 573093
613129 777441
423763 200448
994454 487440
283653 12392
864385 653716
161355 766352
803843 775780
996294 538843
758730 971625
19453 246999
91538 58414
66921 73255
326322 711675
875986 49869
728295 122943
569611 793066
420631 985404
583405 229807
824074 890647
22339 489951
47070 747788
882048 843630
32990 237234
47091 717226
555444 684950
198731 520784
468415 297296
408605 127837
721453 9566
447731 567587
540653 879877
758765 85447
809502 858311
348204 554813
232795 973946
265864 983738
36118 655720
61921 329402
534551 271374
541327 684363
370455 843554
972470 976701
559514 324957
155088 628553
697935 508935
748533 946901
851121 424507
496713 707039
196239 637746
64331 920904
9778 24698
742003 909347
317847 173299
223525 501784
380435 320001
505442 404607
28227 881503
605578 107555
179396 976983
728683 98153
979446 52399
59243 795476
858716 692396
166407 137520
496064 406055
592919 507536
991902 851102
747817 463547
67861 587248
859839 760717
867672 137481
833650 645440
29166 560638
605079 907002
327606 988535
962413 699043
981676 137668
455962 319845
404524 650968
659219 93864
279390 464823
253348 960674
852711 662490
438321 304551
817798 994586
434 476821
244375 135982
48265 215821
247026 736848
177454 401894
120599 423124
817213 184997
996649 710560
949296 508441
921283 889108
475048 719932
463242 978161
105228 662449
237862 772615
785359 848883
579125 426491
614908 874686
851912 134347
692039 892474
396960 127968
676516 544114
689303 325825
759572 562916
756291 430769
79175 515281
245413 150936
684472 636115
98010 246542
264363 330676
649984 85341
335901 774756
740136 11080
211512 208869
161370 53542
560282 955232
144388 335549
690259 931662
527312 540060
516083 274589
410725 344483
482446 831080
757321 738299
902970 252914
516692 295556
963993 386871
986608 424614
112885 556633
689968 826019
75049 58290
988397 174839
340521 360105
452286 845683
211999 24116
723335 325479
464972 517620
798320 464894
514202 823344
935905 150026
455249 453989
392222 879414
811862 110249
844643 849120
230182 805869
376187 937831
965064 162530
675377 111879
611029 663660
373732 62613
632019 744037
669915 362269
583788 529479
404044 568819
197783 376600
235160 551370
207791 430064
85972 451579
452740 768368
795926 965792
468971 608846
151373 193324
304655 636349
451043 325155
726747 799116
499114 23565
952159 472403
589166 400528
694989 470483
370442 287128
739752 119254
384220 851236
217474 101793
904211 383311
269025 245826
163383 71574
614489 767669
440183 831886
919786 648512
412520 546173
921198 752082
79612 268419
321865 475599
928428 577428
780900 889656
762598 329105
751030 946644
399939 694853
647950 334579
696637 176834
603464 984886
399237 565639
408122 292996
852053 560996
112466 925598
721955 269461
265285 751099
47514 863450
250947 318992
224141 552913
633004 44325
893842 482593
162054 404677
784756 593142
465011 364211
892846 943039
260376 635504
847471 875441
218122 833610
671946 240080
591141 445060
773706 549365
520206 570513
220718 789225
655387 878108
117296 706072
175751 995055
35046 946687
467385 192182
556595 192096
920395 113769
200910 350414
330472 169399
226257 207638
434159 352719
746587 605650
758747 402546
924886 580630
941296 496325
925438 71197
806960 601080
637260 611336
809578 287207
484199 406970
837113 610146
538685 318959
790586 951472
354299 270499
410439 430098
279583 857799
53719 573417
661937 550986
362131 652941
387494 443778
196695 941758
742557 676871
295763 723390
102606 540157
436654 112268
925582 487004
28150 481462
137584 347724
111227 844010
17649 101323
87882 77335
976371 388516
814797 325827
721639 851917
371448 176990
570836 864229
578777 27888
233091 290073
972211 72085
105456 968246
612609 100166
973563 908859
64707 452659
495929 835636
557989 760930
792377 230977
788801 578558
745876 9299
923468 731433
673425 814754
67643 540644
337020 704554
21030 80232
762321 318586
216679 682168
441766 239052
446965 770227
312211 315886
63174 822069
532376 745956
247925 791643
247815 216424
637604 498337
253401 905816
330045 511160
57553 489003
773156 570839
92491 387409
535523 646099
209155 384567
577624 662326
719744 35409
78932 169568
700720 954217
983704 664642
918772 917969
838776 354701
702582 705146
972926 177194
589222 568153
890859 508344
10825 64861
515357 79335
471519 520640
503595 157656
19783 251490
812105 514567
602761 275203
71639 125421
915508 545915
649338 871461
534264 52721
903290 186751
691023 633160
924281 601557
233693 191523
764894 899275
186557 711092
983399 259064
548353 788288
768511 135003
605319 124183
94801 768093
640775 79764
387948 869791
31891 683785
431205 857101
796955 258070
338669 992798
395386 703974
149352 908422
476649 213612
285172 170514
693149 848835
427308 298493
631265 105633
905932 391940
84677 35594
891979 676134
679302 99327
532006 893806
439658 951819
823549 41661
917158 524430
703966 648488
93053 96517
717590 906805
807377 239037
64619 669541
664750 6494
1763 459843
264369 114786
233216 875076
143117 356888
418383 508914
705215 968213
271029 520053
121039 451830
518328 45265
72996 9279
430022 613375
343071 757030
836905 306179
338944 394871
834218 298843
335049 442578
893831 142320
520900 480202
721408 818367
925445 230223
458525 40200
5085 542721
638847 285070
501711 686879
52371 713914
230545 831295
494930 303869
116769 661553
376398 316023
711596 463528
181580 728231
570958 791970
434611 273278
622815 808163
966345 562971
250077 299307
316339 399960
526621 226946
168088 573870
396411 467565
53028 972041
73227 13488
413240 990327
970955 423134
750322 384037
868713 283174
99458 214197
112043 820775
636296 885100
695124 265240
95818 21822
184965 604324
963809 712636
359038 374557
561813 757941
623013 758084
490289 174417
397342 356992
239115 157301
368052 354839
811090 535708
474028 32733
121701 284527
172812 399719
591772 747382
790276 680872
892914 56590
601828 495151
841711 995471
859105 842218
512325 53091
