291
852888 215443
254064 834241
920601 501032
67207 473037
201882 534623
387143 128075
851706 69633
704855 50247
960384 972889
777612 223042
322467 37977
391090 575331
475502 665249
665024 294082
621887 781892
96640 965931
632153 452358
321036 271759
168902 250519
902215 840692
444478 734833
816358 287685
873452 67924
692056 31602
636213 663030
33734 950556
962421 722339
569040 627467
892751 844359
199614 892052
493242 488198
524388 870081
904600 284015
718353 952068
561661 991818
345453 259016
413160 34601
931734 875223
433379 949492
414435 895817
643278 347125
469053 183984
968641 448156
780562 15208
860252 85152
823989 556788
641841 308348
45668 287610
257126 728624
108718 701633
691743 173589
86262 846124
618396 52233
884396 886972
123227 832641
85636 741918
70419 70413
946276 271684
235434 160957
723482 765508
759459 755156
92008 14566
348272 135736
214647 732280
624648 766256
757206 737317
754947 529915
711942 768868
742403 185560
884775 323527
689235 519071
448410 957589
29150 29460
835563 172547
530919 255543
744944 205071
939671 565679
417541 597862
307185 72748
378200 438982
529639 790116
576267 695140
258460 685114
469145 191221
994420 112596
72031 347758
876500 702867
843933 742286
331478 121502
826919 631467
843548 78749
943176 89656
805528 140157
795635 52952
935654 342317
567084 871962
320429 200048
50150 300093
297728 579540
731197 816290
740519 180025
309269 379204
772273 145297
947735 906767
344829 356289
138747 821601
644712 981323
639287 255415
816953 942242
67564 939270
760233 722801
327199 137588
449282 559667
72724 37414
276325 340695
899884 511650
445865 257861
968153 283003
779339 548626
608172 557251
601669 520816
645954 366646
393194 667217
570480 310723
682430 821365
363787 233564
823013 282655
140883 13052
203649 730738
444505 760997
820957 84394
51158 830793
387962 274902
782961 189248
190087 416896
235994 782982
319886 551704
566455 834423
969545 209974
782739 84291
942521 21897
130433 206463
365095 724432
912931 238187
147181 414514
722214 940680
464613 961578
296708 845064
336366 646995
660640 860475
102991 306800
70535 257674
863442 392808
654782 876706
507595 230756
972018 732955
650742 443176
902556 855875
812305 596102
862265 622271
375161 479218
472906 212425
849046 504275
833694 189345
373771 618934
20930 31740
981895 615193
348924 684843
354246 636401
678139 849180
579898 536238
373339 525306
883058 140202
83977 814682
520753 29447
774876 396739
504034 412218
252254 736517
805322 848563
344338 897799
986450 643362
207431 401750
24666 247999
30571 801527
384607 525022
554678 435105
285034 372709
534267 139228
2239 263262
105227 263669
260221 278799
804144 528545
518672 919914
477744 44961
403452 982666
717815 619507
134653 274382
120812 891975
435587 724331
537623 532657
643020 733625
68914 380858
605899 486444
322277 267688
667642 773540
435295 872524
740908 703135
961018 618338
128480 483652
857828 910195
296968 570176
671135 785843
379780 228024
716914 86873
754220 113814
522606 976661
527545 275074
631109 746668
751878 16438
322862 159978
185411 72700
109625 129163
364972 406648
756335 639141
679898 715138
555039 687004
32149 448430
17060 557641
825425 522851
680025 489777
529553 168927
306526 745624
426127 46852
351813 940004
95612 75146
990830 148451
656997 648694
455269 26980
132160 551600
393351 686215
770491 13040
106090 832740
807784 78079
390665 503321
454646 485310
286939 785360
483886 764233
71254 403754
226716 616202
230367 199580
718288 40574
891544 536781
555500 802360
896634 659250
76056 932779
499759 860941
561115 603706
931222 914695
614350 353584
6954 320629
12989 892688
883395 159475
696281 927228
429638 370690
757779 126868
178687 56543
769194 334361
88266 254219
981500 341904
545130 834508
554151 539845
878752 761589
106149 244247
608429 720937
940167 172936
362097 317624
924278 666969
837750 371694
978478 819340
443764 964445
44458 975115
617999 835711
9145 693696
879795 125923
948208 194134
811000 657382
947701 539519
436206 129614
738578 808783
887869 111211
125813 613390
