1000
425228 356552
629089 673377
110213 966940
836227 26861
458107 389333
44093 513676
437153 632037
276090 966
664851 611029
192401 931316
621730 700256
43875 989979
86660 637916
59942 372616
762572 755921
246711 798197
952746 986415
111489 647758
793352 914487
851935 858622
460934 263250
107766 90864
760874 911068
657794 39853
157215 736704
23708 693671
597531 921522
980700 19461
761091 710062
845118 162994
405075 349284
128517 260761
222475 14771
816356 651517
921890 913450
891378 706604
555394 618117
297845 713145
438594 16263
764674 402363
313598 329566
294182 116792
871851 749107
61141 259042
176876 169694
314453 422924
688705 484031
249438 483862
179991 738358
885531 868949
339619 309772
58477 268839
718784 841177
484152 866693
112028 767591
216724 390390
547220 373914
383812 63022
912032 296812
689908 176864
978814 910435
352865 19625
503971 172494
26931 559121
980372 897918
927134 96058
863478 52872
994905 952492
439553 89848
993995 525737
823552 893764
137531 560435
924582 932339
842500 531136
565476 847084
742252 768884
522278 709091
862693 769757
470979 128131
639433 220861
186443 649591
851152 926044
689723 351680
327649 665600
635749 555392
869802 728730
152961 540219
386861 339276
233198 896821
814377 893796
597056 153792
951989 722271
21559 826464
345801 216405
739119 837120
426091 552
607803 193083
775373 560035
366048 953371
806694 908644
420393 874002
136354 692029
787681 524902
63545 374291
999924 248105
714684 868620
523425 424123
238321 392053
188914 41478
695796 94136
800394 381721
975832 420142
512954 991744
407967 896890
496330 155341
125669 198308
258201 265926
259675 632199
934923 949566
85110 540064
923670 735629
437952 276429
713866 972619
692244 571915
171344 129497
72152 289953
143004 314921
643692 654997
721606 705978
567383 832190
407215 811136
418449 871178
270196 390610
671921 823538
7237 307236
768965 985115
352713 290535
873055 180765
432934 367736
403126 215403
996637 239126
750622 194296
749302 357529
296797 296756
976468 889966
203943 705176
624429 402870
278303 134406
32306 387300
659065 715376
421429 54179
589311 310285
736199 661104
819486 236781
591581 650431
338740 136253
509625 242424
639147 920926
896123 129274
496502 619154
116965 494948
966909 560521
55011 174727
887450 869975
507592 240653
518553 288902
689118 196016
522955 681607
99527 511075
258755 588762
496910 802912
295260 745205
745768 697838
285440 546837
617018 150804
834853 399330
606349 620619
504910 438492
724511 21979
867423 992323
260195 867519
655797 579618
538644 100186
831809 293463
995801 790493
339163 80700
160253 162574
618164 601065
639297 745305
953078 549568
439639 570577
119987 428832
149511 182649
508924 855650
735212 610726
417646 889487
149061 965146
225301 799527
108280 232783
994441 880101
153163 77992
313693 514523
451359 728040
95564 415498
58050 653971
103815 999923
246295 607192
349714 192515
98538 923211
984411 343802
583762 447723
283848 672483
629473 606141
817035 341316
551302 935236
329947 643341
202405 322587
87786 972436
817614 891701
46178 226146
254107 549698
971940 603332
967278 774419
183523 763591
821718 772110
903448 857389
592366 644764
357680 696927
140324 330739
865618 463079
311576 720459
734136 567765
199208 997708
418832 735241
437015 435758
443111 197422
914517 490276
331649 519011
239841 768850
773251 710151
531613 184470
306342 905938
498191 164390
203865 346710
103588 513205
278276 193583
845453 194726
725469 497049
931823 741652
920426 671438
187424 335490
763760 208102
154513 582070
42516 854501
943478 8100
724930 82785
728100 945202
434286 327279
443261 216332
779718 248239
412181 143549
121228 50326
459918 53235
589680 845055
380651 670861
571115 794801
212087 925080
853495 293891
159031 542043
628973 358669
875369 381899
136336 373756
494275 73347
988724 406101
582271 862795
79606 849872
491774 15379
489819 992995
56898 67116
857450 529404
205987 524792
338978 947234
296811 796164
331242 276032
323241 897197
600814 825241
333977 865493
524654 118005
971047 960112
594285 949902
55869 623052
900437 243209
862649 720803
963295 824140
256968 921898
72694 778602
999966 400147
750736 449829
209042 572193
377384 31752
316293 963542
271636 929009
125089 456386
667911 199131
29866 140677
787339 431151
894970 561461
482981 443307
969800 390287
86871 801553
522191 885934
191125 90463
963678 176178
444868 513170
317425 373720
251894 269850
633534 957958
799046 777480
86639 35142
100472 592416
971889 432152
499132 597727
93233 254598
169240 558002
190129 213924
523663 148965
937856 711076
774315 869381
956411 18192
935131 829715
482849 298696
194408 49610
191942 158881
874207 980784
172905 92323
774415 121184
473073 566226
309553 152192
400605 168226
184809 38846
277882 82661
85674 182688
383300 777419
590096 383962
972369 979575
539559 713603
754427 67044
358019 756355
195206 1075
678787 927164
884726 709346
501140 412123
608181 115777
80298 191501
896590 248
923595 376482
157015 740523
13053 526685
104436 704710
725645 711949
898833 318393
555422 605782
115024 507349
229390 287459
372912 961460
926330 96864
4568 74151
534561 82383
461513 909342
699977 900477
840287 48020
612522 965719
935549 145561
735610 393092
455563 721339
515926 306529
443952 98124
235996 268621
136020 101876
653872 317026
580486 207861
67381 884729
192021 446168
677997 317284
299686 899979
881450 647793
639912 740476
61363 54613
906509 65973
435818 640766
550146 692182
734381 494820
269434 393631
949578 205812
685847 151066
965025 849245
858877 599784
866072 484601
54144 783092
442733 472714
915273 800206
463618 996486
932878 693241
160449 221309
19045 140608
651467 478228
49646 634267
996672 153969
829715 19831
692388 838098
477963 869289
357184 171491
431042 904079
224139 493858
41430 6057
499044 721596
993345 795363
601320 874662
399431 883702
793802 37549
270133 64690
306628 687297
367475 823035
316573 187993
835001 907294
205522 628335
353822 29701
111255 937818
64148 350919
970501 57039
916049 142378
717436 82893
7582 905440
947563 499118
726098 86689
383645 615202
61466 459532
617289 543367
133818 976590
426792 522234
157962 116199
388599 335945
679521 132542
361482 944545
968372 987580
883761 376816
373329 924736
353356 465356
461925 426393
502437 856968
726526 670711
709214 806394
585872 300437
504403 751194
498167 279435
435953 854194
270733 779711
611474 6336
112611 661450
36700 269181
787101 300854
269358 346942
382134 590392
985123 949458
965219 598284
417936 555685
561548 592818
403816 53648
740505 205720
846288 17512
132398 194287
222766 504438
13098 864939
832827 496966
238776 268497
779783 472141
854667 491286
536728 471488
776715 656205
267085 452159
79653 622850
524701 358155
993714 495420
121474 866595
121920 676473
349500 609327
427125 450307
818295 77139
764707 429122
441241 569258
507951 612680
497167 637836
603629 186067
620356 363624
970192 475493
377205 978945
769526 3397
850087 33875
750760 374236
941379 463102
613613 949148
770379 445838
253803 709334
899856 815289
501577 818086
870006 938208
454632 342210
192966 3914
550069 667420
228382 330925
270192 781042
730159 572187
147307 620604
430909 623469
625225 176693
794656 447774
837713 804897
246048 976015
101139 932287
452899 816795
867147 497756
68896 918789
73718 279271
610229 909391
632863 708751
855699 532488
907126 445858
504685 131201
827930 544994
687609 489773
320850 981186
660857 298282
775443 622009
813066 24754
467924 396755
203875 566074
54560 375731
659467 252681
151153 979753
659307 701104
139733 161700
24867 656504
771504 714799
122025 151217
709750 292699
366748 978751
233044 562482
918333 783705
634883 429428
499494 828910
966273 999080
829139 23491
360214 135320
934394 140220
596985 962254
705513 939807
391602 250213
483412 187570
291849 253562
351528 59783
172083 840556
977901 28593
700825 706282
162670 525591
376189 438209
202668 948927
689065 262088
206819 188138
322307 992555
913339 73717
39254 198360
922147 112635
419728 97657
403559 973668
263120 418594
946803 988826
562944 91846
333524 140972
567421 107967
361269 172907
855044 402558
953787 424740
82503 568573
65646 125936
435143 131317
222705 565635
185215 650455
861392 173413
940666 915307
535856 809252
552038 29462
716686 461081
720978 7643
948637 9793
307199 132008
922958 997030
623542 421534
228363 28715
801812 253549
548527 135731
107807 229192
363028 321890
80143 162808
146627 683059
20922 105246
254994 314732
330 884421
227542 171521
219411 686275
129553 99168
405586 559796
400439 726872
723850 715768
56344 379369
906100 485048
593958 160767
598713 593107
530891 285753
219087 921005
35978 516379
281912 329562
305482 288078
573486 998068
320822 191062
956834 538515
988431 75383
803524 658878
357976 11147
492800 61437
614747 564301
142921 844758
960175 637050
894821 439856
370524 218980
582462 250437
974440 171576
435107 475652
554123 851946
631818 645563
310647 144963
573959 735466
220160 914143
325032 359756
909280 485188
112253 296921
89704 481572
951715 855513
149320 443965
353500 171451
281809 111444
714560 293087
118275 651439
692326 190519
675679 739075
746372 78850
745809 380158
477137 190594
917650 963374
574344 573379
407191 20936
212668 48273
370667 529642
845816 934415
592146 815931
924030 73049
687567 252247
5978 687771
761133 774862
607556 41080
718086 848546
77933 67363
202660 204278
601272 521398
719063 444303
785522 16714
927146 987440
391746 619881
332356 483619
103006 839244
30114 499460
579609 107679
300453 70506
816153 328461
909325 631552
586240 721875
207536 334190
206513 216915
709260 559830
38438 910003
225232 426587
848019 630269
739584 647688
783973 36311
687819 354112
176855 19149
693170 693397
530893 544340
287097 241516
863145 714032
617723 64949
35263 627159
776762 967894
711963 597853
182051 837761
197793 457186
794498 691625
669794 42300
160258 391517
657336 775246
799410 82991
444060 349106
262598 920090
122191 957166
639894 167125
474304 456069
52766 715799
81385 47427
905012 573547
332433 165101
889074 520571
329165 582065
186418 328156
4949 344666
499543 674291
541811 986075
451497 489340
853588 482970
597133 663299
120784 496776
846386 808157
233895 149759
270431 827882
379081 908961
405181 739581
914437 405183
336327 698157
645562 748160
927433 604224
746993 610816
329798 552697
111555 251150
119222 801307
815892 247258
540872 35729
30648 241945
361409 50344
566983 704262
44567 740259
915916 415803
995236 801912
145417 958220
639098 601123
719542 480568
248781 538828
436263 181123
59520 835968
543610 341715
472729 999011
975554 101787
390273 725031
479685 680066
521593 16831
678561 636898
878385 415682
5543 563609
84109 26393
823676 516560
882888 690936
438727 608522
525724 343755
98318 585462
411652 442069
205743 892637
115437 833146
402759 160692
607641 107547
807245 820519
393723 112909
969577 938238
314777 7394
751986 456564
357870 313742
838138 462723
728703 972710
743993 562570
804548 870991
878107 543357
120018 953079
557396 40786
753234 635003
728096 347714
554840 781069
729352 301580
942530 764524
901880 949693
208513 65375
272162 529697
795838 188369
308716 812949
824873 193111
960170 228397
998675 319179
562738 437153
43710 472581
70033 25136
501367 224083
989733 905509
69816 700155
575641 707586
339306 532060
838113 747569
433714 121490
147659 291258
614548 756121
433006 74688
857111 88742
511518 74281
102817 176870
112214 486190
192941 206938
658308 447557
334080 213070
194394 810417
814009 390153
778818 421983
554847 957913
641144 832873
70607 47455
274118 638141
765394 57543
976698 404474
161598 174642
829258 668516
664552 576489
869019 871762
267297 721193
503584 842980
330346 17846
461576 332335
454660 358971
564249 758163
898180 739597
581425 486786
849491 889993
250181 107611
424309 871962
15599 773349
354917 959823
873747 280204
415578 889903
473402 273481
282036 732560
489189 498980
608883 698489
595955 233590
494469 358959
10123 979232
359280 442206
46910 827762
269632 686825
528635 235098
273658 375966
99927 39811
301958 460279
994678 226251
759095 276456
724898 346442
403871 405729
958198 862854
393245 341376
948026 97892
903364 153957
489861 539737
26507 907396
784873 556061
292340 112732
202144 278336
606188 556065
117520 398435
9486 373500
707275 435908
565964 328965
383035 466087
583658 758805
688937 311613
556941 724255
174758 132124
81934 135562
715343 83434
43750 918089
130003 615010
634250 775410
463754 349595
704165 21385
314873 279231
103580 737506
771444 259192
469418 16067
388192 215387
463344 100724
312602 248609
352885 950543
816569 246847
708568 466559
141108 300460
504332 371606
817911 817635
761042 560890
114306 522746
758739 955464
990339 235869
723094 290387
422188 126883
287270 622026
472903 890426
921481 602770
717399 48219
978778 654167
876608 332271
447643 313482
775806 194291
914246 363428
358845 610286
899786 554478
277296 899500
569670 351583
777592 393044
658150 941300
952650 825302
988113 442508
581229 842924
900166 462037
487075 306593
987344 595839
445258 630645
524620 54911
592918 474216
264990 196891
939070 562058
32153 469160
812270 105349
740042 149534
245047 60878
924675 815522
483858 245154
45518 482305
803861 63293
874960 8869
59044 138147
514901 252532
629897 543738
645772 204934
83300 814008
708898 413592
940510 928561
263754 269512
549857 171980
203687 722764
467962 326076
745459 491743
607643 701899
757989 498439
758193 990266
279322 757091
305767 12738
409082 608054
602897 771249
245932 724711
592058 334185
112984 106172
537847 608261
382792 853789
761152 81469
21044 458483
690421 400424
316657 493890
984032 438896
136667 451147
848797 358920
414979 47803
77101 245582
47984 535750
172519 783011
297015 230346
68826 232797
596713 238615
383048 316262
824852 752406
15075 901515
609059 771933
596159 56522
303494 747420
104579 620445
661414 548380
272285 1333
706019 823237
875980 518107
116494 962112
688321 698429
542955 8017
