961
999970 999970
999970 999971
999970 999972
999970 999973
999970 999974
999970 999975
999970 999976
999970 999977
999970 999978
999970 999979
999970 999980
999970 999981
999970 999982
999970 999983
999970 999984
999970 999985
999970 999986
999970 999987
999970 999988
999970 999989
999970 999990
999970 999991
999970 999992
999970 999993
999970 999994
999970 999995
999970 999996
999970 999997
999970 999998
999970 999999
999970 1000000
999971 999970
999971 999971
999971 999972
999971 999973
999971 999974
999971 999975
999971 999976
999971 999977
999971 999978
999971 999979
999971 999980
999971 999981
999971 999982
999971 999983
999971 999984
999971 999985
999971 999986
999971 999987
999971 999988
999971 999989
999971 999990
999971 999991
999971 999992
999971 999993
999971 999994
999971 999995
999971 999996
999971 999997
999971 999998
999971 999999
999971 1000000
999972 999970
999972 999971
999972 999972
999972 999973
999972 999974
999972 999975
999972 999976
999972 999977
999972 999978
999972 999979
999972 999980
999972 999981
999972 999982
999972 999983
999972 999984
999972 999985
999972 999986
999972 999987
999972 999988
999972 999989
999972 999990
999972 999991
999972 999992
999972 999993
999972 999994
999972 999995
999972 999996
999972 999997
999972 999998
999972 999999
999972 1000000
999973 999970
999973 999971
999973 999972
999973 999973
999973 999974
999973 999975
999973 999976
999973 999977
999973 999978
999973 999979
999973 999980
999973 999981
999973 999982
999973 999983
999973 999984
999973 999985
999973 999986
999973 999987
999973 999988
999973 999989
999973 999990
999973 999991
999973 999992
999973 999993
999973 999994
999973 999995
999973 999996
999973 999997
999973 999998
999973 999999
999973 1000000
999974 999970
999974 999971
999974 999972
999974 999973
999974 999974
999974 999975
999974 999976
999974 999977
999974 999978
999974 999979
999974 999980
999974 999981
999974 999982
999974 999983
999974 999984
999974 999985
999974 999986
999974 999987
999974 999988
999974 999989
999974 999990
999974 999991
999974 999992
999974 999993
999974 999994
999974 999995
999974 999996
999974 999997
999974 999998
999974 999999
999974 1000000
999975 999970
999975 999971
999975 999972
999975 999973
999975 999974
999975 999975
999975 999976
999975 999977
999975 999978
999975 999979
999975 999980
999975 999981
999975 999982
999975 999983
999975 999984
999975 999985
999975 999986
999975 999987
999975 999988
999975 999989
999975 999990
999975 999991
999975 999992
999975 999993
999975 999994
999975 999995
999975 999996
999975 999997
999975 999998
999975 999999
999975 1000000
999976 999970
999976 999971
999976 999972
999976 999973
999976 999974
999976 999975
999976 999976
999976 999977
999976 999978
999976 999979
999976 999980
999976 999981
999976 999982
999976 999983
999976 999984
999976 999985
999976 999986
999976 999987
999976 999988
999976 999989
999976 999990
999976 999991
999976 999992
999976 999993
999976 999994
999976 999995
999976 999996
999976 999997
999976 999998
999976 999999
999976 1000000
999977 999970
999977 999971
999977 999972
999977 999973
999977 999974
999977 999975
999977 999976
999977 999977
999977 999978
999977 999979
999977 999980
999977 999981
999977 999982
999977 999983
999977 999984
999977 999985
999977 999986
999977 999987
999977 999988
999977 999989
999977 999990
999977 999991
999977 999992
999977 999993
999977 999994
999977 999995
999977 999996
999977 999997
999977 999998
999977 999999
999977 1000000
999978 999970
999978 999971
999978 999972
999978 999973
999978 999974
999978 999975
999978 999976
999978 999977
999978 999978
999978 999979
999978 999980
999978 999981
999978 999982
999978 999983
999978 999984
999978 999985
999978 999986
999978 999987
999978 999988
999978 999989
999978 999990
999978 999991
999978 999992
999978 999993
999978 999994
999978 999995
999978 999996
999978 999997
999978 999998
999978 999999
999978 1000000
999979 999970
999979 999971
999979 999972
999979 999973
999979 999974
999979 999975
999979 999976
999979 999977
999979 999978
999979 999979
999979 999980
999979 999981
999979 999982
999979 999983
999979 999984
999979 999985
999979 999986
999979 999987
999979 999988
999979 999989
999979 999990
999979 999991
999979 999992
999979 999993
999979 999994
999979 999995
999979 999996
999979 999997
999979 999998
999979 999999
999979 1000000
999980 999970
999980 999971
999980 999972
999980 999973
999980 999974
999980 999975
999980 999976
999980 999977
999980 999978
999980 999979
999980 999980
999980 999981
999980 999982
999980 999983
999980 999984
999980 999985
999980 999986
999980 999987
999980 999988
999980 999989
999980 999990
999980 999991
999980 999992
999980 999993
999980 999994
999980 999995
999980 999996
999980 999997
999980 999998
999980 999999
999980 1000000
999981 999970
999981 999971
999981 999972
999981 999973
999981 999974
999981 999975
999981 999976
999981 999977
999981 999978
999981 999979
999981 999980
999981 999981
999981 999982
999981 999983
999981 999984
999981 999985
999981 999986
999981 999987
999981 999988
999981 999989
999981 999990
999981 999991
999981 999992
999981 999993
999981 999994
999981 999995
999981 999996
999981 999997
999981 999998
999981 999999
999981 1000000
999982 999970
999982 999971
999982 999972
999982 999973
999982 999974
999982 999975
999982 999976
999982 999977
999982 999978
999982 999979
999982 999980
999982 999981
999982 999982
999982 999983
999982 999984
999982 999985
999982 999986
999982 999987
999982 999988
999982 999989
999982 999990
999982 999991
999982 999992
999982 999993
999982 999994
999982 999995
999982 999996
999982 999997
999982 999998
999982 999999
999982 1000000
999983 999970
999983 999971
999983 999972
999983 999973
999983 999974
999983 999975
999983 999976
999983 999977
999983 999978
999983 999979
999983 999980
999983 999981
999983 999982
999983 999983
999983 999984
999983 999985
999983 999986
999983 999987
999983 999988
999983 999989
999983 999990
999983 999991
999983 999992
999983 999993
999983 999994
999983 999995
999983 999996
999983 999997
999983 999998
999983 999999
999983 1000000
999984 999970
999984 999971
999984 999972
999984 999973
999984 999974
999984 999975
999984 999976
999984 999977
999984 999978
999984 999979
999984 999980
999984 999981
999984 999982
999984 999983
999984 999984
999984 999985
999984 999986
999984 999987
999984 999988
999984 999989
999984 999990
999984 999991
999984 999992
999984 999993
999984 999994
999984 999995
999984 999996
999984 999997
999984 999998
999984 999999
999984 1000000
999985 999970
999985 999971
999985 999972
999985 999973
999985 999974
999985 999975
999985 999976
999985 999977
999985 999978
999985 999979
999985 999980
999985 999981
999985 999982
999985 999983
999985 999984
999985 999985
999985 999986
999985 999987
999985 999988
999985 999989
999985 999990
999985 999991
999985 999992
999985 999993
999985 999994
999985 999995
999985 999996
999985 999997
999985 999998
999985 999999
999985 1000000
999986 999970
999986 999971
999986 999972
999986 999973
999986 999974
999986 999975
999986 999976
999986 999977
999986 999978
999986 999979
999986 999980
999986 999981
999986 999982
999986 999983
999986 999984
999986 999985
999986 999986
999986 999987
999986 999988
999986 999989
999986 999990
999986 999991
999986 999992
999986 999993
999986 999994
999986 999995
999986 999996
999986 999997
999986 999998
999986 999999
999986 1000000
999987 999970
999987 999971
999987 999972
999987 999973
999987 999974
999987 999975
999987 999976
999987 999977
999987 999978
999987 999979
999987 999980
999987 999981
999987 999982
999987 999983
999987 999984
999987 999985
999987 999986
999987 999987
999987 999988
999987 999989
999987 999990
999987 999991
999987 999992
999987 999993
999987 999994
999987 999995
999987 999996
999987 999997
999987 999998
999987 999999
999987 1000000
999988 999970
999988 999971
999988 999972
999988 999973
999988 999974
999988 999975
999988 999976
999988 999977
999988 999978
999988 999979
999988 999980
999988 999981
999988 999982
999988 999983
999988 999984
999988 999985
999988 999986
999988 999987
999988 999988
999988 999989
999988 999990
999988 999991
999988 999992
999988 999993
999988 999994
999988 999995
999988 999996
999988 999997
999988 999998
999988 999999
999988 1000000
999989 999970
999989 999971
999989 999972
999989 999973
999989 999974
999989 999975
999989 999976
999989 999977
999989 999978
999989 999979
999989 999980
999989 999981
999989 999982
999989 999983
999989 999984
999989 999985
999989 999986
999989 999987
999989 999988
999989 999989
999989 999990
999989 999991
999989 999992
999989 999993
999989 999994
999989 999995
999989 999996
999989 999997
999989 999998
999989 999999
999989 1000000
999990 999970
999990 999971
999990 999972
999990 999973
999990 999974
999990 999975
999990 999976
999990 999977
999990 999978
999990 999979
999990 999980
999990 999981
999990 999982
999990 999983
999990 999984
999990 999985
999990 999986
999990 999987
999990 999988
999990 999989
999990 999990
999990 999991
999990 999992
999990 999993
999990 999994
999990 999995
999990 999996
999990 999997
999990 999998
999990 999999
999990 1000000
999991 999970
999991 999971
999991 999972
999991 999973
999991 999974
999991 999975
999991 999976
999991 999977
999991 999978
999991 999979
999991 999980
999991 999981
999991 999982
999991 999983
999991 999984
999991 999985
999991 999986
999991 999987
999991 999988
999991 999989
999991 999990
999991 999991
999991 999992
999991 999993
999991 999994
999991 999995
999991 999996
999991 999997
999991 999998
999991 999999
999991 1000000
999992 999970
999992 999971
999992 999972
999992 999973
999992 999974
999992 999975
999992 999976
999992 999977
999992 999978
999992 999979
999992 999980
999992 999981
999992 999982
999992 999983
999992 999984
999992 999985
999992 999986
999992 999987
999992 999988
999992 999989
999992 999990
999992 999991
999992 999992
999992 999993
999992 999994
999992 999995
999992 999996
999992 999997
999992 999998
999992 999999
999992 1000000
999993 999970
999993 999971
999993 999972
999993 999973
999993 999974
999993 999975
999993 999976
999993 999977
999993 999978
999993 999979
999993 999980
999993 999981
999993 999982
999993 999983
999993 999984
999993 999985
999993 999986
999993 999987
999993 999988
999993 999989
999993 999990
999993 999991
999993 999992
999993 999993
999993 999994
999993 999995
999993 999996
999993 999997
999993 999998
999993 999999
999993 1000000
999994 999970
999994 999971
999994 999972
999994 999973
999994 999974
999994 999975
999994 999976
999994 999977
999994 999978
999994 999979
999994 999980
999994 999981
999994 999982
999994 999983
999994 999984
999994 999985
999994 999986
999994 999987
999994 999988
999994 999989
999994 999990
999994 999991
999994 999992
999994 999993
999994 999994
999994 999995
999994 999996
999994 999997
999994 999998
999994 999999
999994 1000000
999995 999970
999995 999971
999995 999972
999995 999973
999995 999974
999995 999975
999995 999976
999995 999977
999995 999978
999995 999979
999995 999980
999995 999981
999995 999982
999995 999983
999995 999984
999995 999985
999995 999986
999995 999987
999995 999988
999995 999989
999995 999990
999995 999991
999995 999992
999995 999993
999995 999994
999995 999995
999995 999996
999995 999997
999995 999998
999995 999999
999995 1000000
999996 999970
999996 999971
999996 999972
999996 999973
999996 999974
999996 999975
999996 999976
999996 999977
999996 999978
999996 999979
999996 999980
999996 999981
999996 999982
999996 999983
999996 999984
999996 999985
999996 999986
999996 999987
999996 999988
999996 999989
999996 999990
999996 999991
999996 999992
999996 999993
999996 999994
999996 999995
999996 999996
999996 999997
999996 999998
999996 999999
999996 1000000
999997 999970
999997 999971
999997 999972
999997 999973
999997 999974
999997 999975
999997 999976
999997 999977
999997 999978
999997 999979
999997 999980
999997 999981
999997 999982
999997 999983
999997 999984
999997 999985
999997 999986
999997 999987
999997 999988
999997 999989
999997 999990
999997 999991
999997 999992
999997 999993
999997 999994
999997 999995
999997 999996
999997 999997
999997 999998
999997 999999
999997 1000000
999998 999970
999998 999971
999998 999972
999998 999973
999998 999974
999998 999975
999998 999976
999998 999977
999998 999978
999998 999979
999998 999980
999998 999981
999998 999982
999998 999983
999998 999984
999998 999985
999998 999986
999998 999987
999998 999988
999998 999989
999998 999990
999998 999991
999998 999992
999998 999993
999998 999994
999998 999995
999998 999996
999998 999997
999998 999998
999998 999999
999998 1000000
999999 999970
999999 999971
999999 999972
999999 999973
999999 999974
999999 999975
999999 999976
999999 999977
999999 999978
999999 999979
999999 999980
999999 999981
999999 999982
999999 999983
999999 999984
999999 999985
999999 999986
999999 999987
999999 999988
999999 999989
999999 999990
999999 999991
999999 999992
999999 999993
999999 999994
999999 999995
999999 999996
999999 999997
999999 999998
999999 999999
999999 1000000
1000000 999970
1000000 999971
1000000 999972
1000000 999973
1000000 999974
1000000 999975
1000000 999976
1000000 999977
1000000 999978
1000000 999979
1000000 999980
1000000 999981
1000000 999982
1000000 999983
1000000 999984
1000000 999985
1000000 999986
1000000 999987
1000000 999988
1000000 999989
1000000 999990
1000000 999991
1000000 999992
1000000 999993
1000000 999994
1000000 999995
1000000 999996
1000000 999997
1000000 999998
1000000 999999
1000000 1000000
