996 993
865342 1
961389 1
731303 1
739130 1
777907 1
987480 1
884302 1
981025 1
882500 1
585659 1
900125 1
879244 1
929051 1
721957 1
599721 1
776582 1
993437 1
534659 1
714840 1
898172 1
806361 1
670786 1
736473 1
683663 1
722999 1
836042 1
550503 1
534466 1
605923 1
852385 1
860006 1
698982 1
754379 1
574609 1
999977 1
650373 1
548938 1
789954 1
818577 1
548915 1
538485 1
792976 1
626968 1
890019 1
973325 1
662821 1
701542 1
900591 1
949494 1
730131 1
504059 1
839779 1
729363 1
906236 1
619981 1
814361 1
732278 1
751731 1
945932 1
922659 1
837359 1
563120 1
959799 1
937141 1
713124 1
518131 1
866524 1
658654 1
553398 1
947669 1
876495 1
710961 1
683854 1
522819 1
902101 1
583007 1
542965 1
520160 1
871535 1
745879 1
983027 1
899506 1
698106 1
774718 1
803326 1
916994 1
569020 1
865230 1
554251 1
549726 1
828437 1
704599 1
696916 1
529852 1
601138 1
881266 1
523085 1
615702 1
744023 1
917313 1
575433 1
682574 1
623027 1
919889 1
954838 1
976616 1
676583 1
831171 1
596892 1
734435 1
718185 1
922164 1
734666 1
544058 1
700703 1
513792 1
728978 1
697286 1
729926 1
578998 1
901647 1
743284 1
783101 1
970150 1
505682 1
897888 1
956755 1
920678 1
500331 1
504163 1
640004 1
682549 1
506416 1
508598 1
731902 1
954679 1
934227 1
879951 1
725122 1
703863 1
773087 1
972626 1
812161 1
952787 1
692779 1
998991 1
650436 1
734123 1
786414 1
705701 1
704023 1
830612 1
997836 1
814890 1
659418 1
834391 1
833765 1
665402 1
700734 1
692625 1
972674 1
785388 1
500338 1
577246 1
919639 1
655349 1
611058 1
850139 1
808149 1
575966 1
787762 1
739972 1
911043 1
713653 1
996459 1
678718 1
684426 1
959882 1
876334 1
711749 1
687043 1
841175 1
851121 1
747891 1
912544 1
978723 1
629900 1
761346 1
713923 1
982532 1
577103 1
829051 1
796069 1
681047 1
953239 1
959817 1
704416 1
813691 1
568428 1
845910 1
985923 1
789745 1
760695 1
941075 1
553714 1
838424 1
880436 1
722058 1
763437 1
660476 1
863271 1
738602 1
541092 1
888515 1
594414 1
527339 1
961062 1
533227 1
604876 1
905574 1
508475 1
735377 1
780284 1
749244 1
935902 1
714538 1
890319 1
732918 1
630999 1
675682 1
812484 1
853983 1
573081 1
603763 1
804340 1
586147 1
599520 1
875785 1
723646 1
728905 1
701400 1
605639 1
780431 1
978258 1
713378 1
779907 1
951202 1
926668 1
846561 1
665090 1
700882 1
947362 1
655634 1
619805 1
793777 1
747239 1
741626 1
994204 1
613327 1
909583 1
561172 1
745121 1
516291 1
500914 1
801519 1
896389 1
804331 1
663620 1
882888 1
639544 1
674775 1
848772 1
622980 1
886754 1
559012 1
954246 1
525802 1
787716 1
524017 1
964745 1
591393 1
869604 1
774888 1
603665 1
725790 1
989962 1
936971 1
620154 1
624855 1
542677 1
709791 1
779521 1
598932 1
816641 1
713897 1
690091 1
738028 1
903358 1
839859 1
994794 1
987735 1
885356 1
683004 1
841663 1
941498 1
618832 1
715141 1
768361 1
501913 1
972583 1
780442 1
865049 1
854570 1
956985 1
791031 1
861575 1
743526 1
926647 1
735421 1
678917 1
796654 1
792727 1
998275 1
853202 1
508545 1
763656 1
652792 1
708458 1
625985 1
649155 1
755557 1
521044 1
512638 1
578327 1
609404 1
743706 1
722488 1
877396 1
967974 1
708374 1
611877 1
922471 1
617852 1
914686 1
982141 1
608536 1
930739 1
941865 1
997639 1
551155 1
601328 1
685015 1
694619 1
601456 1
550009 1
979272 1
648057 1
987483 1
821734 1
955011 1
877886 1
509590 1
968432 1
649210 1
592535 1
738702 1
666170 1
663925 1
563774 1
512122 1
950068 1
860038 1
723705 1
892559 1
947842 1
875516 1
592199 1
628515 1
784227 1
755216 1
628866 1
767950 1
865126 1
562862 1
627846 1
660024 1
917024 1
760895 1
823605 1
926019 1
703798 1
731696 1
548499 1
540296 1
710818 1
531814 1
792242 1
646524 1
927683 1
673771 1
624007 1
747286 1
743330 1
980901 1
646681 1
904737 1
721695 1
923164 1
624065 1
861470 1
607914 1
737715 1
884201 1
567217 1
802174 1
913125 1
514031 1
957475 1
733848 1
812073 1
948761 1
650648 1
690956 1
670878 1
800988 1
628605 1
832324 1
653292 1
543721 1
578780 1
996420 1
936993 1
860035 1
523548 1
550334 1
502114 1
754469 1
962975 1
962569 1
768474 1
515481 1
862742 1
862979 1
945145 1
667197 1
721472 1
920831 1
505020 1
596691 1
796710 1
645150 1
539761 1
815334 1
794080 1
746562 1
516918 1
970145 1
753051 1
916861 1
603161 1
889118 1
648474 1
974479 1
795445 1
565941 1
717316 1
520709 1
915424 1
874371 1
779300 1
804035 1
947944 1
571819 1
810025 1
844334 1
828540 1
810257 1
616800 1
932363 1
697398 1
828697 1
990875 1
843660 1
743728 1
629440 1
626609 1
919703 1
581932 1
784795 1
517455 1
960207 1
613691 1
738760 1
689339 1
598460 1
755831 1
671049 1
994832 1
786268 1
902846 1
538100 1
567092 1
540828 1
515024 1
597429 1
742856 1
611526 1
843716 1
609738 1
521380 1
508047 1
835589 1
920301 1
665748 1
696242 1
637418 1
733150 1
983319 1
589684 1
791075 1
614573 1
973748 1
759795 1
796777 1
805493 1
907651 1
933661 1
666600 1
585665 1
738471 1
885060 1
930126 1
784153 1
981461 1
529290 1
838231 1
672470 1
953865 1
678315 1
891700 1
584939 1
593928 1
544378 1
728656 1
547074 1
507986 1
801781 1
620980 1
786170 1
897145 1
931949 1
842309 1
609018 1
946330 1
868724 1
635818 1
967500 1
810652 1
810401 1
595092 1
661418 1
800602 1
667747 1
511143 1
840511 1
911902 1
640696 1
682279 1
797318 1
663060 1
718885 1
825225 1
984448 1
685850 1
514964 1
657058 1
871979 1
950158 1
863351 1
668410 1
547455 1
627982 1
744858 1
827201 1
564761 1
722235 1
889299 1
573319 1
665409 1
713257 1
577521 1
672506 1
512663 1
601734 1
753209 1
983783 1
770386 1
826104 1
681350 1
752597 1
962234 1
685846 1
995764 1
822113 1
934621 1
806639 1
964732 1
545586 1
976236 1
586013 1
791739 1
985438 1
500562 1
901718 1
659989 1
504600 1
682493 1
536165 1
729254 1
859709 1
959499 1
671409 1
757809 1
575063 1
972802 1
610367 1
595158 1
629477 1
506756 1
965753 1
895709 1
539326 1
572707 1
879575 1
900238 1
710020 1
643938 1
789187 1
943417 1
520686 1
533247 1
692852 1
930969 1
520192 1
853389 1
575551 1
857426 1
681373 1
582295 1
635772 1
561325 1
775755 1
613709 1
771205 1
834776 1
670932 1
827900 1
891723 1
843779 1
960641 1
607165 1
971778 1
729210 1
800484 1
838207 1
649214 1
865988 1
898356 1
865192 1
679746 1
687230 1
997737 1
986914 1
898074 1
947350 1
731222 1
877100 1
828830 1
710890 1
873111 1
694424 1
772520 1
515938 1
568691 1
957122 1
642363 1
801422 1
576042 1
543918 1
813186 1
539381 1
625345 1
944735 1
979859 1
835047 1
637155 1
793776 1
707059 1
626976 1
744780 1
821088 1
531386 1
858813 1
611449 1
761186 1
625425 1
672769 1
698421 1
558629 1
945408 1
667038 1
769687 1
521805 1
850739 1
917683 1
532644 1
676782 1
704910 1
965551 1
989266 1
956136 1
999863 1
574620 1
991698 1
516576 1
609458 1
609588 1
512872 1
654543 1
956475 1
834963 1
850574 1
702372 1
799957 1
825553 1
820469 1
504639 1
650554 1
966900 1
809384 1
657842 1
577024 1
926066 1
647793 1
945241 1
923166 1
721897 1
581104 1
524336 1
546863 1
780298 1
636414 1
788356 1
592567 1
965551 1
791321 1
842521 1
501188 1
871448 1
913368 1
846661 1
683878 1
982492 1
697434 1
663278 1
882299 1
923382 1
771548 1
643214 1
645579 1
832833 1
658750 1
535475 1
835790 1
627472 1
654677 1
864634 1
542479 1
668144 1
875185 1
714900 1
822072 1
754317 1
896392 1
681907 1
570007 1
884275 1
627782 1
658948 1
504117 1
791590 1
635135 1
554131 1
706103 1
626626 1
607487 1
720564 1
876249 1
737627 1
697707 1
864049 1
537381 1
717113 1
707792 1
783024 1
697619 1
895697 1
697235 1
661053 1
637821 1
736971 1
734467 1
545854 1
571767 1
895564 1
946652 1
889838 1
561163 1
801793 1
665327 1
890839 1
890968 1
530857 1
564051 1
747195 1
579567 1
672379 1
574634 1
680339 1
857856 1
516124 1
525178 1
729575 1
597037 1
773382 1
782016 1
922246 1
575803 1
581428 1
647254 1
514086 1
966929 1
697490 1
692575 1
858898 1
919183 1
529472 1
520153 1
556695 1
792252 1
646084 1
738043 1
537594 1
777483 1
953233 1
695647 1
747841 1
800803 1
673176 1
545533 1
887904 1
723276 1
522355 1
542858 1
617006 1
695112 1
580097 1
701355 1
576308 1
930449 1
764478 1
586957 1
646673 1
713801 1
722839 1
966168 1
805704 1
614559 1
920297 1
532163 1
626854 1
990755 1
793327 1
944778 1
877068 1
895790 1
905522 1
776519 1
714861 1
558194 1
702463 1
992738 1
539943 1
737282 1
769289 1
853240 1
786644 1
652314 1
904595 1
597386 1
516679 1
643024 1
839108 1
691915 1
538487 1
706538 1
797341 1
722884 1
941812 1
651661 1
620382 1
566207 1
913259 1
558571 1
590084 1
799233 1
631481 1
733080 1
740274 1
508789 1
772642 1
956284 1
831264 1
617755 1
791688 1
942744 1
989561 1
565072 1
901628 1
799297 1
676389 1
877237 1
568964 1
751076 1
577996 1
693435 1
778405 1
716723 1
924223 1
588074 1
735845 1
983530 1
572885 1
586955 1
990865 1
807687 1
603976 1
938410 1
623363 1
921989 1
523227 1
950516 1
638596 1
875406 1
907737 1
681642 1
598065 1
975332 1
559792 1
802187 1
582371 1
758707 1
707372 1
785674 1
902299 1
734225 1
833142 1
605700 1
967932 1
799230 1
667594 1
753008 1
615342 1
929918 1
640118 1
938502 1
516322 1
999067 1
770752 1
678992 1
616905 1
788101 1
564650 1
532806 1
917910 1
541302 1
903484 1
617389 1
605013 1
872294 1
882758 1
651768 1
992790 1
617303 1
973494 1
597408 1
733092 0
979164 0
831795 1
517879 0
850357 1
802179 0
579370 0
771570 0
516613 0
502006 0
874945 0
667412 0
599232 0
829743 0
559372 1
801779 0
971637 1
819468 1
766212 0
736360 1
906993 1
592575 0
984876 1
769211 0
737591 0
961276 1
833684 1
821250 0
721512 1
743872 1
999006 1
714553 1
724738 0
537712 1
711766 0
803586 0
642684 0
820810 0
691266 0
764066 0
651452 0
646175 0
904647 1
832647 1
836692 1
705513 1
834475 1
883111 1
812077 0
945666 1
675972 0
700318 0
596341 0
824854 0
766863 1
983176 1
711018 1
827810 0
976545 1
589478 0
837531 0
862888 0
905660 0
986131 0
948677 0
793704 1
530980 1
912117 1
658911 1
608729 0
755945 1
647836 0
841035 0
601295 0
889181 1
900811 1
837743 1
688011 1
829366 1
525558 0
635906 1
577751 1
653541 1
540865 0
819781 1
571770 1
969951 1
923994 0
840272 0
854324 1
719539 0
545497 0
684186 0
999225 1
736856 0
782362 0
908309 0
790717 1
797044 1
723179 0
896663 0
767434 1
769985 0
849965 1
719977 0
612428 0
932405 1
582213 1
722997 1
843600 0
784054 0
931497 0
920809 0
882372 0
646885 1
538887 1
726840 1
723073 0
505408 1
696947 0
619392 1
959371 0
773742 0
662338 1
851068 0
690208 0
621840 0
741973 0
799117 1
685912 1
524908 1
526804 1
523441 1
874804 0
577977 0
905521 0
529682 0
506611 0
719375 0
669033 1
793477 0
878060 0
502969 1
962438 0
959086 0
856882 0
959937 0
802125 1
805389 0
800815 0
843133 0
974210 0
973456 1
924249 0
939473 1
675463 1
552026 0
784338 0
587504 0
998765 1
956672 0
681491 1
748001 1
753230 0
805046 1
541097 0
505178 0
764948 1
905608 0
560894 1
506003 0
670789 0
844592 0
944086 1
536709 0
768589 1
918243 0
941340 1
899908 0
877529 1
754010 1
555572 0
984226 0
514417 0
507346 1
737140 0
623556 1
752359 0
977766 1
772180 0
540876 0
968237 1
621184 0
992584 0
814137 1
972334 0
934300 0
790662 1
524396 0
583661 0
796227 1
882199 0
501288 0
800003 1
649788 0
955600 0
641887 0
524860 0
908848 0
908979 0
947885 1
702654 0
768965 1
839969 0
765636 1
740075 0
571948 1
884420 0
570808 0
511975 0
844217 1
626706 1
842852 0
915540 0
586572 0
566679 0
901198 0
984802 1
966010 0
978777 1
995877 0
601034 0
707472 0
882886 0
722904 0
532306 0
694553 0
730784 1
755698 1
919073 0
873380 0
715474 1
543708 0
555023 0
886285 0
520739 1
720344 0
808787 1
977767 0
891355 1
623552 1
855032 1
603152 0
859463 1
779612 1
847495 1
511949 1
676961 1
790579 1
989862 1
552950 0
568766 1
611776 1
907484 0
567766 0
614607 0
912370 1
584011 0
997202 1
735393 0
680261 1
828667 1
512380 0
845688 1
512722 1
624667 0
928966 1
504164 0
785727 1
942045 0
527746 1
910922 1
903164 1
706242 0
926605 1
885656 0
877798 1
808088 0
687247 1
910047 1
748777 0
758862 1
671807 0
861632 0
949248 0
500283 1
625580 1
526342 1
933580 0
821787 1
582059 0
701018 1
685200 1
839952 1
844705 0
968313 0
627409 0
633564 1
921735 0
777743 1
669901 0
811472 0
989379 1
573624 1
587394 1
570865 1
619420 1
702501 0
975898 0
998832 1
997136 1
758416 0
980603 1
552898 1
737972 1
613229 1
845890 1
924688 1
813158 1
880082 1
649522 1
652432 1
633519 0
980278 0
870674 1
817225 0
799261 1
841543 1
598836 0
841791 1
730667 1
976245 0
654766 1
639710 1
511544 0
617006 0
593843 1
594197 0
611335 0
955605 0
559300 0
616082 1
544869 1
713381 1
708824 1
939239 1
936467 0
898902 0
627452 1
664424 1
843964 1
523200 0
974594 0
502550 0
967032 0
912088 0
738009 0
971196 1
937122 0
942256 0
605042 0
828798 1
586717 1
899312 0
831065 1
873980 0
988099 0
938013 0
962146 1
817273 1
669644 1
769248 1
916173 1
563782 1
904845 0
615147 0
589351 1
588818 0
690844 0
705179 1
789258 0
798004 1
664627 1
733483 0
932366 1
823207 0
685374 1
614637 1
784714 0
549315 1
851179 1
585153 1
930989 1
960674 1
958549 0
999977 0
706997 1
595377 1
556936 0
867458 0
642787 0
608687 1
771191 1
505789 1
885698 0
784146 0
753745 0
516833 0
601347 0
609943 0
539646 1
714924 0
661113 0
526640 0
645208 0
602785 0
532891 1
859906 1
985567 1
567820 0
525008 1
784652 0
834383 1
509228 0
671354 1
587363 1
865531 1
844908 0
690526 1
586592 0
588817 1
590898 0
599729 0
908974 0
518799 0
653470 1
682516 1
631068 1
763833 1
872142 0
962843 0
782676 1
569262 0
596356 0
711240 1
866717 1
647691 0
518714 0
658859 1
833076 1
662742 0
734970 0
839282 1
790958 0
742978 1
868951 1
925956 1
850085 0
746503 0
979212 1
623498 1
563131 0
854344 1
655287 0
651333 0
878133 0
670004 0
897992 0
667874 0
732782 0
840181 1
763245 0
742328 0
823876 1
802738 1
899178 1
877138 0
885811 0
867429 0
981582 0
861698 0
740645 0
946137 1
749690 0
659059 1
644784 1
924144 0
562978 0
892269 1
790926 0
829521 1
850093 1
613605 1
822153 0
609884 0
708026 1
765410 1
540803 0
570590 1
994308 1
655337 0
962456 0
560944 1
689780 1
795506 0
993961 1
632883 0
624585 1
752434 1
636707 0
711631 1
700349 0
589219 0
681375 1
990021 0
964112 0
670270 0
725331 1
972056 0
969794 0
667127 0
538044 1
821090 0
771545 1
727267 0
572675 1
829131 0
729108 1
959061 0
968928 0
651890 0
721135 1
525827 1
768377 1
608150 1
935423 0
837666 1
796064 1
587665 0
572266 1
789221 1
746813 0
882281 0
788198 1
569161 0
980652 0
574687 0
950726 0
655595 0
765218 0
618849 0
729351 1
656062 0
667311 0
762637 0
807977 0
683180 1
927977 1
965985 1
783452 0
783456 1
607905 1
578072 1
994935 1
530430 0
937928 0
514676 0
665161 1
544466 0
818554 0
883115 1
892689 0
612608 1
602239 0
647811 0
506475 1
606329 0
712595 1
990317 0
664328 0
639920 0
847479 0
648878 0
708601 0
786029 0
680160 1
906828 0
970306 1
861761 1
723209 0
862444 0
983949 0
981866 0
861237 0
846752 1
840021 0
609166 1
522424 1
890297 1
660875 1
840109 0
605919 0
880767 1
554852 0
561845 0
820152 0
842024 0
884803 0
777971 1
538464 1
795093 0
812924 0
722003 0
531595 0
602546 1
881826 1
649321 0
747205 0
528456 1
606761 0
890214 0
529374 1
787903 1
943866 0
874837 1
640500 0
900222 0
534016 0
865896 1
882101 1
616926 1
796659 1
670043 1
527959 1
611170 1
619484 1
901984 0
597598 0
766372 1
845788 1
695165 1
715600 0
982992 1
971034 0
871780 0
694058 0
529887 0
652272 0
864362 1
954943 1
865950 0
544515 0
758838 0
699905 1
513910 1
624718 1
564399 1
754149 0
662940 1
933015 0
666221 0
655527 0
998607 0
895520 0
940738 0
826508 0
590259 0
831264 1
761848 1
785993 1
671254 0
587296 1
576073 1
926426 0
868044 0
663299 0
532318 0
944208 0
938988 0
509096 1
654841 1
993337 0
501327 1
561944 1
560374 0
539440 0
769275 1
973028 0
979962 0
782137 1
906490 0
932238 1
587187 0
851470 1
779965 1
736150 0
647877 1
993861 0
697477 0
682033 1
647448 1
955651 1
581574 1
598206 1
763252 0
865723 0
932470 0
743604 1
611080 0
716320 1
982338 0
797809 1
737189 0
644816 1
737591 0
708894 0
611776 1
596154 0
757867 1
854024 0
611633 0
778976 0
948658 1
597486 0
747535 1
935014 1
835554 1
720609 1
526974 0
937150 0
739584 0
674774 0
726846 0
955868 0
534971 0
967350 0
833103 0
677875 0
526086 1
624975 0
616736 0
654778 0
575479 0
724638 0
869786 1
548316 0
988938 1
978233 1
546513 1
663466 1
961042 0
685072 1
659661 0
819460 0
585212 0
993067 0
938628 1
857546 0
824503 1
942364 0
784689 0
656408 1
614565 1
774221 1
987061 0
932576 1
620966 1
866884 0
508308 0
694533 0
851617 0
627208 0
996137 1
951491 0
917714 0
750001 1
735275 1
717525 1
613497 0
857372 1
650586 0
961812 0
605474 1
999370 1
602655 1
754243 1
923299 1
918679 0
644119 1
748829 1
655944 0
613721 0
710279 1
968304 1
512548 1
692827 1
966629 1
601333 0
539134 1
659738 0
587961 1
628283 1
584273 0
827688 1
861409 0
502704 0
830608 1
862707 1
618043 0
597203 0
833395 0
726893 0
841174 1
644436 0
662421 1
979142 1
577264 1
687664 1
616231 0
618445 1
935657 0
544206 0
862034 1
965201 1
911345 1
626337 0
736106 1
605052 1
756965 0
640649 1
589596 1
936301 1
839572 1
978202 0
652619 1
911296 0
674117 0
799301 0
846100 1
762261 0
518568 0
909577 0
548557 0
753185 1
956322 0
630028 0
531754 1
553097 1
638384 0
697714 1
719310 0
508281 0
739280 0
532041 1
734068 0
707966 1
887934 1
564741 1
656985 0
577321 0
856265 1
842981 0
605896 0
791390 1
947667 0
727497 1
727556 1
933625 0
785781 0
572312 1
516507 0
750026 0
809035 0
538549 1
798641 0
980068 1
592659 0
958399 0
878689 1
814491 1
793827 0
738031 1
689400 0
802365 1
605013 0
769490 0
812547 0
516653 0
955481 1
643364 1
964341 1
687529 1
536267 0
628724 0
611800 0
948604 0
956203 0
968436 1
927501 0
510897 1
941372 1
624887 0
622896 0
748362 0
684721 0
834053 0
615989 1
594567 0
818109 1
620789 1
593192 1
588228 0
946863 0
940418 0
523254 0
870994 1
763767 0
755666 1
503700 1
847612 0
828540 0
501001 0
521731 0
975663 1
915390 0
873761 0
631998 0
698677 1
543709 1
908048 0
636395 0
614370 1
534372 0
776592 0
613175 0
506735 0
961448 1
539551 1
664803 1
770930 1
627891 1
702463 0
988007 0
895547 0
881028 0
586190 0
659443 0
959169 1
578922 1
679082 0
723057 0
993964 1
873930 0
781209 1
844129 0
868788 0
861475 1
689697 0
951614 1
887934 1
745805 0
832593 1
735078 0
923165 0
985835 1
988265 1
581819 1
653084 1
919406 0
749693 0
773430 1
846945 1
747092 0
757474 1
631741 0
876758 1
909714 0
770012 0
627781 1
509574 1
989067 0
691456 0
593454 0
