103 115
112614 0
813289 1
403460 0
453056 1
999897 0
731213 1
648726 1
435833 1
533896 0
928279 1
741899 1
367674 1
602156 1
802945 0
179709 0
512754 1
892662 0
247535 0
708469 1
852589 0
948083 1
641966 1
56064 0
581895 1
510094 0
214983 0
588031 0
835735 1
665609 1
996008 0
150228 1
370577 0
230190 0
68474 1
315931 0
798242 1
387916 0
468083 1
693987 0
693077 1
1445 1
141134 0
491982 1
410457 1
949945 0
121326 1
810972 1
365958 1
80962 1
5903 0
634667 1
93349 0
330805 1
433286 0
733969 1
986342 1
543596 0
248004 0
304045 1
166738 0
643723 1
692720 0
614260 0
496629 1
436223 0
217778 0
42961 0
378484 1
714005 1
632249 0
304130 1
3126 1
104639 1
467233 0
651136 0
569488 1
471662 1
594698 0
34303 1
33747 1
532137 1
695849 0
454467 1
560246 0
727168 0
643967 1
745727 0
986577 0
21926 0
208206 0
397382 0
8941 0
691219 1
564719 0
365679 0
787634 1
701587 1
321525 0
229116 1
884289 1
376009 0
704781 0
219842 1
410926 1
412517 0
238682 1
944536 1
999669 0
273992 0
904521 1
880655 0
788951 0
911405 0
893741 1
228390 1
820545 1
782628 0
726295 1
574425 1
246351 0
388496 1
722646 0
84622 1
255550 0
537470 0
45951 1
822512 1
83821 1
207279 0
546923 1
654889 1
824609 0
786231 1
340792 1
660657 0
615321 1
162762 1
722707 1
467281 0
839299 0
876132 1
206094 0
137423 1
910892 0
184568 1
557561 0
499557 0
663267 1
943713 0
10830 1
611980 1
427934 1
848954 0
467501 1
393291 0
963779 0
573288 0
175853 0
139793 1
877254 1
380903 1
205775 1
47731 0
24642 1
440064 0
907712 0
195611 0
508959 1
432459 1
578654 1
622620 1
221800 0
912191 1
941977 0
603596 0
465743 1
751021 0
764877 1
679440 0
278266 0
19241 0
618350 0
920247 1
515585 1
588732 1
84518 1
714906 1
247342 1
926795 1
837815 1
35123 1
326720 1
107953 1
406103 1
560399 0
283490 0
839969 0
241971 1
60734 1
191061 1
930389 1
507204 1
487766 1
912897 0
999897 1
691903 1
267035 1
661084 1
162143 1
8277 1
46683 0
630490 1
519194 0
959072 1
732926 1
241613 0
919669 1
257985 1
