996 995
545382 0
870327 1
898761 1
671659 1
999872 0
540471 0
913108 0
536108 1
942082 0
891322 0
649887 0
562406 1
587511 1
794836 1
577264 0
554004 0
834332 1
703389 1
952530 1
577091 0
703481 0
564054 1
514272 1
979914 1
832436 1
667783 1
871890 1
965217 1
875116 1
548575 0
822675 1
930945 0
640943 0
857779 0
871610 0
510115 1
813466 0
716704 0
670584 0
964455 1
995759 0
651905 0
940057 0
800984 0
911375 1
698768 0
751251 1
552983 0
581028 1
867081 0
588657 1
778659 0
748483 0
996271 0
553921 0
584120 0
873206 1
568307 1
754384 1
829870 0
815602 0
804311 1
511116 0
739118 0
702251 1
725516 0
762757 1
938747 1
615768 1
969869 0
695119 1
859218 0
595835 1
535187 1
830296 1
822724 0
984061 1
828912 0
915023 1
837693 0
982243 1
562451 0
839488 1
501105 1
678643 0
838467 0
970614 0
695307 1
528309 1
525345 0
566314 1
504602 1
881012 1
800373 0
861299 0
822327 1
589593 1
543134 1
962965 0
634322 1
593649 0
645869 0
961479 1
573928 0
520403 1
918236 0
504068 0
529118 0
657627 0
687211 0
621633 1
589535 1
683939 1
550513 0
540360 1
816114 1
807421 1
883021 1
915339 1
914242 1
689646 1
935699 0
967279 0
927336 1
585385 1
825983 0
709498 1
835623 1
762804 0
872353 0
769402 0
756247 0
502080 1
698620 1
674887 1
918759 1
868721 0
611393 1
751220 1
574374 0
723485 1
618245 0
567840 1
512414 0
565371 0
978653 1
509812 1
714363 0
969590 0
579336 1
935526 1
642119 1
588683 1
890858 0
744786 1
671098 1
659621 0
646586 0
842668 1
866781 0
911097 0
958374 0
521718 1
527535 0
580431 1
698677 1
685579 1
579838 0
574625 0
779139 0
913076 0
971196 1
526533 1
992862 1
667293 0
580973 0
947954 1
577419 1
988960 0
875058 0
567280 1
976560 0
803075 1
790740 0
931444 0
758718 0
843333 1
698717 0
673741 0
804615 1
789969 1
939405 1
969057 0
875734 0
541449 1
870006 0
957635 0
501960 0
613264 1
924219 1
778217 1
540153 1
599214 1
727892 1
675675 0
684521 0
941001 1
705207 1
567951 0
985803 0
602471 1
913117 0
964080 1
943649 0
755785 1
640812 1
791961 1
580094 1
574875 1
553341 1
544829 1
929987 0
728917 1
637990 0
626571 1
999934 1
600289 0
563654 1
940937 0
584363 1
675983 0
502385 0
545605 0
944155 0
818678 1
906171 0
589802 0
893954 0
577532 1
848867 0
811198 1
779723 1
825536 1
734633 0
652655 0
793409 0
811576 1
788683 1
890303 1
820692 0
884947 1
600565 1
972905 1
975311 0
545831 0
501241 0
706950 0
512471 1
605257 1
711584 1
505369 1
701318 1
686098 0
932721 1
575799 0
664837 1
788606 0
516338 1
797368 0
925073 1
705149 1
621816 1
562761 0
544851 0
818378 1
917501 0
722465 1
779579 0
649968 0
516044 0
752898 1
677217 1
660690 0
933794 1
832336 0
923966 0
753277 1
808347 1
541726 1
935754 1
796790 1
932672 0
934624 1
686541 1
692455 1
637244 0
746325 1
711065 1
663776 0
879777 0
998561 1
510999 1
795289 0
868590 1
858247 0
964561 1
771511 0
878385 0
664042 1
859827 1
853264 0
994292 0
645409 0
678519 0
518659 1
623150 0
775297 0
860827 1
993617 0
834998 1
784022 0
860881 1
675387 1
695084 0
619732 0
581181 1
977863 1
888794 0
905889 1
806947 0
879879 0
771118 0
836846 0
844190 0
501399 0
923320 0
987312 0
689543 0
971294 1
727404 0
747177 0
573279 0
579511 0
535065 0
704016 1
988552 1
662132 0
752012 1
651075 0
946049 0
662725 0
881003 1
794085 1
950249 1
573557 1
746368 1
642426 0
681955 1
909712 0
903638 0
771462 1
634251 0
897590 0
938984 1
853176 1
594639 1
899248 0
611481 1
603274 0
523286 0
931198 1
647464 1
617724 1
813835 1
928251 0
777123 0
795579 0
508584 0
670521 0
702053 0
926403 1
826634 0
507590 1
548269 1
532804 0
584920 0
836580 1
584418 1
931187 1
793351 1
927872 1
819828 1
729564 1
516787 0
755386 0
906240 0
627285 0
620344 1
897120 1
951936 0
960200 1
524094 0
998876 0
896116 0
911788 0
790971 0
892557 0
823437 1
589767 0
773172 1
674407 0
729074 0
618620 0
683539 0
506647 1
731923 1
680434 1
705515 0
506671 0
749401 0
791752 1
613156 0
763468 1
916193 1
891667 0
598394 1
916558 0
998770 0
796348 1
561746 0
700629 0
685418 0
854162 1
719605 0
672484 0
979596 1
699484 1
691239 0
867897 1
570818 1
733933 1
825171 1
960215 0
674920 0
810108 1
856698 0
545460 1
958021 1
953830 0
904414 1
830387 1
679399 0
916793 1
890176 1
950292 0
954417 0
788086 1
925192 0
685515 1
807234 1
968735 0
526139 0
629659 0
850468 1
817896 1
638593 0
852927 0
516699 1
527701 0
965682 1
921519 1
597895 1
768840 0
693933 0
567373 1
884372 1
905501 1
899431 1
911527 1
702918 1
500242 1
832678 0
916313 1
919614 0
903130 0
731215 1
604406 1
653889 1
806754 0
709478 1
788865 1
934467 0
580054 0
938459 1
872460 1
635133 1
606996 1
600327 1
714034 0
508979 0
719562 1
639945 0
817162 0
650171 1
688708 1
683971 0
590377 1
687144 0
588877 1
567218 0
754744 0
900324 0
616902 0
813415 0
727036 0
672240 1
864808 0
500875 0
515012 0
506261 1
592796 1
696949 1
862623 0
856588 0
644115 1
545850 0
519731 0
664975 0
616580 0
821486 0
665541 1
583790 0
926738 0
711195 1
875607 0
659876 0
657527 0
644524 0
963940 0
592576 1
680509 0
753856 0
602739 1
727229 1
560940 1
517846 1
859194 1
991105 0
720002 0
659533 1
971156 0
866757 1
767399 0
808864 0
574190 0
731110 1
918894 0
733915 1
536715 1
596633 0
909387 1
580655 0
507000 1
506933 1
749513 1
786367 0
515858 0
693777 1
793265 1
595552 1
928206 0
634867 0
600272 1
907516 1
551331 0
875685 1
815258 1
647869 1
849043 0
590254 0
740849 1
674580 0
792011 0
724663 0
621282 1
662428 1
619782 1
759711 0
701924 1
687965 0
634397 1
656275 0
995243 1
829172 1
767937 1
655468 1
675858 1
718346 1
931744 0
873327 1
774830 0
977127 1
511694 0
519270 1
580290 0
989744 0
744028 1
759820 0
573794 0
745570 0
543031 1
607603 0
799179 0
561383 1
648277 0
973935 1
627379 0
940847 0
737032 0
864859 1
923951 1
513386 0
970776 1
811296 0
702856 1
774713 1
822426 0
702468 1
920735 0
694059 1
902146 0
858514 1
723163 1
500538 1
818074 1
860670 0
620741 1
755250 0
734199 1
524441 1
746935 0
780612 1
524143 1
892873 1
850611 0
769797 0
721058 0
887083 0
718392 1
686384 1
882403 1
900036 1
952826 0
897864 0
738047 1
666411 1
952323 1
984244 0
940376 0
743947 0
686557 0
735391 1
546594 1
669312 1
696407 0
856960 1
711117 1
803214 1
763234 0
789378 1
745735 0
629773 0
560709 0
750922 0
722681 1
648989 1
933639 1
790962 0
711752 1
805388 1
547753 1
583204 0
994178 0
698273 0
641714 0
730363 1
955041 1
899768 0
813087 1
960895 1
917911 0
604334 0
905771 0
698984 1
872514 1
620760 0
998436 1
587468 1
755198 1
533025 1
764172 0
501850 1
511420 1
510140 1
981044 0
980497 1
575958 1
956352 0
830912 1
794174 0
602378 0
563896 0
501855 0
744640 0
537237 0
885289 1
596760 0
706078 1
507650 1
753850 0
682466 1
751558 0
981785 0
647748 1
971720 0
764603 0
782990 0
894325 1
908799 1
720627 1
934490 1
656936 0
732148 0
798345 0
519039 1
559640 0
500252 1
627491 1
701321 1
558836 0
715689 1
702076 1
850048 0
774598 0
534652 0
993758 1
719400 0
611004 1
501747 1
742871 0
621162 0
980455 1
674571 0
605291 1
705608 0
900972 0
935748 1
739140 1
855154 1
657131 1
685411 1
811247 1
997305 1
674600 0
869451 1
533535 1
852514 1
975670 0
581449 1
516212 1
791094 0
587739 0
523584 1
620051 0
891670 1
949157 0
574983 1
828337 1
986181 0
709257 1
721226 0
703548 0
779293 1
694586 1
721884 0
925720 0
697925 1
986857 0
609018 0
729463 0
872468 1
796995 1
829402 1
644948 0
539155 0
588041 1
878882 1
839827 1
502326 0
865186 1
503833 1
789379 0
696781 1
711960 1
921948 0
923416 1
947093 1
644586 1
897344 1
934350 0
707165 1
750847 1
825017 0
707694 1
893964 0
855767 1
969942 1
635539 1
535788 1
788963 0
679746 0
967721 0
803877 1
504374 1
608622 0
670461 0
751199 1
885649 0
552693 1
638225 1
971196 1
909188 0
871206 0
596243 1
787193 1
956856 0
647584 1
784959 0
500650 1
865082 0
823373 1
658520 1
709143 0
885482 1
635911 0
689135 1
652369 0
651455 1
674641 0
588436 0
963694 0
638805 0
665815 0
848891 1
807128 1
561897 0
779237 1
951508 1
838578 0
623976 0
684562 1
976631 1
541129 1
502977 0
944423 0
628141 0
829522 0
854489 0
643686 0
640484 0
628154 1
636472 0
648735 0
871080 0
553491 0
845114 0
601386 0
727912 0
770632 0
646739 1
805709 0
804037 0
664141 0
528440 1
636955 0
984406 0
849552 1
575745 0
874387 0
915527 0
645412 1
725964 1
686317 1
568765 0
965453 1
992003 0
956581 0
964833 0
670678 1
569761 0
737421 0
588517 0
972155 1
742854 1
577627 0
719989 1
575069 0
898480 0
601817 1
722500 0
523340 0
957135 1
650633 0
597718 1
947526 0
813866 1
730089 0
918841 1
621555 1
671794 0
891139 1
995540 0
560241 0
932637 1
897815 0
564574 1
856228 1
970142 1
639540 1
530095 0
546280 0
937532 1
862482 1
575159 1
866430 0
699431 0
927167 1
586901 0
762236 1
593358 0
532881 1
556806 1
597297 0
538652 0
594570 0
530960 1
655772 1
735799 0
969244 0
520367 1
504859 0
627335 0
613078 0
616920 0
736970 1
655869 0
733472 0
942391 1
760976 1
995372 0
538296 0
913262 1
959667 0
703085 1
687314 0
552735 0
505907 1
972328 1
674967 0
745641 0
970344 0
612375 1
805916 0
735622 0
825033 1
873799 1
907468 1
746756 0
974963 0
678416 1
645936 0
929521 0
501402 1
682378 1
947225 0
956901 0
625078 1
618895 0
848575 1
805138 0
619819 1
732255 1
598181 0
564198 0
658026 1
702398 0
919316 1
508108 1
902897 1
701802 1
668977 1
556225 1
937051 1
514943 1
745988 1
982630 1
615510 1
564066 1
943073 1
792745 1
676257 1
775978 1
844320 1
791745 1
736938 1
508951 1
888179 1
505544 1
769824 1
835785 1
975321 1
665116 1
569781 1
528055 1
632695 1
707534 1
727154 1
564441 1
668571 1
564696 1
891058 1
720026 1
620658 1
520701 1
939753 1
881265 1
838865 1
516154 1
721202 1
822318 1
724523 1
509327 1
725349 1
794676 1
540280 1
923748 1
586410 1
968393 1
745473 1
973296 1
954320 1
915474 1
862290 1
743343 1
992120 1
775022 1
700216 1
985413 1
506387 1
689329 1
870487 1
775234 1
517719 1
951773 1
891889 1
804653 1
631832 1
850979 1
681757 1
866650 1
567712 1
544515 1
582397 1
875616 1
563723 1
586694 1
536580 1
630462 1
637180 1
790582 1
833086 1
610515 1
631210 1
886425 1
999934 1
908782 1
687939 1
914340 1
820459 1
672940 1
959903 1
789650 1
566764 1
942970 1
985123 1
619699 1
605174 1
936320 1
915475 1
541153 1
970052 1
508977 1
774795 1
902573 1
752692 1
788597 1
779001 1
956221 1
920539 1
643373 1
641241 1
790259 1
546263 1
559127 1
770422 1
630006 1
526309 1
907436 1
768767 1
830774 1
849264 1
707292 1
867790 1
632505 1
997026 1
893374 1
745952 1
786459 1
600615 1
705969 1
639967 1
712814 1
676273 1
607524 1
714436 1
810198 1
671558 1
738585 1
804079 1
609114 1
880663 1
663061 1
555102 1
675637 1
640914 1
873896 1
706061 1
870527 1
514421 1
565440 1
611823 1
833898 1
965474 1
535325 1
821456 1
522587 1
842515 1
934002 1
944644 1
847026 1
854010 1
514053 1
621764 1
949214 1
932390 1
817414 1
792872 1
700655 1
676682 1
850560 1
732437 1
822928 1
773951 1
555527 1
701082 1
569787 1
614846 1
656342 1
531136 1
937707 1
881583 1
756391 1
952990 1
841528 1
689042 1
529864 1
761307 1
691722 1
947446 1
810312 1
527057 1
988139 1
937738 1
968451 1
521919 1
519558 1
579191 1
953406 1
898513 1
677140 1
564394 1
536798 1
928364 1
627493 1
844593 1
810000 1
658671 1
531426 1
876145 1
832779 1
623468 1
790676 1
800070 1
941475 1
906649 1
513035 1
683223 1
779209 1
995608 1
980371 1
994402 1
732704 1
828296 1
908016 1
908480 1
904895 1
838119 1
843057 1
901581 1
791282 1
990242 1
798556 1
979335 1
750682 1
864805 1
910611 1
952402 1
685269 1
823618 1
609769 1
754222 1
786903 1
951557 1
683193 1
723330 1
908330 1
835021 1
827021 1
962656 1
704359 1
727529 1
719519 1
832659 1
806644 1
916068 1
835308 1
802621 1
931777 1
866830 1
586874 1
537699 1
686652 1
864763 1
968676 1
980927 1
541949 1
835915 1
755257 1
749721 1
856035 1
841195 1
985144 1
856702 1
805452 1
713757 1
867359 1
890449 1
529372 1
801156 1
687112 1
824983 1
644333 1
720537 1
634437 1
671748 1
600353 1
936962 1
547361 1
815968 1
886943 1
741210 1
536833 1
573596 1
591721 1
641576 1
860191 1
875097 1
757990 1
831796 1
701885 1
807890 1
594506 1
589650 1
796972 1
821077 1
913188 1
945576 1
881577 1
800422 1
942585 1
671098 1
909918 1
937367 1
670347 1
968773 1
625590 1
805673 1
980195 1
533425 1
596897 1
569229 1
986299 1
630277 1
585296 1
821627 1
924702 1
862135 1
531711 1
630896 1
835460 1
573424 1
817428 1
520806 1
989122 1
702022 1
679936 1
803388 1
958408 1
701592 1
599785 1
561196 1
988727 1
650071 1
667015 1
842094 1
947953 1
884923 1
926651 1
553623 1
854430 1
794425 1
926794 1
700258 1
665785 1
991010 1
886928 1
692471 1
631725 1
822797 1
704338 1
535421 1
555085 1
755624 1
877296 1
743180 1
678964 1
828132 1
503770 1
979410 1
842122 1
955525 1
781074 1
579571 1
663512 1
868529 1
935501 1
629598 1
840144 1
606783 1
853008 1
502065 1
564491 1
609816 1
581519 1
661537 1
971388 1
866712 1
687832 1
760981 1
806248 1
914207 1
644401 1
649738 1
695349 1
874478 1
706214 1
640497 1
733659 1
902787 1
672653 1
900676 1
792107 1
872525 1
607980 1
826184 1
969822 1
837814 1
785728 1
878084 1
803587 1
658104 1
851335 1
635288 1
863622 1
807840 1
863734 1
645692 1
617897 1
741685 1
720157 1
990632 1
989922 1
750847 1
826689 1
578332 1
725142 1
938623 1
741100 1
882498 1
841268 1
676011 1
754501 1
651537 1
572040 1
647978 1
647461 1
738398 1
806894 1
923485 1
676403 1
762295 1
988947 1
730795 1
828734 1
666477 1
573993 1
534958 1
583382 1
508909 1
679860 1
941006 1
825174 1
691811 1
970993 1
936626 1
869038 1
796427 1
836845 1
601525 1
887779 1
795629 1
903484 1
993431 1
512791 1
694611 1
814432 1
522100 1
662892 1
971460 1
981117 1
934398 1
540214 1
738086 1
674726 1
589827 1
909326 1
552028 1
958557 1
999255 1
939135 1
851740 1
852756 1
757226 1
706619 1
932173 1
890608 1
504191 1
666240 1
958803 1
544895 1
504197 1
767893 1
803313 1
715485 1
793359 1
939111 1
771873 1
547424 1
900526 1
891308 1
723294 1
546526 1
702479 1
767332 1
803762 1
796947 1
884561 1
726812 1
649576 1
719395 1
754466 1
917415 1
819701 1
809988 1
975877 1
502527 1
774880 1
764095 1
739464 1
717582 1
946552 1
877037 1
897244 1
573911 1
889786 1
632073 1
800519 1
792421 1
712270 1
541041 1
597407 1
988767 1
574850 1
689153 1
744135 1
924160 1
979349 1
718199 1
859780 1
716312 1
645860 1
835291 1
843289 1
746755 1
574331 1
991063 1
700408 1
833063 1
737182 1
677985 1
665342 1
769796 1
510159 1
897375 1
533418 1
789051 1
889415 1
668337 1
896816 1
833097 1
990436 1
727660 1
598529 1
883435 1
761711 1
897140 1
696204 1
717138 1
538389 1
769514 1
946578 1
633128 1
686591 1
989702 1
635751 1
749803 1
635529 1
893001 1
505945 1
539690 1
662621 1
669254 1
610251 1
520498 1
980814 1
984146 1
622087 1
854779 1
909779 1
534874 1
854231 1
948782 1
732374 1
829752 1
820475 1
926717 1
714572 1
885676 1
803739 1
920577 1
669250 1
511723 1
970524 1
761210 1
919170 1
918039 1
998683 1
512409 1
589652 1
711636 1
833062 1
573516 1
763667 1
932252 1
844697 1
664655 1
815788 1
581254 1
976175 1
811570 1
840352 1
695412 1
610410 1
735017 1
906906 1
570915 1
708630 1
530560 1
801393 1
910356 1
690884 1
801279 1
974474 1
689996 1
620510 1
650171 1
916478 1
936298 1
705644 1
874719 1
815162 1
842515 1
822273 1
704879 1
598419 1
982437 1
934397 1
780122 1
574839 1
881846 1
866900 1
773658 1
983935 1
949369 1
679860 1
553868 1
661671 1
693565 1
827451 1
801620 1
972736 1
599005 1
759676 1
992385 1
882632 1
513297 1
538236 1
598493 1
900569 1
755582 1
585877 1
921731 1
827552 1
958585 1
985923 1
657937 1
828661 1
501390 1
512192 1
607947 1
990950 1
922173 1
666292 1
851822 1
620322 1
925857 1
737913 1
854731 1
621678 1
512321 1
971970 1
750820 1
521399 1
928090 1
563983 1
782377 1
534790 1
570593 1
937613 1
891405 1
981371 1
887045 1
937543 1
801438 1
733525 1
798821 1
520582 1
631443 1
522725 1
783926 1
806450 1
992566 1
693823 1
706108 1
915952 1
998787 1
637071 1
984068 1
743425 1
818502 1
523362 1
533225 1
891036 1
896197 1
784381 1
808940 1
730785 1
783463 1
795093 1
556104 1
701168 1
656912 1
584044 1
938011 1
933720 1
994172 1
632711 1
836437 1
669201 1
806842 1
862734 1
803295 1
575352 1
687674 1
581716 1
892635 1
738391 1
510852 1
620858 1
818802 1
797736 1
660541 1
969048 1
715034 1
707705 1
626930 1
592404 1
858927 1
795022 1
561049 1
930381 1
851387 1
702476 1
548768 1
878253 1
599657 1
564502 1
553721 1
872551 1
580145 1
535542 1
835211 1
959012 1
580554 1
604794 1
685510 1
755667 1
955225 1
753500 1
708506 1
990880 1
617407 1
763986 1
874009 1
834915 1
825750 1
740961 1
659470 1
971400 1
554234 1
507517 1
536837 1
655595 1
544992 1
674524 1
754018 1
750072 1
643053 1
738858 1
911720 1
897872 1
741341 1
827534 1
617129 1
977140 1
814241 1
616372 1
514782 1
937536 1
887065 1
800889 1
844931 1
531430 1
538995 1
778595 1
718963 1
700281 1
665276 1
667861 1
699847 1
764849 1
628089 1
811944 1
991791 1
938919 1
871551 1
999525 1
912395 1
946429 1
761302 1
889426 1
868294 1
850271 1
573523 1
897260 1
928034 1
660616 1
757064 1
662909 1
570964 1
709570 1
947599 1
980512 1
587518 1
508025 1
698004 1
872199 1
557622 1
858770 1
611264 1
629830 1
617537 1
603552 1
688070 1
603723 1
593479 1
575915 1
804920 1
926556 1
798627 1
584648 1
799152 1
749698 1
942177 1
692175 1
657572 1
801697 1
983208 1
554154 1
829133 1
666567 1
989365 1
726694 1
516065 1
812430 1
987508 1
875450 1
721982 1
594172 1
561588 1
638251 1
957851 1
855496 1
838845 1
980257 1
719253 1
874262 1
706174 1
674778 1
908814 1
771713 1
737685 1
815147 1
855772 1
953751 1
933912 1
969746 1
545884 1
548381 1
865555 1
600006 1
673948 1
944073 1
595734 1
951449 1
899210 1
576766 1
688551 1
908837 1
890461 1
633256 1
576616 1
968593 1
934853 1
623563 1
573574 1
973386 1
701626 1
525946 1
741643 1
874378 1
679573 1
997193 1
591787 1
628332 1
670823 1
725279 1
752621 1
682605 1
536305 1
648413 1
860847 1
524954 1
568568 1
756218 1
621624 1
716366 1
611219 1
763605 1
749076 1
607994 1
590609 1
580661 1
745680 1
798824 1
971523 1
552325 1
975575 1
525844 1
698179 1
997765 1
670848 1
706943 1
970950 1
803872 1
686325 1
740336 1
738730 1
662523 1
938419 1
906379 1
764216 1
662796 1
805968 1
578713 1
557405 1
991902 1
540949 1
727916 1
726576 1
965201 1
982997 1
965276 1
807011 1
809499 1
852009 1
738551 1
867876 1
816125 1
761646 1
887331 1
626602 1
775908 1
645558 1
894564 1
999872 1
571019 1
708349 1
632390 1
553085 1
513272 1
