993 994
740599 1
617688 1
999976 1
596215 1
758640 1
504960 1
917418 1
721974 1
899823 1
997917 1
579382 1
635999 1
562376 1
757131 1
912068 1
981586 1
959714 1
821962 1
698096 1
516776 1
785546 1
826784 1
746054 1
921739 1
875069 1
650913 1
707854 1
839980 1
807014 1
589291 1
609532 1
873928 1
802620 1
651425 1
972780 1
885175 1
924764 1
810713 1
632504 1
870297 1
918620 1
744666 1
719402 1
536212 1
668786 1
524343 1
903498 1
918096 1
745184 1
785794 1
839507 1
706584 1
678220 1
911201 1
747190 1
694987 1
513377 1
622970 1
938798 1
590076 1
657912 1
958336 1
570518 1
919436 1
905401 1
507659 1
684502 1
890587 1
614941 1
959987 1
739307 1
746715 1
521322 1
914268 1
828197 1
628558 1
814662 1
906572 1
656152 1
637595 1
978157 1
928612 1
797695 1
797846 1
875695 1
647779 1
570529 1
585833 1
782045 1
627048 1
635436 1
854798 1
755060 1
789171 1
600615 1
841768 1
701419 1
875045 1
993653 1
953063 1
953114 1
873272 1
989985 1
628461 1
504347 1
774672 1
987509 1
705681 1
669787 1
786028 1
697709 1
546932 1
709649 1
995947 1
648230 1
625705 1
979226 1
909223 1
957787 1
805082 1
954293 1
963653 1
690382 1
603499 1
934494 1
756490 1
722478 1
669052 1
523958 1
809195 1
960026 1
754827 1
696941 1
758097 1
694720 1
725540 1
743197 1
826272 1
977426 1
564071 1
562716 1
719547 1
795583 1
596694 1
661881 1
817692 1
746296 1
773288 1
866359 1
961502 1
991091 1
767385 1
662629 1
891202 1
744657 1
513239 1
896226 1
856107 1
759326 1
836137 1
952154 1
645169 1
647843 1
955923 1
669639 1
517009 1
610430 1
911336 1
643471 1
614679 1
795737 1
769408 1
800160 1
782938 1
989839 1
816867 1
839513 1
517498 1
637679 1
752280 1
983428 1
566019 1
872560 1
762711 1
562676 1
882190 1
828974 1
985534 1
566908 1
939900 1
779892 1
965418 1
673834 1
724816 1
532300 1
738397 1
746285 1
885830 1
549867 1
642888 1
984860 1
742948 1
559454 1
761814 1
674343 1
883083 1
507903 1
533054 1
872292 1
695560 1
820292 1
618849 1
582991 1
751545 1
993493 1
589801 1
943124 1
996568 1
724806 1
609339 1
639474 1
886399 1
598819 1
593427 1
638128 1
749026 1
594922 1
697831 1
984949 1
846747 1
944661 1
987360 1
837586 1
804994 1
994478 1
526872 1
916009 1
778965 1
575237 1
647888 1
823122 1
797431 1
520726 1
980941 1
505941 1
614041 1
699213 1
916204 1
761535 1
857322 1
676408 1
800698 1
677580 1
964998 1
880667 1
688350 1
862664 1
645674 1
753255 1
552320 1
584393 1
874877 1
650974 1
801000 1
622658 1
929941 1
953260 1
999305 1
881673 1
519920 1
912626 1
639446 1
587470 1
640251 1
562221 1
913173 1
966304 1
539521 1
973356 1
916078 1
792431 1
724041 1
943903 1
763375 1
847293 1
749669 1
508351 1
802431 1
865075 1
923439 1
512241 1
968052 1
735091 1
803618 1
712925 1
589850 1
579821 1
707894 1
708157 1
930965 1
779370 1
745205 1
980612 1
976824 1
511330 1
868329 1
709816 1
528057 1
699494 1
643172 1
918770 1
570307 1
621576 1
532982 1
995694 1
655727 1
935410 1
596736 1
851669 1
963744 1
754908 1
657912 1
988282 1
719571 1
599986 1
958817 1
716237 1
502853 1
856388 1
773615 1
716538 1
835593 1
944233 1
818162 1
504974 1
789472 1
668715 1
595209 1
574257 1
887628 1
601952 1
513037 1
946740 1
799555 1
561284 1
870373 1
925850 1
735911 1
568597 1
831049 1
541509 1
860225 1
965781 1
944465 1
880091 1
668660 1
534691 1
583345 1
734608 1
752255 1
609893 1
743668 1
626560 1
726526 1
973633 1
782410 1
771901 1
718838 1
750112 1
976267 1
960508 1
828763 1
857629 1
700928 1
938599 1
770550 1
810913 1
903781 1
531501 1
887976 1
634497 1
980759 1
784669 1
689190 1
536095 1
786269 1
780664 1
576057 1
859935 1
532119 1
817108 1
977232 1
502532 1
721395 1
811036 1
999906 1
961326 1
856973 1
634634 1
944842 1
592277 1
583883 1
914627 1
858659 1
547666 1
550556 1
612285 1
894736 1
629718 1
539388 1
956429 1
619623 1
692293 1
850620 1
821309 1
732594 1
885740 1
624297 1
802275 1
794673 1
517988 1
565290 1
581496 1
851373 1
858542 1
784579 1
870705 1
553432 1
704089 1
786451 1
789473 1
900668 1
812865 1
696184 1
953647 1
816721 1
812901 1
779156 1
966799 1
888372 1
741256 1
558998 1
718475 1
633422 1
547077 1
886763 1
617864 1
987971 1
507335 1
681121 1
629314 1
524939 1
997648 1
823835 1
539102 1
606541 1
527118 1
740804 1
563962 1
868232 1
695412 1
543172 1
741358 1
755462 1
754566 1
711911 1
534791 1
922959 1
537627 1
639746 1
551030 1
948092 1
780128 1
842428 1
686489 1
899715 1
790742 1
838352 1
888139 1
738040 1
841336 1
656688 1
675224 1
552672 1
938897 1
892008 1
785784 1
730165 1
771801 1
864994 1
648934 1
913580 1
606704 1
830974 1
585315 1
690621 1
565224 1
845146 1
630533 1
774768 1
967734 1
692647 1
565626 1
569126 1
950801 1
556007 1
683798 1
721134 1
578510 1
718171 1
594854 1
627504 1
628678 1
856294 1
765828 1
633560 1
893559 1
616859 1
912382 1
942533 1
572645 1
897587 1
640804 1
638146 1
689299 1
839740 1
500167 1
788413 1
664211 1
899665 1
650849 1
504535 1
926087 1
621525 1
669336 1
726497 1
721732 1
532166 1
985233 1
931619 1
627924 1
926268 1
881626 1
883935 1
935607 1
601909 1
909224 1
533386 1
926524 1
979921 1
996837 1
569522 1
517579 1
639243 1
928430 1
576623 1
588983 1
555392 1
645096 1
881500 1
718455 1
899940 1
848362 1
910762 1
785076 1
881021 1
619956 1
805537 1
658260 1
905577 1
595739 1
931879 1
527572 1
741086 1
927390 1
611020 1
768853 1
951530 1
648201 1
916340 1
818485 1
801239 1
960731 1
972824 1
637745 1
663529 1
775209 1
800337 1
672770 1
933576 1
634592 1
615902 1
569653 1
886354 1
621878 1
733906 1
661566 1
785750 1
764148 1
554412 1
653152 1
796780 1
993081 1
673037 1
671519 1
590774 1
535269 1
543703 1
503085 1
741323 1
616119 1
925747 1
721606 1
817949 1
605363 1
652785 1
679367 1
860502 1
656972 1
620030 1
527269 1
883928 1
699865 1
837167 1
872707 1
534702 1
907343 1
572783 1
526786 1
934499 1
692440 1
864138 1
651564 1
728759 1
918016 1
834989 1
878031 1
703901 1
853994 1
777600 1
791316 1
589584 1
971971 1
881853 1
998471 1
537595 1
756571 1
713810 1
527587 1
504632 1
654375 1
568923 1
790352 1
593210 1
782929 1
844112 1
626790 1
861340 1
610275 1
864452 1
519475 1
780752 1
920690 1
621425 1
891053 1
534620 1
867995 1
581395 1
795471 1
771723 1
675781 1
988834 1
883899 1
643175 1
660084 1
988725 1
742208 1
605283 1
927424 1
642900 1
600557 1
794154 1
798482 1
531945 1
966539 1
772399 1
622619 1
505208 1
751396 1
658157 1
616857 1
743116 1
693563 1
531105 1
625286 1
784245 1
918047 1
874309 1
938085 1
946197 1
507710 1
659284 1
845389 1
849731 1
851431 1
619734 1
659515 1
871295 1
690350 1
739100 1
757984 1
616725 1
907662 1
680436 1
918260 1
920927 1
548056 1
978515 1
893789 1
529171 1
911688 1
918367 1
587602 1
777229 1
565748 1
848974 1
581093 1
951019 1
647588 1
699262 1
956445 1
656519 1
654336 1
824704 1
614040 1
575201 1
740612 1
578265 1
878256 1
935227 1
894815 1
840380 1
890867 1
703994 1
864553 1
504002 1
748836 1
740842 1
522032 1
669450 1
926897 1
583638 1
922172 1
769753 1
704851 1
603815 1
923833 1
840417 1
587391 1
815017 1
962723 1
564266 1
849700 1
756090 1
711608 1
536833 1
932539 1
661558 1
675599 1
734586 1
992413 1
866684 1
805992 1
829160 1
770631 1
837390 1
627429 1
654130 1
739354 1
539882 1
905563 1
523411 1
555096 1
914179 1
731507 1
805702 1
513642 1
680888 1
889046 1
585358 1
535174 1
606189 1
839195 1
542690 1
677300 1
958199 1
530873 1
847832 1
962078 1
751171 1
985664 1
880335 1
611222 1
568964 1
987684 1
782174 1
689727 1
720174 1
587804 1
798872 1
592077 1
703686 1
615919 1
526859 1
671523 1
527733 1
746376 1
960387 1
826172 1
662122 1
712556 1
605479 1
766665 1
684824 1
951660 1
859486 1
738061 1
910652 1
529501 1
586053 1
912968 1
993740 1
760903 1
731899 1
936470 1
805921 1
750253 1
846468 1
825163 1
931818 1
733645 1
943511 1
775757 1
525329 1
612844 1
733976 1
612900 1
958680 1
762965 1
512263 1
602545 1
858501 1
639359 1
601266 1
973881 1
525218 1
866675 1
621401 1
868020 1
593473 1
745673 1
602528 1
534686 1
999387 1
874089 1
982375 1
640751 1
631966 1
768400 1
870603 1
633446 1
956314 1
796500 1
984514 1
675963 1
821884 1
638523 1
633304 1
550418 1
650657 1
928392 1
785133 1
747475 1
693041 1
833069 1
741461 1
881971 1
670560 1
782519 1
611778 1
776331 1
794819 1
693335 1
503636 1
786148 1
538779 1
904275 1
547019 1
524708 1
831581 1
550155 1
784311 1
743321 1
621832 1
941687 1
553263 1
525750 1
609144 1
876809 1
918420 1
773034 1
664492 1
516505 1
544398 1
958121 1
916576 1
923166 1
549111 1
873873 1
705780 1
653231 1
768378 1
557368 1
987829 1
564981 1
657129 1
660565 1
892911 1
698465 1
934790 1
735581 1
686167 1
996733 1
957525 1
816650 1
612254 1
674131 1
781173 1
924377 1
699723 1
568258 1
565603 1
982014 1
619764 1
980893 1
601990 1
501560 1
666759 1
774775 1
522289 1
672460 1
955382 1
578562 1
731746 1
788493 1
814586 1
940475 1
980928 1
502475 1
804582 1
680159 1
513057 1
740782 1
689529 1
634411 1
600973 1
606175 1
866913 1
843205 1
744584 1
816020 1
903013 1
888144 1
980189 1
645499 1
664653 1
906414 1
682453 1
625301 1
914966 1
922428 1
881100 1
908348 1
894110 1
837416 1
873028 1
767217 1
705568 1
997848 1
700333 1
559510 1
606976 1
710595 1
646149 1
760288 1
727657 1
903456 1
760442 1
700719 1
715212 1
779917 1
507210 1
525791 1
578439 1
999560 1
797180 1
985964 1
967451 1
503282 1
801506 1
892674 1
862139 1
956176 1
646908 1
637175 1
764249 1
827140 1
525073 1
510608 1
586319 1
765822 1
668908 1
554519 1
749250 1
879504 1
597371 1
550771 1
986243 1
855663 1
828510 1
915898 1
918216 1
785419 1
669911 1
633118 1
886199 1
753456 1
614443 1
801026 1
737993 1
756934 1
619604 1
806400 1
568834 1
673370 1
901553 1
829123 1
717900 1
703732 1
801429 1
875790 1
572135 1
926091 1
799058 1
782004 1
643631 1
835882 1
720162 1
998300 1
622269 1
976524 1
857683 1
723289 1
597920 1
639349 1
614394 1
764253 1
750244 1
626558 1
964292 1
544572 1
633457 1
660701 1
574177 1
992205 1
895486 1
934143 1
948737 1
941129 1
544914 1
760098 1
952705 1
742922 1
958801 1
991296 1
873488 1
542319 1
779895 1
985576 1
847004 1
620703 1
746385 1
563614 1
572433 1
849594 1
533841 1
905670 1
627190 1
991211 1
788185 1
821897 1
594321 1
566822 1
675640 1
788775 1
514887 1
567626 1
763424 1
776409 1
747232 1
704497 1
627194 1
676130 1
931611 1
966905 1
544109 1
639357 1
741089 1
524215 1
959734 1
917133 1
903637 1
615092 1
898778 1
871166 1
920248 1
535462 1
806180 1
898852 1
927712 1
628127 1
704031 1
837894 1
745115 1
686989 1
722713 1
999009 1
865056 1
726282 1
687432 1
845284 1
587036 1
606090 1
810793 1
935451 1
740092 1
627213 1
773727 1
917157 1
633386 1
786230 1
931578 1
982443 1
948929 1
981863 1
766236 1
643448 1
725914 1
874227 1
560923 1
805158 1
609512 1
881188 1
886214 1
982968 1
577620 1
693610 1
715437 1
997024 1
662921 1
713586 1
618178 1
791122 1
760471 1
868409 1
596407 1
830956 1
868253 1
760602 1
594652 1
593415 1
524995 1
900894 1
500597 1
869301 1
978246 1
722123 1
984573 1
732015 1
981756 1
597232 1
789108 1
860662 1
539073 1
943897 1
597480 1
941624 1
774669 1
743448 1
592807 1
706548 1
779274 1
847225 1
639858 1
514083 1
599114 1
526793 1
522583 1
595418 1
782539 1
827107 1
964823 1
846232 1
852217 1
958119 1
603477 1
631692 1
917687 1
974295 1
851430 1
709621 1
630145 1
543019 1
738128 1
689865 1
908231 1
702409 1
504766 1
554621 1
558599 1
690329 1
800984 1
504228 1
844874 1
544396 1
773256 1
601557 1
725192 1
986909 1
907406 1
685662 1
504343 1
909674 1
966209 1
660478 1
991604 1
835782 1
862125 1
538807 1
684924 1
530358 1
558828 1
795084 1
869466 1
886038 1
979204 1
642290 1
739509 1
740715 1
539495 1
509045 1
555285 1
527117 1
798546 1
794862 1
752924 1
603637 1
703233 1
705023 1
650089 1
777584 1
531019 1
636738 1
934570 1
690767 1
835984 1
825441 1
802715 1
596182 1
865125 1
707094 1
655223 1
936249 1
579509 1
989098 1
669756 1
988922 1
647058 1
616792 1
933448 1
965146 1
534589 1
703387 1
850470 1
667119 1
686786 1
533729 1
915243 1
658513 1
836747 1
599181 1
957752 1
571594 1
689808 1
616812 1
852779 1
815890 1
602513 1
544949 1
994284 1
651448 1
776408 1
764254 1
693544 1
814088 1
674674 1
558512 1
990056 1
957167 1
848360 1
505484 1
635351 1
951045 1
972847 1
645323 1
733307 1
517094 1
829004 1
850520 1
847150 1
777764 1
924997 1
525114 1
909637 1
837593 1
517427 1
630934 1
820114 1
782690 1
634743 1
546568 1
842403 1
651678 1
984692 1
601010 1
549746 1
950597 1
827427 1
808563 1
643018 1
761065 1
571915 1
540434 1
944512 1
951257 1
714035 1
950876 1
973301 1
824723 1
551361 1
958371 1
723747 1
567405 1
720567 1
534251 1
956851 1
521332 1
945530 1
644909 1
858739 1
789257 1
668169 1
800409 1
881722 1
527094 1
513756 1
616355 1
826411 1
618220 1
510646 1
762969 1
744591 1
645995 1
589503 1
564921 1
853677 1
788130 1
885955 1
806869 1
828808 1
531067 1
531818 1
569685 1
632390 1
893789 1
589783 1
622376 1
823296 1
604049 1
747221 1
992604 1
546367 1
861901 1
536277 1
932768 1
854632 1
985998 1
606641 1
579606 1
647614 1
611076 1
690603 1
879768 1
782483 1
870163 1
720404 1
920532 1
694651 1
948179 1
805323 1
960109 1
935841 1
508388 1
554824 1
820220 1
913147 1
754031 1
906968 1
739758 1
584004 1
734573 1
920957 1
502911 1
520328 1
816214 1
593202 1
591460 1
934146 1
633814 1
527138 1
909829 1
849684 1
676407 1
793450 1
594085 1
725025 1
700026 1
865609 1
962267 1
964693 1
615107 1
780382 1
853559 1
893600 1
725382 1
608218 1
539794 1
632031 1
610250 1
833186 1
691174 1
602850 1
539262 1
691514 1
926135 1
980506 1
536049 1
885633 1
961679 1
839839 1
707969 1
683262 1
780894 1
579484 1
666580 1
894916 1
864470 1
626829 1
970829 1
565227 1
621762 1
689882 1
566205 1
745741 1
770561 1
586918 1
665410 1
995270 1
903093 1
745452 1
630156 1
998165 1
992672 1
635099 1
986766 1
745523 1
725120 1
557800 1
720282 1
720781 1
527329 1
894505 1
567527 1
820819 1
678132 1
727364 1
713769 1
748559 1
747367 1
593004 1
900917 1
718393 1
501412 1
546763 1
955135 1
630662 1
785829 1
722156 1
768609 1
752739 1
505160 1
762263 1
747432 1
514177 1
795819 1
937089 1
630951 1
835040 1
535263 1
905540 1
704868 1
625440 1
961284 1
672430 1
556894 1
982480 1
808716 1
818993 1
818524 1
624999 1
735943 1
501213 1
535027 1
526550 1
536337 1
908168 1
639686 1
577814 1
809602 1
581039 1
730458 1
510301 1
768705 1
569928 1
906911 1
917618 1
690262 1
846717 1
669625 1
687452 1
745163 1
974430 1
777573 1
528399 1
669891 1
636803 1
729048 1
832291 1
916308 1
894448 1
633506 1
774982 1
565447 1
520421 1
933837 1
603919 1
930246 1
714048 1
606799 1
525055 1
788656 1
539810 1
903502 1
850521 1
909788 1
948811 1
822869 1
929761 1
864395 1
551547 1
724329 1
711252 1
747066 1
792824 1
767928 1
963958 1
564643 1
747846 1
851990 1
937150 1
658492 1
827465 1
526740 1
896245 1
829007 1
814165 1
821780 1
958872 1
683002 1
914188 1
728294 1
978830 1
535494 1
847286 1
515224 1
507723 1
503423 1
943302 1
898839 1
849703 1
960667 1
563629 1
696997 1
693051 1
591503 1
648619 1
891731 1
692243 1
699129 1
946673 1
854075 1
753128 1
571089 1
847191 1
905009 1
650581 1
907765 1
821902 1
517602 1
588634 1
639324 1
563906 1
686021 1
818741 1
816512 1
942884 1
855269 1
720860 1
950292 1
964824 1
780365 1
937760 1
946539 1
739747 1
538953 1
986051 1
671107 1
545452 1
867426 1
901693 1
638491 1
840983 1
867514 1
511245 1
566195 1
515500 1
514001 1
861085 1
568182 1
915660 1
692000 1
549640 1
922676 1
809085 1
994576 1
953973 1
875751 1
799661 1
613824 1
624772 1
701709 1
532210 1
902950 1
819655 1
559782 1
575890 1
535347 1
959152 1
893935 1
754418 1
659973 1
681287 1
526306 1
544647 1
642483 1
773202 1
634732 1
565085 1
681105 1
772837 1
808402 1
920353 1
954171 1
839123 1
874850 1
905179 1
875442 1
589681 1
555362 1
700562 1
737905 1
566661 1
788588 1
715418 1
529936 1
661777 1
643474 1
952893 1
915049 1
884664 1
782822 1
937069 1
639919 1
532730 1
658844 1
888883 1
792055 1
643776 1
979112 1
968208 1
683618 1
822591 1
698465 1
817794 1
576481 1
675606 1
561947 1
686840 1
902933 1
681263 1
754498 1
527646 1
663103 1
844967 1
879336 1
504660 1
873241 1
848859 1
886286 1
546121 1
994325 1
829498 1
656696 1
807323 1
549776 1
506256 1
914263 1
990557 1
978882 1
954109 1
689779 1
909326 1
560051 1
613526 1
725004 1
579824 1
618890 1
928091 1
694443 1
887740 1
789914 1
741774 1
578388 1
998816 1
570071 1
869510 1
947751 1
773925 1
519270 1
987116 1
591836 1
959251 1
954276 1
948592 1
967774 1
833301 1
723476 1
753778 1
828736 1
570006 1
961354 1
891815 1
933638 1
874625 1
973372 1
500802 1
580586 1
502065 1
628190 1
613321 1
571910 1
928264 1
809805 1
804132 1
561038 1
925046 1
829588 1
814883 1
656488 1
509237 1
857275 1
597815 1
826907 1
782443 1
963947 1
716981 1
970674 1
630958 1
861808 1
972437 1
619545 1
803489 1
647167 1
676007 1
681005 1
609225 1
767658 1
896502 1
751632 1
601331 1
903320 1
800992 1
619958 1
948649 1
978108 1
988315 1
924726 1
821904 1
718910 1
508826 1
530756 1
569544 1
855601 1
552516 1
610396 1
563453 1
752911 1
940165 1
842382 1
794539 1
755608 1
870392 1
990726 1
612744 1
808041 1
583310 1
772991 1
546753 1
691181 1
832571 1
537444 1
716188 1
682091 1
753756 1
649331 1
924137 1
850628 1
898562 1
557112 1
758231 1
529551 1
918312 1
848071 1
509529 1
592070 1
869559 1
938923 1
668952 1
564280 1
730896 1
579227 1
610513 1
617918 1
591585 1
513716 1
676210 1
607558 1
593467 1
608956 1
707711 1
946548 1
706143 1
780031 1
562440 1
761117 1
642074 1
829122 1
670869 1
829033 1
999691 1
921059 1
896564 1
580013 1
749747 1
993709 1
648213 1
502038 1
764632 1
854440 1
993949 1
645423 1
685401 1
955226 1
839305 1
661106 1
586663 1
956015 1
580527 1
871655 1
713131 1
819019 1
750839 1
840678 1
651552 1
778291 1
718388 1
595313 1
944710 1
614000 1
666344 1
517141 1
693602 1
879785 1
706334 1
698891 1
676182 1
995451 1
854057 1
613035 1
863148 1
920250 1
963242 1
959765 1
734620 1
926150 1
773603 1
784932 1
729088 1
761372 1
909790 1
726975 1
574040 1
996785 1
668745 1
923039 1
990451 1
954292 1
892292 1
780956 1
714163 1
881649 1
504486 1
604640 1
904535 1
857019 1
525643 1
702513 1
722330 1
991807 1
685505 1
613986 1
767615 1
999976 1
711675 1
562848 1
747253 1
910495 1
645149 1
530900 1
840808 1
736956 1
550374 1
909665 1
927419 1
909565 1
555680 1
703678 1
