185 167
351581 0
218939 1
856030 0
27837 0
24257 1
435661 0
100399 0
571324 0
642951 1
477768 1
305699 1
657240 0
32559 1
937955 0
204554 0
867044 0
611918 1
818658 1
795012 0
650738 0
76864 1
427150 0
656262 1
782982 1
649226 0
982306 1
593338 1
140359 1
482053 0
898892 1
77295 0
101119 0
539339 1
941996 1
64862 1
248328 1
867749 0
854883 0
548545 1
33749 0
603839 0
81710 1
667277 0
704360 1
750734 1
610119 0
791456 1
194813 1
740557 0
828506 1
621749 0
794750 1
644301 1
872339 1
750830 0
824178 1
721941 0
853223 0
66843 0
132838 1
485386 1
438242 1
29037 0
388739 1
781469 0
495875 0
738898 0
581951 0
525612 0
654685 0
206459 1
983417 1
863717 0
28788 1
653087 1
620861 1
30214 0
423308 0
352681 0
889960 0
606893 0
280902 0
257229 0
521095 0
466878 1
389234 0
78492 0
405589 0
463574 1
212669 0
365202 1
645283 1
41614 1
411480 0
75036 1
332775 0
801057 1
400804 0
723219 1
458553 1
471724 1
341015 1
813665 1
862646 1
101880 1
567835 0
956664 1
965923 0
466922 1
317984 1
426588 1
381356 0
645467 0
608306 0
416811 0
137349 1
228826 1
437589 0
723120 0
933861 1
598482 1
939396 1
618274 0
115995 1
628122 0
355792 0
693014 0
994988 0
933835 1
594102 1
983964 1
851676 1
319218 1
741505 1
686360 0
406754 0
804657 0
434108 1
793513 0
989987 0
702689 1
777431 0
59374 0
340934 0
608363 0
498963 1
940318 1
218756 1
99081 0
120850 1
103258 1
459245 0
492980 0
353759 0
326458 1
834386 0
546154 1
171391 0
886399 0
249429 1
657270 0
55358 1
247959 0
326570 0
340809 0
172389 1
507509 1
489855 0
849397 1
877151 1
260580 0
152673 1
805378 0
652420 0
632352 1
199060 0
374697 0
15581 0
295111 1
384289 1
705967 1
514768 0
412407 1
960293 0
135603 1
73474 0
369883 0
688599 0
908273 1
488632 0
230728 0
801398 1
397147 1
919997 0
88062 1
401841 0
762767 1
822553 0
296566 0
231491 1
837277 1
791794 1
254023 0
233866 0
6168 0
639590 0
628365 0
806167 0
492499 1
784402 0
873772 1
230610 1
75514 1
232700 0
37270 0
829998 0
458315 1
632509 1
929624 0
827009 0
393242 0
644562 0
520979 0
331917 1
281 1
39007 1
286609 0
197844 1
135371 1
801516 1
614494 1
34359 0
777925 0
502915 0
799005 1
319529 1
131196 0
426852 1
589419 0
776314 0
831177 0
989592 0
380979 0
497015 1
356328 0
496394 0
122198 1
245475 1
683378 1
206330 1
649861 0
277970 0
683447 0
249502 1
334746 1
537152 0
968458 0
759624 0
162613 0
793402 0
615555 0
544967 1
53609 1
769081 1
332818 1
919321 1
982294 1
98455 0
686083 0
986942 1
648755 0
452535 0
781392 1
678996 1
166742 1
862746 0
760081 0
777392 1
503567 0
863901 0
571200 0
794250 0
620438 0
255326 0
536978 1
314667 1
478855 1
141251 1
137138 1
579161 1
919695 0
280836 0
845805 1
813 1
555001 1
805491 1
570636 1
81516 1
814054 1
173297 0
746283 1
723085 1
932300 0
421097 1
313304 0
784233 0
522636 1
347834 1
403086 0
92044 1
554192 1
745246 1
298240 1
430434 1
294504 0
630353 1
705866 1
334230 1
136224 1
600440 0
63949 0
232380 0
12381 0
442737 0
171606 1
193500 0
6402 1
932836 1
472705 0
662364 0
940841 1
32362 1
695565 0
909287 1
128061 1
824910 0
258570 1
107279 1
188574 1
407110 0
403137 1
124889 1
708333 0
830753 1
533003 0
906 0
796059 1
87010 1
460010 0
346182 1
191778 1
961959 1
