65 14
464231117 980773110 755467908 27887194 939473665 785855798 459324766 202914561 948474326 38427786 170479878 936436993 98403737 12293350 663211673 587487286 676885627 20762461 794432551 899051355 125415019 471054485 468304534 197940800 103082784 589012718 571659106 772755756 681131451 530870671 990447307 195098546 757485745 655749815 933252637 407508003 875225015 631114554 60271756 185533391 449328513 463082955 548943287 16650084 748395825 885348637 300100611 512679854 864727564 859969411 185527526 529310001 905488916 515836675 245208832 36943075 34610345 302708651 406018655 568972223 750868158 528872874 515552423 49813558 49508753 
330901091 247307339 214412081 969610030 644177110 373976422 425136793 376819330 616740943 780855872 256570351 517118773 173732900 668052665 375756901 851467112 341659137 662462298 719591773 561868385 361925907 383228258 435866618 471299841 600057627 968699493 642388890 807384347 923932488 48398598 87632132 808491771 6013328 318220852 31880313 973834076 743144179 595811404 491380265 620746935 822646287 595502794 153299824 661023834 230152390 517059008 594500953 529543948 24265897 312878055 473248382 309196784 294324785 595431910 552444180 800403462 722476050 338999894 837533223 2655447 85974560 676167570 660413922 160773004 122680560 
711772403 992715393 615626613 452233289 551210870 46786967 6457209 484858928 295292911 553305951 852654997 683548051 985695118 13176294 38867160 532289942 59611973 132694298 600917971 264717320 167843118 916668249 49443214 385340321 702129249 154308000 970231918 531454092 570499065 297202141 330954667 221538115 125607832 19023267 497919309 455453284 937096899 748313404 11430255 108566129 729167399 919697070 743730478 175928244 301568926 633918362 127050774 402522661 684251266 299463326 668854823 176348797 200167487 581367831 191668294 715347130 276930162 175146627 160778191 900189722 384601384 644635928 466823144 101888938 374400670 
717704063 235089877 34222287 306238237 149300991 789513295 6992224 917453051 315211970 92184469 576393980 969391726 722278666 282809369 163932738 302473312 745293795 612528588 61551029 515036857 232624464 770416650 528042270 214676124 419380536 777892147 527187368 330167735 535632347 517663100 255526146 474404155 54781060 276547740 586633926 252763512 406389190 239925643 992590519 414153435 134411891 272509621 406174948 284223090 553143955 83659558 930713011 375481234 367143707 840758089 451522653 841779135 425415799 964736328 772057938 999716994 333742758 68354420 124610466 824060772 943762565 881970555 752456449 92056170 256976245 
619341900 612545257 894347492 562141471 381271412 885308075 651425735 942401547 731384945 441359878 50874086 791450858 548943903 774042294 815322417 89423312 361558818 676346839 281927521 242521637 492616122 733653452 528235473 714057611 679687366 200972893 984348225 971514247 138581147 934705852 797338704 572239133 160453885 400077014 150786705 78986514 910209176 183168147 888502598 769076209 395764939 669587897 401367849 497984695 712904875 913668074 892512462 291062814 726318294 551106804 602111877 287493775 270932087 536473120 542295296 840031053 359208049 862205901 111079579 882304177 16143246 46777645 135794360 815225190 160456755 
5605588 869017403 580435622 496137663 340277195 834216443 98233389 653485615 405361982 22623063 612263847 353932235 868281120 18797997 962691553 889842881 562874561 116236742 42131357 266692350 840292298 479046984 309501061 802021850 983821167 463390866 657659052 691469350 870812150 660548376 535618888 206718766 827877586 236828840 125687963 668560996 489123106 109562946 747011012 213940903 47919135 802207310 999197844 171045 585312670 85531037 587121630 129729119 993154143 755136918 218018883 3536507 585078154 560496049 303832214 542087208 895059341 786725463 988011319 511812352 740999550 337784340 386465469 803686100 307006092 
405941674 463243495 732984714 304708907 644942661 285144545 243989979 438556090 985229605 146215512 198940695 23869139 567114456 774384371 397070742 814433306 58593090 917403447 980409055 568113534 944384039 736566082 981807089 117561412 238820627 707623851 779956923 4631037 218280868 927963083 547355875 201603377 194067218 930370388 968504552 835464042 694518226 860145307 621667546 597733261 602891033 589804702 906684100 717697759 91734426 379594144 808781939 301519869 483626243 337305772 643379265 959860515 127240905 633535585 146917114 502603001 683064222 42584658 448663523 333882613 999198165 329294372 536321871 508443651 479570808 
890807889 800029728 285829845 108230573 523378494 158760037 652312753 123983520 307035451 734170088 764967592 302002888 20500153 298777359 694593583 64239172 398706581 63771770 94931220 615167434 914753390 398777816 434853455 811719561 740248859 595717730 124816519 937385791 458148102 752385437 70566504 431964688 649630033 658814693 625970869 749161099 45647514 216261947 327182782 836300036 780224067 198340624 243484822 557867467 79378122 714527903 62840462 741552924 118005810 756676632 20261848 743731000 867288119 79494026 834032005 873734070 363114691 459892075 196383190 722363455 158371985 216531128 719196068 627987733 148551156 
256331862 267205391 248389434 503308013 557664491 678158734 505001331 317418647 565228123 193734350 821826296 796000120 376258130 496969164 980103632 370965210 752001001 405585782 483384294 864105116 489535325 385448961 467333126 812918803 191038642 187248433 928563288 132884351 601454332 536556927 260638602 430107535 546133811 706373748 236628798 358476559 236877858 756204058 329427089 242921919 613370086 391282439 898399013 131223495 232833875 738270327 945793579 844395060 365638263 951719644 286940687 387648006 254053873 732664297 900380926 696615766 825673324 419305488 136273410 141390226 418533631 624748392 831768228 712540611 471251757 
874539463 102824464 733757788 866307934 781332475 559820041 365349750 512512517 363027543 211307583 818003454 853972422 753813162 869412035 763212954 595368905 293911297 248307933 355793612 335520034 649443400 580555943 647169384 615466547 400491739 278603281 762709643 228664349 612701533 675166877 257709613 388556987 888106475 113846124 65871465 3023755 670700617 77637784 48914519 638293298 501498472 667411787 450296039 770154106 24722762 501452943 480091636 422074954 747886379 594447844 288514370 869090026 658078347 575535839 48067914 967777514 54715542 294606322 686360797 967902717 710786549 147044201 960622026 356565998 142751706 
73028596 82510270 614343135 93967084 6196033 17843941 217126936 192815191 124934588 99531013 219295389 47978900 963957479 369315468 370192498 990897489 688402272 696968098 983594158 681732381 734865409 863198281 397515047 671053793 200654042 434070971 98442125 106341783 552293441 594869544 532663400 58957054 70274955 986672324 146190073 580014673 514769017 651062501 221324921 10841958 840662228 277041302 776481803 330361762 4760692 422557594 708637745 510813303 534299109 563641262 816103802 15281215 641974427 19817463 435072937 491941638 99885636 388314255 371567167 781315067 193830709 139377296 524679888 792558213 459312157 
209415185 266226664 889837225 220177605 843189826 122977297 867282309 225367931 556040838 525562900 281538753 827834738 505274266 245109681 227092188 74860236 744766232 844676881 494000027 974024651 281150879 260015519 431689685 594212316 968350091 338081268 502128260 444438644 481019962 610310964 938387018 170088390 211857041 163408949 419437376 869776109 888979422 19937495 316299653 450585870 748661832 286264838 494289487 683498756 875081585 486150125 38471477 818446486 950185898 596783679 845961740 46895843 223545169 140436324 357269920 286031571 143976516 63684713 174863512 117846707 215086596 955822503 420145036 594448680 236461943 
945481389 199772145 579127887 139550248 709010206 952278622 533600065 764818501 487370134 154233097 666895344 990134726 371658288 483615719 813217542 173309533 839850527 78096815 659279884 47883239 420666735 796938114 931112924 380050639 372907421 269969088 728433352 720762330 290595996 154287422 325690971 561984245 426157067 116497628 960927716 909274150 966478169 195404425 127901685 101712724 692489715 787244023 784072205 531493750 503171657 695432989 240669310 855389209 245710105 992014850 487023522 557488039 482363672 281168551 142904858 517202125 889092966 967322070 111204525 154287683 282634385 568568258 877522659 133794465 699659713 
970834499 607730840 780425503 317489637 905042929 461154701 167078624 26023182 118714983 483188003 411785493 997486368 677515955 166084020 5400201 197813740 986411617 337363510 622601557 653205072 395226734 219068309 443107141 27887957 642846732 288516515 397867155 449856348 43961694 417491887 634695900 489745552 687500276 506077574 240978121 606761225 451060480 128036292 865153714 242803498 10453825 726790023 503758775 240490741 369805326 227330577 116376521 851859372 134990051 100549796 977549804 865697370 616627465 927030874 305952976 59760728 581542872 71613066 604312806 791887672 240750381 790546847 312549859 987262319 516046267 
865371864 340919192 855101280 670281967 492508223 532765404 381918784 419302956 771416226 98468496 819908274 184249997 598171139 936814449 248634559 241515980 761921971 490181054 655413707 739507524 331514014 186265010 187262696 698936019 316096690 705560003 800494606 770441488 709480756 48209229 54835669 562356191 125494210 394198746 354232124 249415451 596954614 56576561 432320989 668233285 417302413 559265590 312150369 267670639 477430731 329179152 459635854 25397102 936925301 862058524 715502934 768386543 138331856 183903423 632097682 665192251 9150234 287699978 490182546 428788865 386462645 532602022 50556298 99519035 140635628 
645059365 137574541 318760411 729068886 654797022 401989217 726879624 430547735 588985215 881579191 754247221 438577194 817135707 548638760 431525693 660627493 470439737 363079826 739675693 938940579 97905607 249007563 640644451 443434274 903891593 920779454 352678099 792064794 402830898 618246691 33188853 108721693 211027048 81845211 125213810 978441886 6241881 291140828 294797421 201513949 594291583 837036058 523554960 294205615 580986215 89076451 854684395 897468118 623382576 713854080 309432120 193489620 231497016 182652004 31062225 95851867 644122399 124866240 92377370 831920611 231686227 673168457 252935336 985935070 287196443 
909852656 935595055 939680389 614561035 211796082 305983240 294519406 274595112 85821885 527089610 145481965 243695982 487836368 555830634 678143709 119285542 686931289 876928312 225274497 649999979 25364505 779028841 893149589 728674164 30641800 224016187 440961855 606876197 68830254 628231641 419210897 450052133 652272784 309381199 497189688 635516424 385146013 746014827 623729883 297389939 253982474 227813986 190157060 812835868 892451299 305081923 192142804 727538518 613316554 367883197 642580093 504806268 93220792 29572262 933861837 487012252 420488018 575109958 212203770 109754406 208635501 370268781 472254500 866141105 340217024 
888327431 133622570 187063028 462124585 204391770 958515425 502328700 561048914 812142470 673096834 270930464 481396978 28012941 679798832 40708909 384857167 747951483 989568406 231130448 424655169 11393508 736261004 36326115 610255935 80228493 467544423 629585574 565341 299933430 713080868 915299205 975066993 279093655 666566185 543029958 867555330 546695694 621621022 847186956 433619261 873673402 153582645 434461312 312176375 764951130 281594147 953415051 477699340 429007494 642941838 833125458 312048464 503090955 786342220 202982522 471740517 476069715 549601866 140034374 743639763 263176487 808059926 264579901 59694759 986844621 
344149625 472388165 463122286 187074659 961371988 556358085 211205449 145316889 142698331 924004246 182673942 37633095 279359012 209509928 31438018 422334652 409061639 620166797 637840237 897417213 900988521 50573815 928138681 285777970 543414943 745032072 536636189 70064218 713525822 73261152 293409241 379051546 998507546 970343750 710377456 218300501 698455897 277079174 211063860 48605035 361787528 306192628 248262196 911871468 459633182 311045001 617902772 753336996 953490440 96552749 302596096 383027664 602572995 696743335 924961665 169855586 868917721 537738369 307943101 16015453 329494453 91343503 277561896 668997537 61054367 
276130922 456794977 940254056 506279909 896497483 894812704 216790579 625637775 680845014 394949351 523112591 719059552 572444496 879214303 25321505 444528163 179277034 53451942 804114922 786275994 294518962 507109750 689027999 588665737 302396926 137502850 674858940 15286767 997281999 893025936 969095847 1390011 720456997 510947731 331480523 668040644 135281143 584510189 139531144 36323675 703862637 997521354 533302275 616702906 481677483 59731307 974750757 660462128 703401008 53609953 516402136 553282438 936248095 192464939 368703351 199373193 915359311 173046190 582238359 850131083 209521008 740918103 121149527 56925159 993602472 
649468987 882068599 901359969 25661662 135685196 362996071 419016106 313521113 344056159 632569681 652224766 228999860 203953075 618257429 12298753 171038070 120495184 475564924 491401795 663491161 555101102 569181335 299515934 309815580 567599733 934409695 83709949 776304128 514519029 286211929 12955053 673261492 833536623 622164711 794115559 820873161 399974008 870747166 79704477 752964324 479263567 708256205 706336998 56345185 674920178 902660277 455409678 584686189 3456747 409986180 322125135 225377133 985384878 683908405 222668418 78437647 990781294 529858882 399397584 260698175 390441576 372256118 19013735 740577070 345933832 
542890256 340995365 425907499 760631461 842475827 902188875 683715579 608142418 704529471 224727343 278957400 535698588 117830305 839846897 443022556 727345550 53014122 700590942 347277902 759892178 186868070 30649209 500556893 747834973 479680540 405770496 508849519 724840367 898794958 996462614 403348564 569246716 333464741 214995540 138695811 168564260 673574371 607007231 31288100 875558903 125887996 531644144 473456174 119562297 541159841 206369912 920263694 141425711 401752108 242299448 558050500 283956846 274828901 225847762 17016229 90221176 864602141 551566528 137131883 623147126 124642203 899953045 384211556 221136601 775695123 
550742340 60308221 996439631 62701427 24946846 454427167 472016020 622612663 570643097 974524649 889585687 194632065 370989432 64635298 871849444 678996847 474826975 891876329 689778011 851321805 39146354 41176909 151054469 761157887 641480976 319336929 338600563 331375969 483259065 491331635 742806736 521709199 626595158 522084053 675646152 262035616 849910508 522811961 113871616 979945516 291218670 965625945 261368506 924441441 244273093 439434142 847428610 53569379 609401286 656866320 282521372 33194518 881418429 183713557 272191778 342410627 270242496 70830306 800595088 881707411 889608361 502655635 336056625 523509734 717134909 
543290685 498935502 125625839 451839981 739939689 930506538 602475230 364668835 508449100 161286151 458239425 227022372 308369104 129895956 694107436 701911291 152131761 676757544 945242441 136966405 565287808 732699913 784188152 553342458 485178384 499820799 629409176 729215664 279685719 777125842 705875471 620713278 585327488 661836554 467231690 903211999 47960589 599000722 567653233 2783197 758737198 102642740 601710381 711009891 585017215 244395543 595291290 244706758 976443175 448380178 171168461 916921331 30323628 254060282 302394669 756059024 320587165 8296659 970702997 519636644 337868113 783312392 384933612 781735816 561165893 
52587733 882783440 419567844 678887728 437673953 852885038 291809175 326739797 549705071 20285381 178079714 6457193 262974253 359624656 690734859 501665104 316192694 873854157 322552181 521190943 115038414 393381536 881195701 961463409 114021066 404829628 142348294 204582929 961760498 568331453 570172156 50386601 155915271 390644457 560002687 616446170 954071215 705210518 405601015 967079315 951142676 955837897 237394340 171724976 437335614 614853608 728473852 995397189 622191917 498807040 755299637 745989135 602075937 65593640 684413742 654038134 914412480 531384174 932652970 698029012 341213720 563713830 228306469 557758243 257310411 
404370021 433747188 53103413 560190321 249253888 666782234 477127794 160657399 382656526 414718092 877304960 872697970 895556370 183431509 577194104 249412572 810094220 555376699 396519998 944841126 816847129 489594822 834319624 47469569 423483847 260267958 34917387 641122871 36194030 942764894 477609194 932722710 658203342 54004469 120409503 919300835 91165420 385647669 807108685 928650501 672644403 744732794 413878949 595644854 679763791 162969770 878798964 414695932 616674245 386169785 275711374 721442802 737053214 81245007 811986038 901970912 154450611 790376328 813839681 850684718 358583432 3603555 985235276 309327199 765837141 
77051317 875815063 36216381 17629551 936891031 906965958 157840690 258992817 237202877 762066199 51444811 581095041 39574971 926243497 785197754 938801243 591662369 853995447 594244145 910865066 276519105 832576985 533426218 690483438 661098745 101077091 768423430 626845441 779275075 297377320 689760458 798062384 960088898 413210677 413648885 107845388 914242509 370841460 617965175 858192520 198642995 349370410 416813291 963995926 327366371 692563885 741226941 19187240 95454682 672180056 89999089 159017713 301655239 959276986 402990434 643104735 943961626 36703583 839751921 557705744 26750016 387157402 423622483 741140973 994607989 
453247781 230452128 660909500 555501117 233304526 94222257 552865131 853972594 660040341 527468618 625633448 56971372 749480426 841870280 422419924 975486214 461743367 548700416 214586958 779750027 84377452 669024449 931651433 89395138 678248818 99349108 549759507 46940059 954803376 624000209 654516981 879407196 202183069 588899504 68264797 935717010 181609725 623313194 760489351 614696565 557412402 331514123 957509490 49860804 313368030 421464675 749750115 651578321 685977617 902300333 389590641 875005027 688653156 545769846 980080206 655884647 666714693 606060534 588747546 436480892 949413644 838756347 598569953 77848814 627423078 
422519310 126904617 180010951 841728966 826682571 561597251 6517670 41512859 928309133 711441193 33203616 406428394 23241819 203416682 614866037 824215505 838750465 975131549 366572337 95399923 279956994 470120258 71617161 12277701 574818465 538302918 664931198 213783877 915737148 638570722 746024204 992590 398344414 994483366 847959404 665698161 642957578 400135965 940056389 285643032 233409479 270289163 116505635 505269328 692110539 46826295 186702765 216264985 425941897 34278910 581666517 84081400 750783829 932795193 52381547 522866297 578825893 907738239 591817932 506137639 250973324 423640370 69813267 637185677 877244444 
584813079 279929227 668935848 145928841 676750974 40296554 437501669 362332390 723392913 940437618 186469831 316549830 549711763 919848037 937506295 259397178 53169915 909455974 927709844 702411108 700219093 642705595 835310142 796131251 16516664 660077336 172360081 42733997 765707454 393159059 740581973 700712781 655854584 213293997 468452844 523564627 635520132 494186632 934004778 804477041 755435812 239592337 980649495 460515221 724225565 195401733 93485389 371403110 250133555 589830487 282238560 856433071 295075250 712448643 639062261 614673726 98947418 914023788 36186578 99031193 454302277 12511540 651389168 883767030 873214562 
780783890 284075447 565767593 10027818 593821097 313964107 454332659 661500774 354722155 977267934 923784192 856464728 427977251 341085950 589811428 981435669 264276412 152953052 741342828 476808045 978465191 877497976 552978561 829432375 32055810 916649065 452838011 436825971 962999032 643423323 574720030 553589551 567187582 500052254 372632633 602881221 727463355 363608514 611975489 117498694 989272248 317232026 961859395 441242672 977074283 828502733 263928378 485253003 734418642 491778044 109128980 819360899 992848773 833572 115684093 916695139 821287375 634056685 534217924 839557916 765725759 117602847 695382838 583962529 100399446 
71251149 668376593 426026529 58521198 630906324 524784933 732407343 663489748 600495576 689279245 658492628 61745213 167433707 787906187 288822643 120086525 417279974 189108105 839157265 263267262 889176868 701717927 174235996 885317693 166850975 129013233 109617947 497983899 782024624 63631100 843096679 868258031 451490687 787617321 488941300 14381693 64592952 312861544 409818438 772631814 344843349 303289300 165242006 612590669 181106103 483597818 411012195 612565391 644667502 614555292 506171807 9003994 781384636 174593462 802612551 640925956 540632767 156699555 416571173 733801389 44240633 451243590 288302296 730386194 474681630 
927228997 707193018 36841506 756156001 212291672 458318260 730876274 889602358 351320543 352813314 103548013 841187575 390651573 844233088 779919147 271717200 635639327 224183891 907611497 545611055 957607598 496036586 754646786 855168775 837944920 109782389 619930066 515362543 869009310 873242896 508427010 471271466 478136187 430127388 432326996 796320889 732765293 659625052 429108892 481316351 349314039 954255160 778684505 8988758 372551103 790904230 419680865 819975451 491200368 961219312 309688246 198175584 654943494 424221619 797901888 431498780 922295541 436918640 933110182 341064713 711808800 994043245 579612945 142190722 653856179 
994487208 864152411 326210540 909354109 850334751 571025956 353089531 924340335 503802778 61840252 440553906 109230765 811747774 625857658 247238739 910698717 544925260 509200797 55806016 427630110 575400248 434939964 600597437 521862009 74315956 273500297 785566103 700605715 633543292 595931711 888590635 171225225 1031765 540395968 889212703 45506556 140433012 631597608 389317406 40509229 391107098 293862348 320344407 708476466 662452331 665848714 754282069 573431004 714599930 13986549 282091409 85759552 861146396 112858168 167872709 944448023 957566859 302558787 557090158 225347116 20500287 401133779 318825283 129492143 289740385 
621412866 240626346 561360346 388609061 243101502 952609825 520646204 567598370 995498166 74802551 708492966 436340711 513470929 311732059 629814397 408234230 627599216 393582639 531768137 271598728 705301936 649985795 208239882 626216181 180958954 851297163 884457098 628383681 573758183 318786877 724915820 396291021 189339297 483298056 999075097 1687697 851917628 819658865 714598163 899967797 844637765 159193038 355111750 813695979 698766300 965738390 349885498 821140200 709799437 777296850 985272627 332370391 865433100 763083033 429375572 551259321 810376058 848829930 670935193 901547995 755016817 193226288 478072316 650080688 201754947 
311321983 376426204 24235626 407390049 149870010 723976193 349047959 971063210 718949648 175862041 396280407 685338591 32026337 357393544 64804204 173499895 168601955 21854980 622097338 997675029 845826692 983869966 869544620 125469857 851217609 338906404 914330535 582944160 547623285 208619830 330881384 42372940 38518346 172216950 662738385 83022956 229196916 39364257 475784719 524551718 577457292 35264585 818161846 941985199 651966628 498673538 18473422 965395925 852503188 195651688 975796347 167313132 534517224 531418836 975883949 55071233 515842562 790842812 563443105 692806259 393663653 553272023 475687846 748451201 931888580 
661833044 900609639 591468315 687939136 370229022 224142200 245874047 181571097 397126373 928373721 582384837 391784030 521337959 466635567 184957358 731632180 432795318 3005293 425212561 809351965 716285760 149575503 640729135 970336003 884252978 278440306 750799354 857568047 391108459 635438388 351900999 983442736 809491143 526650133 3394115 40659566 156710392 765259547 538367909 484475840 998240839 101738897 605176762 243171868 934207920 918262907 273023966 263076277 772176702 179673717 540976436 528692302 624176002 481548270 424394357 484355138 22274056 719918293 451063180 130586707 729245581 145334004 824026278 249368551 108662192 
495163224 767101129 456277044 881789750 124366614 42432452 64187675 180089095 362740617 96897415 11767276 365738349 792606379 967249930 496190855 501668699 527535897 642241953 135343183 649234882 886832621 283996973 274645263 45066760 877010483 500666361 140905387 418931699 717209704 747222168 502889696 425232497 308965781 396673496 948254280 203308527 345059232 897346124 3519444 807140433 553543704 868043609 892042829 852829270 766369663 942052335 247035967 345477920 74369260 958537624 338854342 176626152 292505240 944852197 334764001 51831560 230633490 11702836 638762861 22351550 454168819 783460717 924655473 690414135 168902648 
566169484 188645178 51177878 979470007 742720158 160605879 527798810 163055415 191840423 410195119 53350236 407412560 801010527 401545741 595186654 973921230 565838581 458356864 412038222 393863514 143149528 847924853 341885065 644756019 194204993 86779917 364318055 953235848 8453780 447300788 175092468 424750897 446618580 424241163 185811131 836449126 56927867 458421142 76763407 620847267 764484364 795859240 158680065 375788914 178139181 982410179 784952654 146628910 202310868 231978139 558510046 813882017 869260953 800918334 895034132 143163329 852360788 721856870 825440041 721741033 179770749 822788732 456842669 478287692 598929852 
924640032 329054033 133732424 265616863 3877711 755378705 605558064 401162544 753547889 215678244 76049094 125894564 434854907 396955834 995002764 461238176 529154615 430261881 746950389 667916669 660891155 259230022 55630968 340517368 861093128 895160397 737783984 958537706 40099443 19166979 871358126 197534792 486503446 786997260 964951955 349523136 541342005 979565831 996701756 239417509 829704995 428776199 346515930 294692495 38109833 991273370 866235965 622929166 158257510 396687004 62100123 237579098 430385673 974452401 672340044 437345269 586438279 668749345 804856193 504682016 358034926 392680323 503091543 9594366 629942371 
496657335 428341394 506004383 455386009 278776796 955809409 17595322 690299757 764306519 612205414 381951739 528236027 288862514 797634782 110146042 225777297 753442428 663320379 625530711 434684085 689390171 769643234 475618361 216522922 452746760 355504866 906414990 87135379 999962135 688993261 207418490 456784318 622052073 955187685 181983948 327404410 392521853 483338651 75132280 932110313 6185888 181279466 106640722 689238381 556828768 924292766 411782265 338797758 5485143 435883106 231476433 426962653 249163180 183613106 929087972 389918379 516124488 297808465 345892405 82700549 998332145 114045789 572961301 856417857 690020737 
461108022 89510649 408743957 407310950 319393191 602801741 401883595 456664823 217394083 534231109 616479961 392287165 1152397 904837211 42750350 562885012 180366542 571015390 294159141 976778306 518390529 981640630 423047540 714760684 471506174 176302496 62253529 335338892 467949408 726482449 223544708 881840436 936336190 395847089 606061559 659943001 728829754 998350600 968037080 732611642 107690162 249514760 869233888 541394884 864058349 233010540 861270596 683682808 54047722 305523016 105600201 261208278 285325975 556370180 476028892 780124549 382856388 253986452 657235205 249472436 473506834 726851917 622299096 135441848 374130753 
45567962 855102456 723192492 650344705 864230039 830742567 466356624 134408075 390747999 664993041 692379946 4714314 728551143 685205757 213443150 626357424 849397451 70831675 809015528 937716666 180847264 268300344 791195860 792507079 913465292 395239089 946087878 800683456 431291188 240474302 267265242 183711568 178311284 933917187 892552270 864818681 47961222 601639505 914343113 279678337 63726809 80436736 242901117 105919862 767965464 472778688 140539835 189277072 475638437 856926383 289909010 420527106 404365513 303318258 896734064 39109570 236138307 898529023 153606311 280231925 529599942 478204718 421431053 191434239 674884343 
676853982 543212616 204326789 840189331 67469764 958034482 978233188 910838995 383345514 986706980 3539194 874757817 464939645 915963308 514584806 4646082 125508706 924983280 242060794 470714526 894201828 68730069 461123687 656095347 51226379 87973718 966696812 247066049 267721458 690164467 591753843 674323467 721087094 177063996 934780434 691480040 423496601 572788788 266784324 133269972 512295842 441192723 496650463 89186735 315131241 909741483 161678517 863948350 970840363 395879893 16559088 459875200 274417324 953380926 237170435 547636732 474131166 783924990 187697282 71586059 712515946 933960590 90117600 884451915 133582897 
191513357 702250206 441530447 37733925 642604381 307958848 353298464 221733278 834070498 570473503 940140441 94683099 296356077 951071969 388313876 256928599 464737497 213472189 445066276 840059730 485170323 81992664 546104286 759438548 764988175 346343016 605203454 981483727 659179167 662700040 81711955 499934672 570832507 126712945 221286802 579049474 66482702 810997729 304882919 32779654 383603244 921387135 195362086 287262058 803904068 726779125 228148740 876599626 287446971 817511007 845849090 392995238 522736870 76899525 865530399 332403237 417404077 986328960 489444859 572568558 147798179 744208832 99139297 39174076 1880497 
423807070 956175487 300454207 143756091 41826747 150205620 252965034 70908007 150359198 697538557 641792381 755309613 942961849 971008612 3932300 395291288 45307606 179815635 834638693 49465618 742590055 105970930 334416164 740296094 140798935 943828639 549675585 335010584 564103824 25737899 269500372 552508964 794679949 910121216 541786440 637086749 8018465 264453688 463573207 743633535 583836761 574637693 581987499 895274653 672920705 54176558 617543024 354167362 784222329 301871529 867906577 337791639 565638990 633754159 758335009 92205207 498578441 951635362 402512814 455981998 964829216 460390981 696504023 264897237 71061223 
219466363 495198654 359797295 944697094 322640607 474983808 936570333 962551557 340440887 46719063 18511246 494959470 515672624 127961904 750621294 862763141 367170392 557400622 865056557 648257596 33425398 755326481 95769930 822394691 872700253 941284275 324447048 234465300 260389337 353750485 399380644 791533537 531580135 700550426 173009126 574089307 855300806 864356173 802770826 896875839 125260109 917703271 918213425 333479555 332530990 516747056 183770066 816522382 438567674 991547731 57803055 194747199 34488950 313123993 249019887 823778295 585295989 151782255 197832341 519643927 411579897 933370938 353049300 810676429 539385173 
97738061 793837600 210838640 957532146 726380292 196383506 236095328 617777362 746964320 844964266 562156306 492301123 296510623 413819364 888628449 178007166 577035728 528057345 561114444 377770621 755043368 983270453 477291053 843734508 950586660 721690548 123903948 131629035 238348058 202480004 456792432 762873212 451232267 675527632 534129280 726972711 510801688 184201336 101044133 665919820 279325337 533211420 419924609 718805987 889232378 89576015 910302532 751193307 553759664 196192308 987910795 719669568 148096653 128774042 765835684 987352517 224607484 743362263 174003599 208953640 279110406 602372673 854870424 352938405 557844198 
571655967 462181922 898111834 864006537 1954400 175438380 569397021 637496517 164771862 406734717 657468418 300703574 661908887 235878128 325509818 59677661 833877063 226502666 270603555 173680277 337676572 731759638 448442816 901335852 843752510 198857646 895669036 705932588 779713777 351699736 626949879 365232002 379701006 285770474 131826597 169019031 780281575 895340594 441008948 495368735 29215585 28426120 773463984 543398081 173032741 891032963 910987421 818888438 776616929 130164821 332958604 586391943 493307490 60805866 984980072 687724425 602911743 937197037 928932933 116592806 465254104 221956527 589197976 654501123 365773934 
884772994 35131256 394957472 205322015 235748131 685905543 394775325 775027835 250274078 407184096 509650260 557440151 822554077 677093909 459841852 200289320 680789562 164850968 125067895 719145881 784485183 796434650 70174047 709983972 395922806 796162339 176128865 832457738 129422740 915871141 692993521 4633254 638904415 80280730 783849994 420370448 919943918 920225088 87178721 400890718 956231517 703501930 340807487 992358359 612762034 967629585 501990086 437483616 874578866 345857810 673343679 532116612 100398049 455435117 110305280 821865290 435626372 297935106 306756682 375001476 723603981 797443597 275248809 975438110 686553011 
831625084 356646794 787402651 735479734 36561292 471659544 586767062 698884594 358832306 172477799 637949649 967653747 193429730 607550765 177790020 896635518 891508307 484471434 671577256 599311511 558191337 984101263 485832836 139100152 859535329 794353774 944799429 717518438 505688147 371456236 230317407 849323730 244384980 44344369 505991804 915773571 956794115 765129011 510034969 970422413 152441098 431160254 3839244 753724039 998585273 428872782 201505592 658043354 699314559 42701954 966888623 921125510 768369246 565200339 513939979 582792762 491435917 768920835 163318778 725921501 60241955 640579325 219644785 171220825 239857162 
699178319 224671490 841077947 396204660 163915519 157694664 706170861 238990913 828365751 253816862 195423235 88764267 488752335 227266029 890719252 785024012 494570937 976894981 560740335 591195400 992131193 724471755 640012046 928769588 794008057 330494118 455671622 710258250 578940796 661379599 361888602 760217514 713897164 230882757 955687666 771063924 948444112 998658341 831828052 100864394 84367246 977357443 563522704 962352156 777001760 366545702 677774906 698278903 522712078 514833510 874312239 129305048 783839072 483071300 854509458 29941968 740536781 169771764 522924260 306563163 723197481 961101203 830414395 108712476 203668367 
762665567 532690475 913898493 313237588 889151201 834190158 972940365 64413368 700930801 375646576 726338577 293114563 206921080 880665966 774633551 763141764 609686140 710169147 329068704 831419945 583658315 39313604 189529894 730558425 95690649 30732540 71846637 185674550 224952678 525254330 860588486 662561625 109041823 973976037 73954146 22463226 109979991 92985848 588075694 438698087 721955392 527961073 821929192 547287356 123305260 252917716 545649613 232097586 443305232 151559254 72199260 857780283 739028225 594871019 400270338 679210493 842785677 777227403 23809352 987198884 441817254 855104069 905690052 665322615 862194620 
655242973 690382453 104675794 813153066 730542315 557258635 170033808 123747694 255674470 420317147 710278631 251750064 491535579 14900169 636874546 599595909 291434991 472528546 947643024 105375147 216004302 617196053 811452377 32276760 400398961 362292134 19962685 371687898 251417888 686341330 767896097 196238812 270320966 877361686 517204657 461550765 514023885 249311407 931520569 667071335 239529682 815166409 143182394 366904817 256149971 44614174 402191892 993614468 930853809 997221559 622451398 900363471 374012647 173231727 945158120 200474276 333025559 414516562 68737372 492444098 970145439 614828219 47646324 321575952 287361969 
426922368 606628215 119040311 861121693 448300528 427083684 505211802 974635772 430523409 554555410 57442294 497401572 3101667 849732885 343805051 639571697 923720588 654958720 882174712 744076694 556467521 465509468 728059169 293944403 253338528 132979944 161595196 529063718 169330417 384977806 218489561 57381022 876137547 644468329 844012578 677211103 356568889 22363193 392073065 31837221 294952473 112588872 505451111 991275079 507128892 899461457 569609580 829883181 230830089 833106563 279442237 931107889 701809860 506422771 5924743 406447414 239413642 80459659 903726704 286836944 723506764 293393862 393886743 269854461 16575169 
449935951 305352477 574647701 886849429 402012681 451689797 554509910 66334915 78705938 929171792 203772209 175366295 71357168 278893647 340197258 141995824 259816974 680747736 467135958 195716135 269880 619420331 184662374 93907373 870774668 842335540 273354023 33072620 486069477 301957883 628447102 983623727 320358941 90565105 193937552 595393718 972526101 838636872 180814583 33040748 265901239 94236958 417182664 746574108 524095625 398376609 572683918 260830112 925558926 704162261 116132433 744909371 441879049 726847256 655819879 928256722 638078758 351970458 633819873 732949157 156888613 265206766 969798114 464458730 344265744 
862180301 813178438 173891217 229013496 463129484 684082031 190415294 810471198 160194016 370330236 545166725 360700536 66386289 941062050 709430844 804819993 585668512 827005232 212479657 658221185 109358740 338083926 193870065 385002457 570654141 642173739 529398475 385681797 566767107 514847741 676399687 757250683 628485981 872163133 725483917 56842850 771017684 723885459 124178332 935276087 668877007 942098975 6216722 854715274 838709778 85036605 938291234 823930319 145182368 92084464 438792435 956768586 196389670 46543456 193931314 342817983 400103485 455942086 779832729 852857415 735391027 515233512 74642974 461901367 740516509 
733810443 951269421 569490567 239860037 692139232 303801100 638585622 799805891 895254599 324329524 72803771 626409025 259478740 218540381 910997689 687955827 984572648 828241497 349626070 373800216 558370604 31300072 891275038 643082906 17388081 548546548 311406013 899441432 503214278 711715288 841706912 575073494 281187126 285839060 50784648 953396504 698727522 601507901 10516953 435265233 51239758 945584505 309644013 716919718 512221850 702390273 27851490 47679884 88738260 159921054 167650806 949013871 712893613 584832406 184957813 471789663 135986444 211085387 757203673 914788234 945281046 515222322 676471206 225680534 791700166 
375701125 514971414 443068744 565247349 907931881 665572723 264292603 306773075 652883192 52613208 674671523 180619845 338418 621513545 828838355 63686979 877694796 249752488 664181705 353337197 299523768 22181390 384394540 90060671 861694886 170899005 272235021 779071583 776709053 229393447 521296135 905086342 708096661 766683661 351688601 690027921 889571391 486390711 770690791 269258456 797079867 630060495 422256782 403675637 209024322 413111235 181854979 311847672 3274126 489003258 838506435 876178743 334568362 165226461 482976825 973650834 241065009 316817618 915995023 284872177 634132574 114346857 57775466 420931530 225864987 
193123615 407060352 796962149 87882124 365312653 367001459 612051516 157304885 616043223 622278241 506407577 322043967 520017866 923606692 705966792 806219507 100520933 385627604 892782194 790113999 21673357 479261940 866278976 731257452 312976072 416074416 195915297 494719576 703747509 180411072 570736983 757529886 959214958 970410243 422092902 121519835 475672646 4137471 784796510 671906039 891913690 254040333 467893851 135538380 848294194 504385051 968403306 174818040 801570936 556125021 584576439 749678501 723609196 103892079 502479502 750568617 139959814 413039802 313947763 599734758 313647617 436988671 293293552 412333511 504346410 
504591920 673350601 43861895 822379657 78238266 348295823 97708392 377099021 223022706 971290241 213712565 951991127 781139641 993440818 103132121 114752854 586815453 188127863 914042616 851505693 297516648 717624995 549378357 491648962 114401907 161667620 52851206 71530438 32450202 711196583 235359084 497096296 91262845 947383054 924581757 186079937 719675678 935717174 964009486 707764314 384342287 529035435 795833389 576774445 950732457 729241524 674965489 305965291 798439997 186161532 29442505 470358161 498757068 696765055 218084392 273559861 983038583 778725959 216974543 690589937 533053574 255436645 315509669 305207237 110103978 
74880152 791845537 302112898 145526765 306494592 168617870 304715276 622719838 807805137 725055916 163162148 581194810 39151322 364283999 709744448 794075459 814401234 732603755 421238499 561331767 282222191 114954225 268919666 253366477 705445454 158634471 83751764 321411202 712096715 726000893 412026904 782500080 255790927 240134729 860499106 31127743 291114669 352801942 718366626 720460161 404982874 436011740 172722408 300511265 838272015 427808555 466797443 564061868 629563116 870748896 763091997 960820097 694659524 978807052 884714478 8358607 787916004 84357143 880019576 662217193 329026357 395956201 926127538 440427428 960986109 
48110898 394011720 968832681 603613113 291467833 830622989 797762975 593829713 141062299 143193382 332835212 487937087 686958744 494111593 540911211 392942279 992859759 163849736 611547782 903465458 383959224 769897752 757576748 220584412 936487779 806217043 661100367 894290612 183076885 5058863 530419260 286669552 609813867 226836484 632515067 882109855 273120798 336873735 770182242 327865404 132351553 387398664 996549302 314836258 824704911 6098554 830819167 764185574 795495786 839600116 281891421 330468333 411057431 161757630 281938789 961468795 204627095 353051421 356860324 646538883 129033214 753214306 68225804 294596765 871235 
139222224 813442117 872805266 344316654 912873584 964381612 725106770 665239307 434729581 260699652 876984166 128069351 906907587 732073349 798450653 997836613 326509365 525145959 533001699 928602426 869602863 96318940 33556484 105622657 353203887 938447135 272210102 129335404 203350878 810891142 497168288 236069899 414415034 386803272 707254203 900552462 741272282 130636936 109268066 222463112 737872723 650664223 373926330 459454939 90104797 409554288 278149158 206886372 649500245 398480897 663512796 47233650 564067548 132756051 419399390 819135566 993870149 652208458 912815120 997307706 733020127 687624660 8489486 101785616 658331483 
207879350 36122791 523199952 597108403 332696460 720334702 22252315 250820635 727177790 305337962 726085760 956718112 836462330 144096483 699741778 161070453 862618761 514132286 289191505 956713732 265180148 994323072 961373231 863805973 219414920 68431868 785159719 626471395 803193866 162685119 897791477 861176180 545435829 810133685 413135872 76001776 846524131 846506623 715822574 990153801 544366839 119706489 281753109 589187934 841278529 233532663 754519130 809241122 889232827 762602826 190213083 155616078 243399265 643051759 771689880 278474946 305367851 988715692 725899625 379611614 413614570 651638373 125704599 600572268 210554674 
