13 12
651790738 631148416 5163567 762351978 391667900 717791298 557580218 605788453 309182545 87806605 582838310 107973733 594368505 
774799464 773368580 780659325 949445792 971255571 995478670 687254930 546516673 395643513 569444966 756432473 620972287 151563593 
7940186 180684360 549675320 691128154 745991924 693860770 591191649 789062498 829475484 49934611 465901255 495087090 172643477 
608756406 593867092 545375992 684917806 82600344 829596919 825669750 95360942 933812589 651464376 625446928 28445433 872944251 
798260991 440313362 559287442 81273959 531926755 513245038 742127306 221156305 655222756 690238808 461272008 169516675 819526536 
657451995 934525520 497266771 517018759 161667696 113907618 319865159 509364113 134659562 128900664 573807597 960045893 583285888 
573765652 836254000 796424742 817758598 309717093 86149130 876068321 121501944 812623429 19765376 782882741 485545940 490104032 
399772544 460608611 797672429 773079388 311522297 74570879 1415464 921831020 395566947 78906677 30428421 305963440 361536437 
584991730 869014473 770405956 468296153 869260937 10631943 298456099 744020148 708768298 309271184 232382112 717257340 265208738 
834277764 898428647 140440917 486658042 962084353 505292991 917356699 948986572 629839202 730642893 455833994 519320478 959818318 
359707907 464516458 289644022 290830616 414354025 658003288 208382451 70322378 536792401 313903903 52834785 84018632 733696227 
445934370 790361924 830528367 469343880 271891053 399549212 378952140 626515717 482154088 934474189 664681446 655929040 270589359 
250548535 487328230 882083727 251555765 594943690 23922049 806773817 519886554 84844255 103896871 76661177 476228724 789846802 
