29 17
385331341 814026953 417902567 8672510 185166842 578923275 317274934 570536171 430671579 107755807 169447889 906430530 234045214 356612743 48511551 69082320 292792515 68695704 145060920 196234857 687089834 75708582 655642525 980897092 748264476 78737105 153141088 625104968 926709741 
459191737 432982086 885290804 879365671 497407677 713854154 626945220 99247519 919576069 951380783 105066773 791212294 104538881 113958990 982618407 778905041 263316678 758420830 89647051 826442112 635636900 752522340 284345475 804452109 765249045 319852147 163821515 528143251 242311615 
110488584 782230608 802786834 189987157 133579452 864618836 423082853 170553581 578080076 255502507 342607502 645988825 390447665 693242563 938384337 124176502 237829264 317339885 579445084 266230340 883265459 410953997 179689677 625252575 931044930 516309608 785833141 71510120 865814661 
805949035 681411980 772480302 808935337 512465602 582976223 741991707 131426324 316541233 264017116 345879620 264838729 257614741 171906450 394520289 981084905 929654526 895382783 92701042 216298947 579262372 253244865 700637226 359150816 315657902 284813614 523285997 691079593 529443246 
980917719 333508340 912153126 172219820 757127004 405937683 505964375 701349996 415858232 929004451 762606699 702300434 757495514 476815676 331526126 416892480 497259259 308452646 846579048 431122786 489405339 53217888 701297560 535919291 106766459 930992220 391113221 23657177 108086914 
393365806 556577858 140842303 895842231 864852661 619646288 124319237 259991278 249429622 429499096 647881423 735313108 230825119 901696506 436173176 18194924 979569591 148683931 747565142 328925167 790293974 740894939 698274979 222234955 373912346 979423185 362819178 318716862 891427196 
511870456 609025959 120804043 157495673 393524430 607789891 123849336 976282082 82758284 17638800 375701094 392483360 762121477 177671158 574658775 244335648 768436520 295030639 631127940 17099465 591272980 49100403 360043460 475987512 233170962 963964272 331315202 615722597 430675082 
575225851 755485645 872475519 561493231 930538819 748628948 368146126 773113668 441201661 625134698 374516718 424851197 818841490 114875984 895096870 124216824 103156683 90806369 245923617 910888954 868099152 196264005 312243029 557661696 580713651 957488277 655697033 103941616 520877519 
641753797 294978977 818200361 830130570 21053056 266814500 850496093 568854836 619196235 847449648 186113390 104007860 284541105 622046504 987205176 761196802 316606209 350383279 244873097 32423413 267897894 803662944 25722880 171825409 208309415 155589641 235889334 753023535 903443205 
984779523 362021915 497648174 849452826 330085619 949653695 179262243 620271878 201336892 493566059 637245424 905084208 437187565 412973598 71284635 640598608 767259708 843494800 780934981 913645352 127864711 545828281 434807885 379777196 449569443 239236394 620209051 684204798 759034625 
904594877 66254661 336185723 922376576 7115636 145843745 800730307 118747410 51747923 958018093 394633963 967317561 529280029 737184313 181069099 337447385 124575470 531187060 861646571 166822842 696021121 417454914 61649075 450186647 394136659 733319087 785603059 421912187 174910123 
957189340 175896757 297362243 333837509 995470290 377947341 912977816 737258118 255819997 900916360 326186505 507365579 143075246 388922827 838232231 441527562 548830247 676719118 50349295 319794475 86690281 507664891 816382768 777451211 161928312 245642782 887345787 768319009 323941313 
516718352 322090417 304581247 623305397 225773880 419026504 349617300 181383512 180342867 472288398 421037650 590568818 295731104 389472274 398074916 765091929 158826895 598028083 283131130 572129450 244385015 823357967 672891983 663209148 919495123 554504567 482062312 374456862 966848488 
45324144 965301255 346595612 771634136 67311114 180835387 498875420 926470960 449989962 131330843 829912210 948021024 355371277 557658492 265804811 305875367 263426422 552348788 390411812 908518 108925049 348341176 43544271 121664605 412224996 560805375 723394450 80507823 457508975 
463164773 277550785 824753522 475515339 677228979 310364126 983400257 284454235 486960201 204515756 505450769 825071198 465360136 326453262 172269661 777826171 524418014 683179782 556971034 518115541 269499364 208499674 759533598 604455472 387126080 160509193 645204823 452142723 292532913 
760958274 338229235 947001037 235880666 890381447 337095291 492478519 857242530 852169693 355114268 533848283 973571192 766670923 412199854 502019792 942743941 144862368 858235154 574196923 813856902 253722592 191172686 243824539 248374732 818644603 229310549 250607737 674165653 156279377 
416138053 308832390 61981379 25683987 94886907 870657047 474177026 88065230 199308202 737623413 133432472 177229926 705359217 201562331 196838058 345633507 881648594 272620924 75168307 177042068 308539723 355185326 796858182 343815858 143414460 708206250 273677573 261403475 887178342 
96617804 957287098 388999557 793826500 378289975 574361841 349004267 859409619 5175382 644678663 647128909 495219054 823159691 688361143 773831179 783473474 596036718 709584431 415054861 353978569 712740242 60307087 439729005 435206677 977450371 280761838 50691450 187583868 995730766 
636077106 89525462 58403261 937332068 351019452 585237632 87825964 746195283 405466621 345167302 452802407 711543580 625057654 691408373 811503054 413378999 16209273 460165584 622748332 944791622 965534023 37638141 381107429 39874129 309893254 148094548 999083378 418352686 672362671 
993463402 724254562 131880345 558169229 148283540 927870810 546769601 947033628 800368807 233236678 488652048 522867951 141058583 120891860 128819394 252430275 709142625 70522205 169992794 422886020 595526878 827216492 853610524 669645653 560879566 939479255 126524469 750232910 396880848 
427922359 148424813 651585930 336748021 993698453 865166122 55371771 66575586 927987877 152509436 61136548 244052 74592423 737804607 147228186 451299001 259015387 612356187 800059084 173369669 776278771 994693290 952307718 226300677 893039153 536084473 591073434 795844443 765220924 
831707128 829842553 236114124 123387612 522935090 669307506 248975847 997391752 941372988 386954033 174731385 241273710 184055289 777533377 622007047 751919558 602576467 74696017 256193533 774860753 49572575 312826761 737816582 288698284 292425533 401828892 692214195 890725230 194579185 
790777521 720308019 991037734 40522154 278733813 667596430 273519689 616501241 991104477 649959093 926152339 571059080 892200818 971580902 165501903 95152022 65024185 35971887 558307186 141482460 999935598 406535466 111920292 905208600 8039502 815099089 772033506 675535563 441398275 
370065834 359859574 129067785 622106974 256478618 174579602 938443319 196542884 562947574 714811064 63603509 6250049 95212182 238019626 985271323 337505604 699500141 37194210 10225797 470777840 717697862 428777239 171565332 811807390 850974586 647612365 766427803 484586838 755691170 
814683168 146568642 926719006 809761880 500020746 567588782 230755946 549036607 580772699 194958031 704107883 129629135 487744659 851348126 974754513 8495829 73100366 508887139 355424895 237229195 802301284 343145882 702424663 510007313 208064010 430446993 53942149 515542240 601143585 
739631163 216240201 281041026 229182363 62547306 387348973 951451338 931033847 880581021 722737128 693871434 674431189 727198965 177732445 616406993 977442705 9623262 195408502 983736457 831624678 47575178 972067740 711408709 220612183 773488661 78373677 812407391 609249119 555632692 
26106220 507316526 317568127 186663600 43181776 79269321 228496487 168678944 808423655 728124246 783901945 977812711 359061509 253438727 725562489 400040983 65136157 729493532 849264784 226456071 317322691 841431193 977840127 708378520 395832552 520288780 746862948 636290932 441586369 
261954620 155038425 785365224 119455028 502991723 481474016 333566404 885903985 355315061 24441910 918550805 579669041 153642740 218251373 305807136 514855749 279765154 418591193 294682828 504213089 754506995 490842828 315940568 221047970 640876748 162222422 643026169 906030022 928188808 
544728083 227477741 141593524 179333711 643461899 27452966 327806204 241977320 942130738 853111790 195127220 63308638 691844908 542845110 866771733 418013724 899831414 573060186 758778896 417809805 390737281 727026494 682442857 716705467 295834239 202397301 252823042 252787285 98304124 
