2000 2000
-66620099 59226266
-2539012 -40388855
79762944 -8156358
-13665673 80412374
96725428 54217937
-99371725 57144958
-90530147 -77828659
88519645 -87460102
84601580 16663278
-47883054 -48389355
-91305644 -83189789
-72123433 -19411392
53648160 -96899776
23053681 -40145736
-84677593 -34686826
14224448 7490911
-28162216 98430945
61185420 -73322438
1017694 3805941
70685557 -62090818
-47641063 22695387
-32705165 -12542019
82816812 41726574
68049390 3087931
17241895 64337745
-61480173 27693573
95246095 -8432063
87362079 -7499051
60146833 13079423
-65497474 -44900202
51311921 80853367
-63758723 -67590784
-74994248 -85239637
-84838626 87187835
-79456501 -40245124
24542978 99585645
-4465372 -1487808
25772399 -58346035
7490570 7474462
7975084 85888655
45032922 29404573
-38548030 64204613
-27500926 -42791019
-36355936 28757032
-88430493 88958704
-40026839 68792644
-17615178 -14165022
89008141 -52565204
81790642 -35772569
77973184 -32402578
97933633 85566473
-85933544 -73204158
306398 86860482
-78381312 -9345354
76536340 30355629
-89389898 90823555
-51761592 13959437
28392006 -60812284
13718192 -38730899
30993614 -73483733
54918187 -33891585
87141660 -59839228
-2864757 -31893744
91748532 -45441599
-10711262 -18910773
-86311728 10814321
28476226 16284681
-82175257 -18091726
-79129193 -60383616
-96140475 97535477
-25648001 -46300921
92351280 -55003955
54124944 50867829
77347438 91028373
64325023 -11266408
80190102 18072347
-72137606 -97674226
37274098 -42792391
-64026834 71956388
-40767011 -98492208
-80575875 -34427823
38199638 8608701
46028497 19279153
-84702023 -89818714
22379293 50892940
-24635315 33540677
34966259 -50149694
-50513723 79592369
57236261 64078530
-83734795 -48201112
33641635 4452690
12350504 -23364778
-92659968 -87780210
3431728 -12272618
79544902 621554
73999448 29948708
-85740894 -18063677
31167433 17763170
57064983 35312816
-55967501 88804934
-74352447 17904231
-93193557 82498309
62761007 -21075376
-62448757 -51962042
75658580 -75486616
68281988 -58664884
-20343880 95777581
-78115739 -97936756
45339193 42389242
95487189 -87128182
-80398360 88211079
-2468939 3755115
88028656 -41189238
93801992 70606757
82284567 32184412
-91166819 69173743
63774413 -88737703
-64033724 -38048931
44074706 -73502741
65409064 -24562489
-96275519 -64950391
4289618 -79407307
48329108 -17315840
-71123403 85397344
-65125490 47417552
70456724 56693223
-80441774 87665871
-24085368 36218097
27030813 42547685
-40247196 -93119454
20617833 -32627750
-12054835 -38205679
-83544411 85501138
-37747407 4115261
72358166 21111957
-2544609 -29081570
-38301566 88841552
18854458 -73324879
-13506764 77526638
6967726 51530364
51197167 55096852
93048226 99295194
51954263 -68158099
7512183 66063192
60694493 -51548155
-29685614 -87955024
8577542 15527559
65184524 96769413
-12749329 5016426
65511418 95612682
92550763 7918698
-20546401 89317417
64314074 73488093
95150701 -86106906
53767207 -54748345
36286133 -57813574
40913388 -40369494
-41794602 -35847278
-53148834 98904393
-75045452 53705164
360115 31652672
77590098 73243097
-19411462 5056350
36628647 -22573389
94979113 -53618613
-176502 49517395
-13152922 65232379
-73000543 44632756
92827708 -18991909
-98862127 -46826306
-99132243 38241396
32628946 24097401
18363790 -59080120
-70532442 -77418544
-10541250 36261656
-91185914 6443289
97656302 71604673
64394655 56386729
-49908189 -94190927
93876788 96165768
-60756358 46423397
-86368665 -1050971
-33615805 -61845953
35895996 -93329658
56426108 42922108
13437009 -96837277
31275779 65677804
46683444 -85438867
46467867 -82570955
-52145206 80699202
3580270 -98241066
-93129691 -24030430
40538972 -60211220
65160483 -21845858
-50253329 9798489
78700754 -77748410
15902723 -30015275
-9589761 93181671
17884720 80361943
43495396 10466737
31069641 -12305710
-45264568 -66541353
48728411 370652
43038530 28294053
-90338466 -7283276
-66293894 22503041
-98098272 66799013
-56907933 45718541
-63944705 85055460
-92424402 59821173
-75218123 -21532338
-88497098 -15824521
53464010 -30535800
-27285832 60891296
-64324775 -47944925
11808065 32957209
-998716 -67918121
-4562548 81535277
-36425808 -35929486
-83247483 48888178
-61518321 -1763470
82565356 -49193580
-6582650 38340966
90799791 -9159183
-24936458 -2270080
54320546 -51246031
57275399 40412937
-97763833 33413287
77196775 28713941
46476767 -42097140
-69681897 44606528
-98791895 34515376
-49745603 20085810
-23505688 -40470268
27155153 -98691738
80181998 -14788661
19853957 -62580091
-35986657 49217711
83454977 64751711
88442142 42350628
52968772 -52994437
-44543771 -58870542
-72611556 -33621415
-17626187 -36885202
-69666019 -80262191
-43007878 19044906
23368060 52550123
81313826 -64912496
-29200487 20751861
-35735362 -38890924
91931476 -11244257
-74510781 -6217858
-37099650 -45148202
-52622551 17487192
49289744 -12122124
-65432502 31809578
-1303175 15120717
52420700 -8117795
-34804343 90175127
82979525 -98864293
11937654 21971953
-86914387 37603291
72740612 -38411036
-35717193 -3435130
7610479 15122565
72647647 79547234
3346151 -19946034
30612902 -40559804
-13412566 69490776
-23066353 30056454
83174969 -91364918
-19292283 4826844
-10690245 -52207780
-69865475 57542774
21855620 -30829259
88893287 -69361973
97994375 39453281
75518047 -16133745
93727017 9554166
-42963979 -93900413
55351950 -3586632
71866587 18057886
10811435 -60770871
-79390725 74313645
-17680784 -96301212
-63616608 -14831610
94967427 -30274340
45375115 -62966208
66378735 8599362
77864772 -54378507
-41535026 -29377512
-88267047 47088787
37690659 -96567403
54350732 -77851567
-42954489 82273358
-95252114 28890908
46410728 46021577
-96851222 64069374
74504419 -80105006
97907665 94384918
76740140 24723676
-81172964 55940765
55289674 -68745093
72253134 77283430
86746528 4416018
39647189 64583493
-92671138 28292814
1834347 20220350
35953051 -50082188
-43707052 95088216
71887610 68884154
-35176670 91358313
-96592979 67024767
-75660962 -18865678
-21214675 76301470
37852134 -48284034
83993314 -68691408
55626571 703945
68011495 13872616
-72304038 59361564
-11348809 49060719
54214689 -34900333
-3897487 -97113578
92460860 -63564121
-33957737 91380737
90655441 55835655
42159776 -47658228
89963992 35283341
21887439 -97331541
-79096709 -38928905
42682819 51168097
-8741195 -46612784
89593432 28073612
71346166 -17686889
39768309 -16102335
-56532889 -46278005
74440133 -82480862
46433931 -88196875
23713249 58637998
-84685204 -33789242
85069043 -74241909
-21354965 67518059
24450795 -49077392
32195787 -33587152
83067726 -52985344
-25505912 -35088703
24551973 50117044
14099103 -39421226
23409664 -23261326
-20305781 -58674758
-73890276 -75421781
15019124 -73991840
45250009 -25106733
-61289395 -72006814
70930084 -30572040
32427638 -74860463
-42106754 91191482
65575576 30716229
13277203 18969785
-48247227 -80881475
-67398278 83173504
56371629 -92000150
83098159 28113917
48954227 -80252331
56462053 -32020181
76572998 -27280735
11453939 -5113670
-65688040 91816058
98712850 -13962311
77399700 -25160814
85025680 -72737157
94921073 68308
97887910 -87355224
97697 -32750758
10232804 68523240
55047776 79437367
22638576 9872660
-42799642 52265742
53257411 65181093
32559407 57879474
82244689 -92678256
-46319617 -58360438
79283649 -35869163
-67973209 94347477
79328539 29296490
56580112 31439365
-88232868 -27856894
12223351 35080096
86987503 42568819
-17343618 77344094
-77251113 -8881544
-4814928 -9892041
-26539424 58242983
979479 -808208
-60511238 1075251
92229302 -68782510
64291766 -29746451
-48932549 82778543
46958549 51242215
-34424511 77581434
133746 -6132359
-4599594 -50228877
-61326771 -77723175
-55228086 -57491892
-41332808 97252891
66249199 -15654815
60376536 -95660500
-18553651 -28198892
10866732 32058836
35644169 88784181
23926753 26751351
41429230 -25791961
-517186 -96123
-24714845 29868046
40980984 31473869
-75096016 -76280274
-99946362 -91381659
1989845 -35093846
31637360 40665844
48479751 -20335504
-70550152 86063343
-66844768 69792410
-91630014 4830999
-62477301 27120608
98058068 -99652931
5712600 -7581050
24895021 -10227744
-6374193 62349628
-54315995 -68934311
70780258 -83865324
31401581 11275987
18549230 -35377407
-68947524 13493765
86211956 -64235696
74427937 73230430
88287793 -54097266
9731152 -83733460
64438342 -8216982
-83073739 -60570937
83060682 -17483410
-57774868 -97143662
-84289365 -77030286
-25267414 91551574
-36844556 81421173
-81725427 30981071
-958065 -59489210
-12994763 52272992
18718145 31755801
-65819748 62767994
-19309201 -17200942
-66501537 779090
86274725 -29448937
11234962 -66852623
82614991 54514599
4716729 -19786879
-80191667 66193002
-42139968 37723694
-23913604 -47505106
30818187 -14450766
-49655425 1241928
46973151 65648871
18881499 -2685746
28414068 -58165300
-83987791 -70547243
-15117984 83285575
-68691832 -46306351
-3135534 -72194951
75351710 -92177003
-51790648 9822448
-33591342 -73300980
-54334859 11523647
56394267 78783985
-81360241 57802311
92850058 -78724437
38414540 68996350
70275865 1864095
46583087 -40441778
55089098 21550809
-46436249 -86639945
-37052501 -27333340
-97709774 75212779
-731080 29743623
44392331 26307340
54139400 59868168
-1982171 -70630227
-52973868 53636300
-25995613 -82792507
77918453 -28198815
-60542487 12967247
88237085 97189662
99923231 -82347651
66798909 25563427
59064166 1159836
25870189 41032337
10576909 17421766
91603264 -9167599
-39619981 -45213921
63175961 -46647764
25646228 -31519081
70863615 37563822
-25350820 89690028
15779677 81698269
-18072347 50097269
-56735060 -71632947
13770400 -53429309
57189108 89607716
-5579786 -77683491
58222722 21686178
37308469 -55904860
27940429 -25480785
6053874 -70376084
-5256657 50785731
22625455 55305691
92305407 -78624490
-84295206 18733153
4996269 10175353
95808640 -23183546
-10725579 -87168493
-27995464 70184245
47971685 74463372
31407880 63789790
86035485 31090925
-39494277 -68045466
-82902918 49875632
4947462 -46241367
19630014 -48178984
-59606871 -85014940
-29347162 5462256
-32909030 19458893
-67906276 -35955425
-36746510 -94985087
92862495 77929811
5387077 71018050
93233943 -72603608
86685792 25570687
77907188 87545737
67789690 -52028242
97551095 -72189095
-24816311 -75120327
-9669110 69669473
41933675 71000667
-69728688 61859891
-9964190 -92228340
-67681153 39973494
1303729 -53570272
42295604 -26773564
363155 -53124626
20554967 -35434827
77751486 -14608078
50449599 3771203
62954861 21245407
-51607001 -95700827
45943778 11616125
-65577586 -79822696
68211847 56946047
16472267 -70174012
-93695637 57312644
-26509985 -72883324
7699707 -13548617
96484928 -87056625
-8401404 -84930986
1630545 41532734
-71235519 -58649780
-80108083 61601232
72608883 61882162
42906540 55104174
-95069089 -10911440
-48804813 20455621
41797673 -42184307
79539566 83652798
74199019 92323501
-58031351 44495392
-45577944 -90231854
81065140 76186582
75495568 -71628523
99874234 56093595
55270205 -26842242
33926533 -599941
-13355815 -81168743
89532787 -9474843
-50176411 -81569166
-57032141 -40474963
-19363736 47078684
48822500 -83884522
-35119958 49105369
33147930 97351584
47488976 -44707841
15962736 72613122
-53253207 32779471
81487660 -81822072
60212730 -32068566
53011189 -50381692
-9059120 90393699
-24059477 82114147
-78689371 -3774687
97959276 49713141
-39555970 72253168
-26519058 -2723357
6361196 -96436794
37113341 -43104822
-85393056 -20758641
10508463 66859347
94595874 -90462387
-97319644 61191692
4105067 -89643992
-97847798 -62799350
-43129167 96219892
-51364616 -81051699
34450429 4692539
60748931 66472889
90339317 78480017
-21352068 33500655
-86433594 33135724
63787234 87509322
-39624329 45533580
-66254256 -99276917
2854859 69461526
42689778 71095146
64981352 20895452
-56256343 -72342411
99865472 -6102924
-75595068 66361674
-64912399 -89303669
-88300983 -75758276
58947480 2151102
-66325889 -1736434
6901777 24107684
12503966 -5792880
39522093 -33190059
656343 2870962
-38641097 45195127
87238749 -98143674
-95428729 25684871
-32380439 81909820
-1708512 88456008
59924944 88269616
97249855 27037329
79625341 36925943
-19112704 -53916922
-69385579 -4417553
36934795 24227755
89402382 -17794548
91399451 54747030
-94795561 33519808
89459951 -46326514
-48863082 37137572
-97711030 44092061
10152925 -58653883
-24561084 79119934
-83002330 12093762
13949548 -80782285
41054036 82120440
-17316847 46235472
-93577672 -3378574
-48450072 -35433274
98770135 -28461357
80271830 61749238
-4523034 -26358265
-21509548 -53148284
67451314 -85102620
37329966 -60150741
-19563069 12377984
-6440700 1404016
-62540118 62457842
86616601 42721938
-43700072 23758047
-29763718 49002903
43705663 82835534
-90122444 -69841037
-95965821 4876085
-96956709 96187763
24995015 3584280
62469353 -98170976
70209373 -38447851
-65834866 18789341
18536774 -9332453
-31013907 -25135124
4359878 151084
-7229895 48351297
-61392484 31038642
42183293 9888126
28590301 -15526460
-32301589 -62392842
19773011 -98547931
-27294472 72483421
-54927337 -82150316
-65156825 34971900
85865870 -74585273
93633485 77765460
36641452 42630162
-83564840 1450949
14421652 -75258450
98095242 55465133
-429843 -65607882
-84464346 -65294884
-28937489 -66853533
-39612634 -23745227
-74108362 -53259162
1094447 -88107833
82444482 -16288818
38872981 61155423
41204265 13010270
31164664 42716537
48420215 4880734
49079091 -57604772
-12598034 3374400
-25085204 71560791
45048909 73327697
80888153 50429587
-70623156 -48460623
-65187789 90270215
-2030262 42269798
33035940 33027029
57909278 47306873
88706595 -79423463
8112628 -3445874
-79706717 -25723104
-93791991 -25061564
-3867690 -34450668
97351295 67576888
-31421346 21024181
28345437 83859770
-67702828 55118646
-25537277 -6363480
-81031917 48136976
55042420 39236934
-57256501 14736580
-23258508 37022595
-59261213 80886576
-29667375 48795819
-18861334 -52555089
-10245617 -16039770
-39498046 43712557
-28889219 -25765552
-93620215 92340554
-8241216 -66107797
-37945659 28179266
95321423 -82049882
15578505 -69288475
-61654287 -42180835
-28190250 -63472665
-43816157 -57735856
-83182268 87394839
-81860688 93318545
39669627 -54071697
-41479477 98738035
79424818 64790171
-86889581 82245487
84481669 33196980
-62016292 53945412
-33038827 87047744
-17381385 40247053
81295346 56008637
-6629061 4624098
26250072 25754926
-19224333 -47244109
-83438194 -60129055
55846034 93157194
53895764 -43572217
-7543365 -98140117
-90134819 -99373780
-82520948 -21784154
-78859568 65686193
-1051759 72981312
-79791451 -6796582
83603487 76106361
14076894 41832283
-37318376 73346581
82044906 62469608
33189200 43047833
79836818 71618193
-70755995 68125491
-85315500 24069152
-77741222 -37236232
88455367 62299613
-78391976 47082044
-97043487 -10468607
-80455368 -5800052
-7932194 73357444
-38331949 -29930500
99800693 -8886202
-78455564 -89655143
-51981968 -46444181
-62599832 -23367866
46085054 -10203177
93189815 29458239
79684112 14540382
6706852 -76059155
45862224 27407876
-4362422 75208411
57908493 -86618726
-28694164 37255085
-10976504 9907037
88546627 -98465000
93381054 -62739007
-58169568 39453055
-14524459 7340930
37632217 64904979
62749685 4302898
70148326 -80793723
90013439 27014036
-32512841 38574219
63985224 -16452205
-90157503 -33766155
-45714189 -68107785
-36752521 -23335834
5356861 -11857911
5034453 67473714
75476427 81922776
6044840 -23310146
-74669372 26847010
-99860406 71567381
59300097 3166926
-3765044 68144129
91245128 -98555379
-16281418 -68839556
83555392 -14001602
-81047391 41837101
81310083 27900197
1307185 77225202
-25529198 53615461
-78390966 64564106
10934128 21760152
6132737 3836299
52696771 95143896
-72217788 13293355
79048619 25223767
-89774702 -39029591
-93017550 74573894
21552154 47685699
86372393 46089636
-39016926 -882360
-7593652 35198963
-58535310 -88367840
35738769 13414605
-56963498 -98423989
98489980 -81519463
-90518119 -67759186
39639895 65443
44315677 9479320
351130 1405572
88366496 34849343
78156462 -12179371
-44899783 -81442
88378570 -73425778
13806502 -90243698
44408133 23394627
45548620 -71213159
-38803214 -51427065
-70157512 -14320427
53436005 -18215272
46316151 -11189268
71247872 48793687
12224465 31383390
4440143 36428130
58861998 54245174
-66886553 -5003059
-22646481 -22211322
-852264 23996418
-54300274 -64048546
16937224 -44760587
-10681634 -54279345
97465164 65675870
-95580624 57494783
80860424 31170577
78276284 58400071
-77520490 90114477
33871651 -47305288
21658910 27148692
-25174215 -51795734
-64591884 -13888807
87129113 44913596
-80952290 30487705
49102017 -88414801
-67231446 -9403528
-50379470 76731531
-85474985 59911578
-90109494 33570253
-87068550 77915005
96163505 -46405092
-70559067 -78229942
-71407031 -97501944
70534333 72065256
66388677 87762384
19138030 -88151078
-88451170 -62296476
2700974 2509733
58746122 30893681
27149265 98758456
-10664135 37517756
-41174251 12771386
-31815105 -81492373
41753426 -87224839
-50553161 -49082265
-34510296 -43498246
85473645 -56127728
72608016 62197048
-2573014 39053354
-86916419 -5609425
64769685 27103411
40017831 -700561
-71632074 -35739592
14994900 -81989678
82748047 13776486
-64575742 26031705
64251920 -8125302
-58742636 20585666
-12241471 80011881
-73464463 69866415
39772154 89045171
-70512468 54100955
-92279957 -68848196
-92873480 32540666
5830469 -16823287
21101922 -64089262
-13301271 80053714
-21830411 14942279
27880235 -56979454
61920163 25711578
-95933198 95905251
-98545468 59509022
72727575 -22730278
-39704676 51144174
63468007 -61556010
1606481 1842425
-80632157 20027622
57647639 -84764559
11631622 86807871
-40345257 4893399
-88372056 -7747104
-16696544 -68493492
-93672807 -3972584
-44925567 84871846
79375587 27319344
-85672297 76811979
43877804 -33576285
34291014 51103640
-25779568 -57110580
-60173129 -53447430
-90197286 -95064863
-40148168 -54546366
90871570 -52104351
57791084 41187015
-99962239 -11031866
-3063065 1584121
-46546477 1186584
-6983391 13588396
-47348792 63862343
-25600541 28435187
9288892 -72717500
-23512304 -18908219
87400027 -45977811
-99968965 23165472
-7299453 -81609262
-84520002 16380784
27427423 -23839487
-55383963 -5936627
-85645286 93942965
-90511267 -15702700
-58031917 81005528
-83171086 -90707488
70671536 -64150373
-67070384 -92458943
-68815034 -24756887
39600742 -37275821
-21114570 43302342
10603209 -40451189
-63940053 98383749
51038387 30807895
-51894540 82453879
-3580863 88278973
85312769 65243153
97840083 -46924441
-9201060 99965781
88971391 -66188037
493505 7659565
-85524855 79221513
-37687548 61530156
89568062 -89359055
52787142 16097773
69385679 -58348561
65533345 -46039996
-61273524 23148530
-9096647 -53272950
89593399 -25147239
88726870 -4995863
-70980831 9535635
-27804429 -13922380
-40969717 -43448331
73498387 -9032588
35599948 -20608951
-75226340 76089739
23082312 -64380597
85842939 -49029188
-23040041 -13295803
-4818685 58187922
-53170849 5133681
24129915 -73686492
91259379 38127941
-84104825 -33912336
-45908262 -56970877
-99522662 54711938
-89631312 68084582
-59669653 -35676471
64301740 88837713
18783191 6462161
-28545451 99274264
25166559 -85496233
4843469 97877529
70612857 -64457321
-53692618 48214284
-33206916 -28720719
95207103 73717393
30338246 -3796071
-75487238 4334357
-16230453 76069612
62832940 -21492868
23314258 -48619811
-84944634 -26294222
13872195 70885921
-94503817 -44301035
-12321863 46071486
-19743420 60308931
-35754271 44376803
-60390023 56041456
-20630310 -55054636
9837183 -93545678
42935821 59695497
75704790 67639855
72827334 85975896
11041142 -86288401
-29478449 23654053
57909138 22434697
-4762088 -34665913
-99377459 -76039494
6346031 99035406
-83969561 -55759233
-52548160 -23699605
46584944 -71482569
-35641761 -95645959
28375863 65320145
-54426373 -23128137
14022709 70260514
-44250963 55639802
-10109873 59127827
41536802 -80801892
-90232893 -65779634
67444579 62785552
-38331485 -26512955
1951787 52275210
61259226 50318889
-95480161 -37613724
82252322 99218443
31412903 73311920
-19987936 -5216616
99484335 44229792
98971740 -87037904
52122947 7733455
76106318 -95440635
39563166 77050995
29908897 64886226
-98181138 -74941041
-29825756 66744727
38427151 70896306
-98708189 -15974824
74190326 -88188592
86082772 1494890
57737247 68624477
-74240464 -68276925
-92163540 33100468
-19254345 -81419638
52548625 71889702
-10961182 -69605176
-43853133 -10523835
52208397 28253443
54015236 50355905
-12373306 -88089309
43879188 -95279098
81615184 60493219
-50278858 -32641083
-94214102 -8189925
29864096 -57988820
-38823711 -90791562
-9421035 49381030
-99333176 -2664480
-65415861 50488114
77066830 33197934
61617423 -20848286
13604683 -57901325
-2107336 -34218502
93985597 49247462
-38271564 -93381921
88891601 42362970
62330318 -46977955
59903007 51457298
-79200052 -23620983
-27723788 -27016929
97471705 91532631
64463226 82494124
-71348448 -38548776
-86750621 -27656932
-69066416 -20314427
-49315771 -95257484
-30477454 -86538811
-67712781 -88403868
51169081 26374701
-57563832 93935381
74044305 -4161226
-57044605 38935933
-1172271 94830193
-59922128 -38546858
82488926 -3094001
79467965 34868575
-31040731 -15713775
-19321981 11624379
65976782 92324461
-75303274 31234104
17367228 -28783936
48165125 70419871
68896721 -13219233
-32873165 -36880077
-5654641 74298078
-55737139 20856124
-55916702 -11566425
-33419671 9107456
74229338 60340747
84506112 45114110
49428556 -99494285
-27222589 19009657
16695658 -93244074
1410843 -77288095
-65863442 68283334
23543981 58934511
52745392 -26820766
83243383 -5151916
-61413148 -15948657
91009412 -7146309
33007302 -68243593
16589221 -42233594
24781813 -8737059
96322218 -22202225
-97340778 -39316230
-72978358 -42268741
45870767 -79578388
-69710242 -12234585
-98817933 -94496471
-74929887 27597039
36434479 60597622
-8674427 -60375330
-90687091 43600419
12686962 -59671026
-17490451 39032512
-67667277 27039407
79495457 19593757
-13456846 -55593778
95830151 -24707240
8764828 -67155105
54937553 -38085441
-25967687 81776303
-18100023 -16698393
-36801324 4155545
77106321 -17658784
68028031 18744158
36085073 40340356
65606997 90472492
14977913 4281463
-17058275 1126512
66734549 -32678515
-74754860 -83579243
14929854 17064632
-49534515 -98479095
-43585456 -23087395
7084520 -53553747
-25904337 79850013
41628007 -28156409
26635630 -72722461
-76137775 -226753
75986678 8322076
-28918587 80151280
42853991 -98267606
-92935536 90622246
68638228 -94157185
81172878 12129594
-48625402 56790132
-92125709 43943246
-56261130 1328280
-26452262 11808521
14989643 -30833385
-77643748 93998239
27889637 -56205285
-35406232 -82334374
21344443 84377866
-86738096 82035892
-85792771 -93860548
-77204971 -9161589
-53206425 52549589
-17172651 13527381
88337455 -30960090
57725351 61646431
57274928 -10376133
-28881707 -64141739
-37568992 -27086753
-46877626 34612556
17339641 -56271613
-41643454 -63900192
-82907955 56819817
49075408 -50003100
61043670 -20260607
-82921691 8616096
76376966 -70663299
61689270 89720160
42702747 -97799512
-35417991 43412911
10301099 35138942
-31702738 -92064592
4323665 -36475747
-6931208 80060288
-4061597 -67970245
-93660217 -95925054
31307268 -10215707
87409452 -32226128
47756965 -82520989
81240065 -56177659
-85025695 -21893459
49518024 10614912
36297838 14171173
34131523 38855039
69740396 -91106906
72459019 96198610
47298999 76426036
60081807 -41159801
25910188 82513776
18823775 -42955679
-78836498 -77870736
70577304 -94234347
-42759927 -31046329
-62261242 16025296
67393748 -86129815
37496246 39393711
3478117 -70937922
83876208 60170701
-65296166 -11175371
-96176745 -30864879
-51052779 -26795236
-300598 -65993567
-12209934 38701236
70967956 -55332933
35164491 27909004
65466044 30331030
-81333209 -34937066
81311203 78675083
-15137190 92029617
29654077 11772180
-14057451 62936268
7425635 80137270
-27590294 -37285442
-84133082 -3284182
34980506 -40798525
74066744 83001079
-40001247 90514465
-47449596 -34235117
-81381064 78881761
-41873897 -61926691
-25533452 8267503
-73245167 56481840
69837310 -55022911
-79630951 31944987
-57567643 5115131
49045969 -65776511
21831796 -78252975
-63505459 -35203366
-27386399 89053248
67702506 -49677907
-78489082 76719535
-32074028 601876
-37667956 78511333
56685512 20162987
6282990 -73725942
-33382267 97567264
22811931 -7501656
-84838806 91342695
43046043 6959014
11991864 97653481
38859591 -13225860
9930483 -31587705
93756606 88855672
-71198723 -37767039
-17437941 43053500
79118450 48107437
31218086 -97023416
14875541 74302857
13449587 32497799
-96018902 44241338
13072836 -86498219
95088411 30557252
-36417095 -2939356
38201549 -86454291
53902292 -574165
-92007659 27881413
-52780330 68020184
50743837 96461366
74484012 25630878
99272445 -54701072
-72382002 -52371963
83284263 -44534411
11612778 97769020
3116400 72964080
45020245 -82440302
-15580528 -67928555
-34627119 -6038871
-54984360 977863
41239953 75055280
-23620745 -28258834
-49324971 -88748446
-18691710 -32804079
76447905 -64769608
-54429307 34837210
-76652567 -31738369
1518587 31275862
-74914789 44935976
92786537 -27344802
99283672 95064792
-1608034 -9827301
52029740 76203663
-18600914 -97648715
-55259877 -8473919
75958167 66145635
57113996 89954012
45153773 16572045
-71247220 -73281281
-3576263 -72889287
-19135049 -114228
42027066 -15193683
69368002 -1428643
93780433 -99954632
-70847340 75112643
-73497602 -78084986
78034896 -33045959
-15219843 -82172824
-50785864 -80423542
-80273172 53694597
88040513 -2512812
-20661519 69430072
23767308 -54136596
1015039 71149448
18083679 -8810173
12059127 40709722
-5180992 61601745
-22241978 67205903
52828456 -35537378
-18064724 -18264072
-25736219 -98123815
-35371920 -96056358
10388853 -89617238
-10086493 -10729268
-42916128 -73507459
70240553 32546460
-69499180 -79419657
84097629 28284589
61880988 -22878458
27516394 18227149
71715287 -2814491
-91052179 6695029
13220799 -32260076
-83182717 55354965
35600044 -82241407
36350432 77484721
48841181 -83910382
-80372396 56148465
-17058205 56480801
254529 56469205
-93035224 90477174
-99654536 -91217619
62838336 -76382504
-81168610 -10273433
32102853 76103414
-44930459 -63377308
-9788580 71313526
26938012 13233919
29492572 51966178
1059688 -9206693
90981327 -77531744
-24714899 -74789128
-33177013 -72413171
-71789351 -70048139
-21515281 -42569782
-37888480 -45252906
80827724 -96054276
68599076 52193923
-95795317 73289267
-23827480 -56438139
-42020972 18014989
74742816 -49029799
19143311 28884245
-66696078 -35964697
-78154249 33572788
14070043 -26230719
55799325 92782915
-72914090 -82630402
8089855 96910182
-1024968 32099194
92943271 -8290372
-26370013 74594206
78465053 88632671
-13739427 54425173
-24559756 61640124
44878503 -54787451
-36418326 -9304
91447763 -66886
-78956372 23374275
54749851 -53805801
22282955 -71073079
-98372 30079815
-96143584 -17502219
52954451 -51473108
-41541818 -79948842
-57837756 28385409
38583090 -29707426
-27939837 58164028
-46609437 20503891
-50526523 -38270118
84534919 -48577318
7066302 -42039928
52499277 29240576
2604160 -60998590
41416711 67468517
-64454154 27753034
56760709 91338643
62453109 -77097176
-10049116 36667741
47799295 -3110852
43420621 -49710243
-44202358 -67184711
72367437 -63607310
63752313 19641714
92890829 -27614428
-83745164 69132030
15777400 -24002288
6562493 5779228
1828686 65969356
79464476 33737068
80350467 -38057173
23248476 -41369444
-50844476 -76991111
-30542786 -77856236
90709214 48756901
62144698 -1563645
15097759 67283218
69992637 -16656647
15417673 -51018147
-95950183 -35260826
-31369958 72713216
-1497029 -63856723
-61090095 77760312
-87025105 -74642411
79061673 22405328
-96856977 27845992
-24940694 1387083
20381170 -20672915
31900478 -1436190
-80077690 52401598
-66769810 93274994
-16257842 86964076
42278338 48880867
-44256646 -95811010
41158080 -36280562
-96888398 -11071185
6802301 -1542209
-31680518 81438165
-28741906 95333182
846549 -58776926
-92762233 -87340
-45169527 73030940
39636988 7007911
65075470 -69037092
65536036 -33500184
72279587 38170040
60187147 -67883881
-68897252 -66522202
69920282 64890256
-35225371 25629936
37237950 24894637
-75791492 59086429
-67503160 -13961470
-33299113 71982381
-75397186 2111815
-40522744 -96173275
-39554626 -25859461
-99729991 -41344282
-35299393 25644824
44770140 -17859113
12126497 -86279649
31607891 -54776480
85425213 -83898335
22271928 3185715
-12347637 63353169
-64922911 44200009
7681459 4675476
-27264715 39040444
-49923314 -99656723
-85909550 -63535088
-50698659 -49923457
32065771 -3042714
-4863555 -38565123
-13484709 -23595148
63537428 -57729911
75262762 85173660
-27511197 90949114
42034544 -19866789
7969723 83383126
54314121 74405945
-58739254 24741777
89219920 -84260498
47600259 56000731
-60950997 -89590002
-51487384 19421641
-93214884 41023609
-82059956 52897976
20902465 -50277253
57466112 -76931775
13683117 -77455631
18734471 -63975863
-70831172 -70946249
77152957 16801418
66621100 20684091
52533596 -53397558
-6777732 77150902
-93798040 36036398
36732662 40736866
79125882 23537931
-24497157 -9902311
17923325 -37786611
-83561164 -31324886
-74589730 43332200
-35222860 -91688284
53778711 -3330461
21970011 -67946309
26744102 -89198142
-23347767 83022595
31740994 -62849910
-98619539 94715787
55320806 -71765047
-38946925 -22402278
-1712819 -4226024
34339032 -32336833
-6610040 91047060
72019109 -34887581
-44355945 -88744080
47720604 11618783
29138908 -1335279
-3800338 89218838
-96399879 -6051322
-69007144 -85646248
90892272 82244504
-11320029 -57600500
23818341 -58892141
17427018 19538174
1487801 -67727728
-98933978 -64491010
65266982 87925908
-6383385 -7123434
-56785404 32304972
-83864047 -52075086
70297132 27641204
50151265 67751548
35217934 59361173
43503641 -94733023
54810225 53404299
34435731 -65416291
39043533 58287952
-63932793 25775867
64126270 -84027868
-56294650 -27770608
91931370 -98052367
15287254 -18297352
71665839 -97656410
54657679 1869818
-16810411 5544834
76586346 -37185401
-1581194 -31854997
64189108 -25382153
-2100434 -47350293
-52112073 -64527821
-10470156 -24761690
-98072897 -52634714
-17854100 34920229
-80889525 -54888450
-27941491 26267452
-44520891 74799060
-1975778 -94045035
43509669 -89367192
77432682 -33741117
-26282098 30955267
72731234 71266079
28529157 86202068
82937179 -92854428
-34677383 83603770
-25836352 -99002243
-3986174 -64390674
50425642 -10555215
-20044155 -91223875
-98047613 -59279692
-27488796 42147617
-75588335 -79310077
-41492084 22108391
3146198 62530093
98085523 -16058106
22681217 -16813093
-1134953 -8855956
-49633064 -31540663
-38684640 70166872
-64476303 -48563480
24654478 -16892255
-63766997 -59157464
-81429301 22951001
43006372 -97073449
45111441 -34287798
38604632 -79487052
66742219 -60441997
27757378 -23761449
-9754358 -63473842
-1783906 89144665
-75476446 92948915
-31586160 -882047
-87622725 -27737363
28093489 -72713030
36919182 -44306450
-60613054 -28890753
-8236365 -4392234
21951974 54892118
-5696253 -72737497
92025045 34755994
22264590 86471423
-93421906 -21547841
-2241737 -29838012
90805760 -85612953
-45582963 43472458
60177631 42974592
54442261 -21411700
73186556 42538259
39904521 -53883915
87794358 6298399
62052474 18111852
-24788717 -66113927
-96893112 98691944
22400906 -40606997
-63660962 -40659925
71446485 28462875
-95747072 -98831449
-38256009 6925974
71773582 -73046825
-5130965 -99448222
-81626546 9313127
-23126826 18389031
-91279151 -85090223
-33883065 96679871
34112516 -95389620
-23328158 -88514279
-34231323 -31134845
3033102 95804551
41818285 65717875
-62022656 1510515
82145871 -87117126
-45228495 92497346
67694718 92934937
53253463 56274400
-41441363 52513581
-18897119 -19420427
57175201 -21081935
-94714734 -17562952
23368148 53923750
13866949 76116144
-83203061 67939160
81945250 -15506652
-58361116 -87132031
42281968 -3776405
-83302312 -30930868
94363480 -18020127
-53870395 37389825
-85749120 -98254738
64001625 -53314886
76161215 -64211090
-97339243 84784717
52163243 38462882
-61514965 -39333924
4711490 -24211122
-53058370 86637266
-63258221 83499460
90657281 -64049407
35282326 98735318
45897896 42214285
-4302093 6103619
51223563 -38594745
-79921324 66575858
-7812915 67340876
-5987807 -87548314
8452524 -15281887
-43837869 15022246
-57984533 47898767
54187704 78478624
27537347 25804378
84558512 97310403
76334470 50249246
-75595960 73921676
-20562197 -55985257
-15227643 95895922
46001073 -31572163
-4158428 -99383471
-83434460 -45697581
63224223 -51084536
83696839 -18719280
-74747403 -42158455
-43071901 -84799031
31634315 -32859618
92289952 30863585
49345217 17322931
-99155379 -7051003
-42428426 7898607
-36172525 30505313
73719528 15270327
15199885 -27906772
46450175 -55980064
73378372 -9860073
-95944745 88677298
74870546 81599183
-61809137 -10014334
-40110464 87671029
14626397 47509966
-781297 -65501001
12045326 -69702420
-51113863 35785369
92361589 86865621
89871544 -20209932
41625456 70293213
-25417594 -31628534
71552761 -29448516
176538 31325536
90442952 82284002
78358736 47558318
72438984 14676866
78015257 18779785
55674828 -93461518
-41792810 92796849
-37809998 -82500120
-71488610 98834377
28005764 73326158
91392720 -33663193
-27057066 2606786
32281918 46876651
-35354464 68983260
-92583989 57566085
58723869 29753415
-87444620 3900752
25015661 -14771495
2009475 59878387
47573691 89482989
-96588256 77763887
18135276 -45779485
18173267 30327164
695063 48910562
62756638 94137298
34760318 -5283215
-52847450 -3560898
-78014125 88882086
88103363 -7555988
-18935691 -33992050
-66438918 93575930
-44641804 -73156632
52732215 5832005
-17099810 -93008778
20158010 65194568
-43202428 -75355062
16032380 -33218573
33615756 -46025763
66303225 -57124303
28023747 -67393041
-78278008 8624055
-89266718 72928128
-97556723 -58765018
97042923 -88664718
4937198 -26406819
36618214 30178217
80828028 33558200
26191641 -94645510
38622389 -78722317
-93103329 65058929
-50132674 8600627
26583441 74828964
-1603503 76683721
-63286255 72412227
-90245980 -74164570
25357198 -44118636
-51107809 79366793
-80509684 -42067180
-16835641 -37063793
-30634733 -23554936
62962565 -85171740
-63962382 -60629744
-70735595 26451853
55254115 -16342350
-15366129 41640090
38050563 -61614336
83696883 -92782228
-42386800 -7984728
49787934 -92409817
37059353 2822055
-50787618 -65218397
33937167 37559210
-31200299 -85965764
-81172355 76751070
33712880 18364837
-95046746 -75074710
44480086 -97819886
-98629092 38467117
-37318910 56646984
17580302 99864612
27226117 43073852
-15422302 -69170301
87620610 -77804760
56831166 30999490
-53903475 67416411
-41529861 20578447
-54099991 67361743
67984465 75663582
31496637 71372327
80087336 52937467
-67641052 -75477257
-40046395 -54196487
28949961 -69205357
-95711933 -76347031
99244367 -54713150
37286269 28229852
72550431 64303142
94547450 75161391
-40218032 24923102
66079043 39922247
96640648 79768498
48793941 -42873115
-92068364 -30941907
-6936379 -90588716
10858631 40655119
72742042 -46225324
74893380 16632458
-43562009 23929499
80617999 -39546406
92009044 -56253991
-59702703 -66174234
56025288 43566588
-54676685 -62366427
41850685 -29269367
32176163 74363044
65387043 -60155363
-98797000 19579782
70114650 -85250284
36243365 -77550294
45924444 84810900
-87746700 37269935
-76069226 83996124
-37089883 3247509
23934592 17254768
44745008 -32067426
87249065 -10183162
21776012 -95588621
75151029 -45150803
11810945 -21253392
-80093682 -20524787
-1495544 16141157
-21537503 -93927560
65089692 42119917
-80807538 -25812963
-43636426 21586594
98947078 39219147
75365945 15863780
53153858 79934283
43607489 -97798661
23999663 -61929185
38613451 58680935
-32544376 56095344
-24095158 -89503604
85246842 -66887572
1375290 -10836280
-7348192 99316452
45248425 -9094389
-84712868 15616707
55476368 -89029625
83443696 47866139
84611572 26904943
78244220 -29044250
-17825833 20912673
18779753 61235229
46491465 59658674
75214940 38791096
-47357520 -14133061
-85009591 -28077083
97373122 46350689
44509319 20085612
25066691 -11509187
12188995 -44637510
88944103 -7224640
64589501 68374987
84649255 64057907
-70868910 -67549714
-19145954 25009054
-17778556 24920614
47809198 -87150029
21531936 58498514
72874109 -17409731
-29391881 -82803423
80361834 11586101
38400526 5376933
35898336 16177656
-98875776 77175003
65904079 41838677
66180443 13245586
-83865165 47397013
84539922 94392285
-93379542 -32899987
21543727 66604290
5663571 -77013709
-90042990 -80825718
76529288 68931387
-77199165 -12584599
55726831 40967563
84573584 53284843
52650844 5159956
79317078 65980748
-60507596 -24152167
82343002 -25179688
-22005255 -67474194
76597041 -77740801
-1044126 -37859638
-95601632 67296524
99417404 26008743
-32933897 -63916098
23535415 1935982
49503324 -30794774
83721186 72271237
26129341 1120192
4902857 -79721277
22666627 91601127
73012521 -16623356
-44984427 68538193
-13248219 -699971
3472731 11253359
18876817 30529985
30238284 -28790667
-85359733 30579332
-92539314 8742270
1434488 -38099946
30726423 65313419
-53588718 -68211879
25616666 -84023840
-84253784 10607867
73672921 68352535
71204998 -37900729
-27280414 -29633557
58880006 22170333
54158455 -73497607
-12331424 -24390795
-11676163 42742949
-46162185 -93429345
60590368 -10911610
52500373 -31085608
-6573600 -42619532
86549528 40591604
-7416383 -49522528
-16285359 -59197259
93141885 75542978
-50514678 -65948504
89017557 8790126
26291348 -68354439
-81453881 -21732640
24737466 1088502
4842071 -5988623
7537138 93916622
-85353223 62461346
2403422 71749428
78327435 46418334
21053586 -72736283
59322428 -87990134
84393894 -42007114
17372585 34477379
-84611362 -37363426
94433671 26895282
-22401823 -49426444
-39593497 -29329422
57494921 94100948
-57092211 84155982
-30886438 -42302318
-39380172 -63733042
-54792965 95027468
-8288461 -91187610
60041022 17615146
-84406528 72921264
43792929 49121971
1730577 8100785
55308582 81066991
-49684741 -63447455
77671728 -83538336
90793995 -64416637
11740121 -58749639
84876237 -40893986
-71845148 -60085477
-87183940 76798588
-64805171 -87664099
53735025 -55688960
-18865086 -66344161
-56763179 6641594
-27842618 -68235089
48887282 -20800401
95276840 -34819716
21542688 -99262224
46027652 -5580421
-55478001 -68495206
-76504050 97329667
38031274 -82289468
98146650 -43309199
-93700376 -9913262
-48036617 -25746702
73342363 33144444
65757585 56098191
73868154 -83990837
-56332806 -64335709
94870437 26026301
55071597 -7399973
65363685 -87303054
-48060399 -7815638
-88374102 -7658559
22244227 -33632419
-28286459 -86880676
-68396273 -72518867
41004062 34767877
89184443 -85922700
66152356 69798098
-70358510 -72777949
-90831387 -85850286
54309822 16196462
-73952778 67058203
-30627102 -6622497
18280909 -33016675
-88401132 -43971438
-88936769 98376383
-55688781 -13443167
-18040251 74871501
-77870239 38659121
-78332622 25660721
-90011720 93479914
-2133046 6142527
59310550 57245789
85962833 59003233
-91592898 -88623977
84109087 13090646
81998503 -58566171
98990882 -77181144
86273674 36693110
-48506283 2288013
460550 85185461
-95299806 82702189
-57721881 -19584492
57878794 -18417736
-5831803 71275172
73865555 92133514
-39727752 42532879
9236505 87479335
39143302 -36779171
-35218494 -30491061
-17569495 -96186221
-66196685 -41901353
-96122405 15660540
97192618 -54980170
86636807 19424719
-1985796 -41916073
3258217 36908836
5172358 9793778
-80738184 17836641
84347040 -2664997
-8743927 -67737962
57073920 -49539854
-23935442 -57890825
-56772029 -54290926
-84316048 38481290
-76525605 60730025
-80905946 -49910762
-95981525 -9867592
56320345 -4064864
26248922 -2152728
-89429989 -40736394
83898383 -4104031
-56368722 72202192
20733003 59017741
57575895 -90705864
-72213318 48892156
-89990185 -22134733
44588409 -38442057
36326222 89876629
-81698590 -51041543
-68042915 77687044
-8452903 86008919
-25921134 -33531268
27512451 4403653
67177090 30981031
-13313786 5519447
93500946 43658786
-90009826 59206638
70491734 -28936593
-15959069 -59700411
66299454 -444639
21526931 -98721788
-49423767 -21933160
90426286 537592
46072989 -14402923
22666289 53163257
85584188 69864277
83467603 30235623
-79266541 83554553
-20091998 -6053716
77068005 12478689
3569960 -46978379
-85624679 3047727
-96264648 18253458
-71596476 -55416644
4350872 -2298109
75978361 7569146
43020782 -4447684
15811728 74062678
32807036 -92782592
-59055662 -34153650
-13440360 80135903
-98567574 -42121864
29441890 64922908
64805094 -88507163
51588711 251013
-35206954 9949840
-31739685 83348384
-45332265 -78407740
52265866 -55658661
-39205432 87170529
-13665691 -34762429
-24203203 -69315075
-24383548 85914127
-5959915 38403412
-12996338 50127895
84239667 36255633
-40159143 -30456471
-88603874 -91134153
-79744332 -35034820
-98459871 29345192
-74109411 32417498
-76707670 -17469085
79489155 -45788321
-67176227 -76260069
-52076551 -68317540
21137536 -63190534
98090650 -31875123
-19621933 -54839843
26342762 -94093117
-17268954 -21021975
-75154528 80173337
79141624 32574438
2552664 96125562
91125264 15648082
-48917469 49824303
83271934 -2094433
-64188203 59829430
-79168200 -52438689
60302060 -15268156
15210078 78864122
5391599 27154036
60775915 51176464
-46078578 73223395
24292771 58189495
26385476 -28578998
-23331825 -17600460
13965845 81154228
-78032755 68095143
71159605 57200318
-60597776 27841361
77315161 16747577
-37624986 40234107
-73297030 -1925670
7858115 14632269
22626704 -9894689
48797457 -22214503
50408523 59568228
85819029 -27964546
67584349 71709733
-90913148 -10884670
16481284 -50244924
12146468 18460299
-46403647 53107987
-37596668 98606454
-89602496 35458483
-64388693 91187310
-5587536 -20459779
26363216 12617425
97868407 -43553642
-73915580 11574237
-68430508 55388731
58522527 -1671964
-315518 42709365
-89431858 53584648
-34688714 34093651
-77263432 -69093738
24987041 85778317
-52601575 -18045650
12880521 -23255077
-34558754 -95144322
-53053482 51303558
53799052 -87933707
8869501 6870757
54671370 -89294770
-76415253 -18265797
92012183 -73769398
23514720 16935081
92440015 58160417
-81930107 -64459024
-74877670 -29604880
-69884601 83481717
73206627 -4364966
-45952717 -27496782
61507247 51635087
-17702739 67269444
-91675178 -81119475
96840125 -24160341
-747306 -25919920
73642423 32921421
-98021268 -76635193
95643849 -3591766
71739544 79221389
-92978262 52460575
-43759135 -18770256
50073707 43971895
90682048 15365628
-16897979 -30305584
-32378321 59200196
-94925031 65964153
32285308 -45443201
-72657480 -10464961
-56254994 -49326746
-84121225 -19758872
59926848 -18831577
-51133695 33517583
-35659276 96120015
76149878 -53658915
1063180 28294972
60695783 4725086
-86723108 55379410
96417843 2121749
-37292736 36828245
-99066664 -89962784
-64232000 87505104
56920266 58897731
-32119989 2432912
44126275 -70009184
80220391 -29339265
-59957182 -74515507
16881749 -53666954
-74691588 91717317
44327403 90434824
97196129 72083856
-62039227 81773320
-68817037 -66419883
-46569018 -76940874
28341623 66160539
-37502745 -40135529
-12210097 19916495
75914214 -80676339
57748431 -68932952
39918962 -4097335
-76432426 28435127
-35607005 73440175
55828134 -9660341
44062201 -69788148
-89490112 -33431683
-13486216 70432149
95264169 86792303
41898913 -8496081
17793677 -75336000
51966018 34153996
-96515353 14852627
-20030840 -28604863
31620999 83170777
75013758 48429824
-31781184 -67373247
-80330183 -66906128
36953345 -27987311
-63603454 -20107139
16421411 56806611
-8027183 -95785247
-48011128 30599050
11511658 -39714379
47229600 74425267
22447384 28397450
-90651194 84722392
82971645 25398495
27222639 54752580
23500123 -64175907
-31848293 27634152
-63419208 -98478509
99393777 -94887094
43236678 57695186
97273734 53917140
80535679 -91357945
-73480371 -95093123
14712809 -84466824
-53579422 -35878209
24122828 29706707
13569817 36644822
-61432396 28824086
58910459 84844245
68010057 -12809753
-21346428 6898485
82572718 -80456684
-8042214 31085476
22968363 -66927471
-20264037 1653756
87047213 -55328260
-95930447 -77759262
-93567981 -43097970
-87193354 -3457815
-86263782 -80712769
26478019 -58105367
25435836 5446441
25302410 81623252
72377156 -53454358
34939505 -10424014
-27741319 -76981636
-25764039 -52989610
383126 11250320
-60052768 69814137
64632497 48208101
86560890 -95257687
-52208007 9926017
-67179744 -66961412
-35649077 -97687633
-82197777 6141984
-20148287 39250047
95059514 18267551
-43654482 5268287
-91245125 -68978629
-84381212 -16718866
-63770296 -77707476
-63620663 21180649
-20787957 -42987113
-70529301 -84903874
52211276 49587195
6753306 53838637
23880663 -66680148
47250086 -80866509
93133713 -91918641
64040894 4695004
-64024892 74213060
2563451 73644086
34860252 -12286935
-97984682 -9954852
-16244536 23443213
-87503889 -87072140
68777401 -12563532
-31873244 -5565033
-77552246 -97594691
95227592 62019954
62311905 16370621
49213908 -86185568
42137618 -994886
10822925 -93237360
397405 -10768680
20349290 78012405
49983798 54339813
-98104402 -63386417
-26581048 -34645598
-22121039 -37610359
-75853683 98867326
-4484346 43677125
92559468 92854800
-34706052 -81775199
35925322 -14941273
-66488289 -29342889
-65745745 79985811
75667617 18578207
-4880137 91941856
11057031 27688508
-86572646 -92220135
55035344 -47247433
67211383 49673761
49863568 63106942
69005863 -18375224
-71853350 -79313241
-29105202 -43653697
-38307162 83882527
-9177885 -56581395
43033563 84306235
-64700093 8234975
14078700 82365057
80280767 887742
54719669 -78316202
84415928 6079664
-50414399 17119696
17828640 -47851732
-7486284 -1131868
-60507809 35993550
-20102157 73893201
84911686 -81107262
-27922528 76046180
65929547 80067039
-65479435 -35481951
-57427760 -53086376
2197038 -36712426
-22187873 9313916
-51929382 75618048
-14308973 51462680
64421933 -95870367
99560235 -57249746
90619154 68241818
-6961238 -57655999
18239171 -67230160
53821340 321906
-7779867 8991798
-63194975 58529833
58547411 76306950
-19193213 2556687
42358134 29485174
-12946140 -47563494
82311294 -20598863
-39808017 -33206003
29637888 49332457
21952269 21203554
55587948 -8125553
-80259743 -64063821
95106392 -13771898
49668634 -86378203
-17675262 7352149
20837727 91399977
63796796 19862508
3784228 -36758745
-1997260 35455450
-93544795 -15896849
97612270 -94499579
25456065 89576266
-44598917 69021252
26157246 -33245070
-39807116 66482144
27539179 -12550791
-97237840 -19402327
-59122702 255222
-76254218 -27023195
-29630243 -95452043
97778925 -46922917
96270180 -17156435
-34644108 36125516
-30417103 -38024003
-64183992 -7614730
-43666834 12664147
-28786802 -16644198
-33242005 -99924734
-8029428 30271047
-8743740 12384902
20681071 -37359486
27074604 20525662
44324068 -11017386
80322283 32925768
-72457000 -80879645
-89413575 -43603746
-63584258 -49503185
13016383 -24226220
-87404469 -58046032
-26813516 45426122
469952 45417858
-7933127 52690433
2288625 54199397
-15504243 -16695543
68503248 -96549222
-89158384 71501935
-10084616 47561279
80167019 35667279
63178677 85757224
-87092476 -1919761
-31074768 82119775
-4022408 83953681
-5208220 -69839347
10019056 84769374
10429150 -68547751
-32403448 -28986644
95780849 -2569485
4457383 86748101
38639640 13380468
-10888539 79927219
62332063 11760364
84306462 96273908
-43499929 -12749453
-89221267 98096246
-77408856 -62301837
-88342877 -36402666
-93677529 -4918361
66008234 28118086
-20033388 79512239
-76317431 -82235015
-45211119 63252655
58329452 36493756
-79003788 7832333
-91588633 83639862
-48669462 76895428
-40482030 7914171
-22834137 -44768497
85811445 53813318
-57757032 -26201899
34874879 66347761
-16948356 22445646
87178851 74916261
85480113 -65746489
51726819 32573196
54917927 52249346
-83955204 -98472531
-15805303 -77615911
-10296761 37695883
-35928596 -71707009
-79838201 -2403438
43054273 -96263504
71471997 65320483
17236161 -68127493
-59034659 -9479636
83932233 -22550986
-98989085 -77403161
-63705558 4363356
-85323368 -61938293
-36317336 42840965
-49499773 981910
-95736306 310360
34014863 64482573
-34131333 35631613
-39890769 22167848
-7949508 16743082
70586385 -86797161
-43756413 42897455
-21385623 44191841
72723500 2250937
87652140 5693265
-46491011 -82823410
-73381611 65537049
70529961 67087409
-71405173 13693100
34018202 92503032
91017752 16376029
-32956089 30756458
-96311219 37287119
93636951 25593239
-14063225 57603665
800256 4159944
55253022 -25620009
92589263 44013063
-8306470 62592512
-54673357 62348907
-17534293 85978530
12412028 -51223157
-68443892 39143774
-8058767 63911153
5653464 -47999918
-73967438 -235506
96717449 -34658441
-94636284 -86035560
-32914154 8469173
-23024637 58109306
-93504513 -2378030
-96095480 -87313717
-65628274 24627177
45641015 90368762
-58678177 -42518245
-71184265 -77009771
7141496 -55783341
-34764486 60263711
-78363848 73641237
-24515883 -78464842
-58897135 -86707923
-38652969 74274238
80187222 -65262443
-1088212 10345962
-95700873 -73582926
89806981 64887449
-55141846 13059713
5966989 69902388
-75146050 -82634548
79472169 24287354
88882650 -39688663
10610287 -73073271
-7343735 42665830
-12686642 -94282659
68413943 71598440
-68866037 99280595
-74928498 67459395
52359236 -70325588
-76911617 44885450
-16683876 80203233
58778992 55841816
34658246 -97274677
87542009 -47168433
-85136367 16755007
-92261595 -93180685
75538018 -57362695
38628431 -61381620
-55533798 48652176
-24553462 -16447618
56750715 54808479
-29968865 27913667
-45032248 16654883
14815754 -62212372
18515973 -69716869
84968690 48118609
-30296263 69199916
-54218284 -31833350
18550761 -3863826
-18421926 49486621
64202657 28434790
-4933109 -385221
-97264285 -62502193
48481181 17569559
-46901904 15420962
72855739 -56265742
64451622 -66087794
66344089 20889369
-85726029 -21945657
-51350628 86776669
-25914248 -29367223
-48217924 51971412
-54871745 -6354120
22003805 21638636
-29615612 -88622166
-86070354 45721961
46878071 -74896975
-5045498 53042091
-6537769 44495993
44073739 -51042545
-40645410 62547596
13906366 74306529
58711976 83138212
-72890501 70099234
-60633709 -49261297
-18842245 -31757178
98571268 -2635434
44129480 -25548477
-47634381 -56519117
63189808 54447951
-74767314 18118352
11735957 1026626
-38455753 -68938314
-16093485 -73070147
-1727273 -5123128
-24254369 81565057
927300 81594975
85292540 73674098
5689020 -84979398
-92185540 -57200263
11121120 -46197138
-82315681 -17115854
-27238649 -54864427
21121371 -4702582
-39202282 -83775589
82162981 -44303387
88988940 -95499747
-3296408 -61412047
8770512 34533415
71173637 -62412842
-66935440 79046883
-46139209 -34981038
30252367 -30425067
-64570698 25121242
27626195 98562796
35035006 -14825252
65361450 43659916
57183267 -87364436
-76009578 920150
-79985294 -28693639
-93449517 19953956
-23087765 40484091
92126354 63638545
-35792342 81294920
75611065 40164326
29861479 -11060550
51118274 27655036
20436339 -10585894
-46774164 20970915
65928754 38755742
-64187494 -10821562
-8224312 72507921
-49580492 -48328062
-97018756 -50683483
-67397872 -62862531
72845431 -38979816
14936285 31488741
41316903 -53640541
-70833174 -68025144
95220691 -3630827
-91838569 -71811042
32819369 -16827281
-22482869 -56720143
-7879221 -45855921
86845976 -26132660
-62217401 89583870
-88188992 -40411259
75503044 -55409789
-63928836 72189070
-84895038 29058030
-81616886 -38529404
-66036192 87226084
73764506 -72302799
44219341 13338982
-36238458 50744647
-73851221 -23465351
26230296 -36514300
89530279 52573641
-54218563 -18258532
81403493 27446248
-34909600 -56679453
18495916 -17038187
28108085 22929085
-95354422 55452419
8481795 -15978366
32452877 38940169
-26671348 79364926
-52766905 56985511
1505578 -32622503
-75287448 92374134
-2344308 -53623722
63057303 37635581
-15887229 -41782607
-30513927 -67822279
-66996728 -54665662
81034522 -39929238
-99495068 77317283
39566453 -60984361
89642433 -25756106
-879327 -52592588
24598358 35825015
28718042 -19843501
-91503968 -49353513
-13299946 -9014779
1667761 30545738
-61479380 -52461977
26977718 6088756
44075869 -41299736
-7809173 -22562309
-23247980 -16856291
-46352670 82995504
-40098368 -20935606
23346407 84788726
-29004634 -40331615
-73900867 75696804
-55822692 47148669
36701036 93960308
-23316766 5135989
-1681329 41539699
91713778 -18379461
74433157 12520090
-70223083 -95933924
-30113964 9570993
-42782295 -35288129
86893963 -50458386
73828351 60524119
-79580408 57571988
22533787 67069004
18007917 -67343763
78547885 -87830027
-72817337 -31934235
-22122157 -89474433
-25081964 19455751
-11795093 20660618
93377349 19255678
-53826774 -3672865
-28664901 85637334
32587251 77904143
-35797473 55931821
24772835 71012697
-82800114 872330
34995138 -72341318
10536701 60356396
35248344 81419383
-59819966 35020413
83573526 -5351588
-96171742 -38370456
-7567063 -40680589
25929326 95681319
-28168266 99467312
67461245 36902574
-25746107 36600784
94104267 80032387
60112999 61020423
-8550448 -48175388
24203076 65185773
88518574 78486889
-37848472 93998921
68691598 -16022774
70940234 -71384781
-19777029 -43388016
65950714 -5790450
14620088 35826403
12348095 -52806091
-16605106 2850937
-7258926 17497396
-55743287 68011369
-7872795 69642646
96279158 33668474
-62347553 15280124
21718228 37447698
-52821847 -9986072
-68916012 -48022810
3330063 71646229
-2573239 -30388601
-70995376 -80991498
-47046139 8621537
-31145188 -77381569
-56816711 27975589
-32787147 59358925
4981751 47734390
11161286 16201883
-92407480 -9029933
52377567 63181233
14391301 77264034
-26922867 76534128
-7226499 -93214664
-25777743 -61443083
-68926439 -96464090
12365686 -86806798
-27290683 -67076458
23767533 -54566691
88953223 90326425
-40196988 -49266104
-26204629 -79648048
94161377 -12913601
56424545 -53385376
37155493 -53900459
-28233380 83533542
-87406126 59971537
16846325 30383026
48205463 94680849
-79962239 1906162
-76611164 -80958512
12266782 70326304
-64186954 28628604
13869908 -53715304
80583723 43821052
308241 43942762
-44458008 28033334
5231179 18282255
-11846494 -43533697
30250952 71690694
54731146 -95579953
48981382 94282197
35255077 72094057
36604884 -98164861
-27612041 -41059421
-47226561 36853687
64283995 34932541
69493824 -4049136
-25562088 90402877
76014875 85294830
-30466937 95603844
-52829476 26068711
-33964319 -72408005
59881631 50498518
13685024 -21190939
93893511 -27549285
94748670 -13701665
26009663 4705002
38942373 6403361
3059984 74260352
-746077 40938862
60358789 -61368100
-32513218 -32728646
17011943 -3207134
11492109 99171833
-68653171 34108432
6597050 38345169
-78974729 -68001164
-36568973 73350022
-36797619 -41225235
80902897 42540345
88070134 -45200204
79888156 -98440424
20704559 -48726138
1340868 -59168150
-63456098 98589626
-38597704 -77293125
4718326 60334083
-62958905 -44719008
-80258782 64605063
84379325 -20910511
-41180933 -10063988
55593144 -37013115
-48524153 98220632
-57681781 90510803
-6799947 -78702181
-14006028 -22883731
-20469345 96297571
21092295 -78601067
-79794038 -52041499
-11233607 23596038
27534054 -22166374
14005082 -11338902
-63995005 -29396119
-88630024 -25452623
35305960 48277314
67652323 -75448544
11849533 82516493
5757303 -11639372
-77900858 -78550190
-51104491 -68328827
-86622277 95404725
13504266 -14114293
53453346 -5168165
-40537090 -57481942
6646177 14491775
55535401 -56436392
-75972645 95092252
-35069926 -85824215
65961890 20858213
4605558 42247208
44675882 -42688735
-99843977 7607010
-98970739 69382033
-20624589 72313596
-82800277 -7404423
-76765214 -81813942
43023610 -50146564
34642363 -23035556
40141318 -23875983
57597804 -18687983
4290523 -31320544
-57461711 89385427
29190422 -49210615
-4949457 72843155
7416576 46983105
-55071317 -99772438
94850577 221355
-85843002 -63514433
50960518 -14003564
-76087632 67483012
44760032 -19252970
94846268 -59330903
-64649619 -54283112
-75203245 -95186491
9040247 55254633
33231069 -96904583
-26147709 95773569
91489759 9856048
58400064 88379640
66103262 -23668018
76201669 -49225883
83662957 -53239298
-33476552 -87002384
-52239664 10904360
576068 -99776119
-32184255 8323502
70635119 -71856397
-61319458 66604816
31252475 -76632180
27632213 65896911
55666879 49363109
58921874 31550972
-9959024 99174533
-60665962 19747933
-1117612 -53057586
6456423 -70056084
-31684260 50774304
-35896703 93539350
62738859 49529160
65894748 -3407419
87234817 -99501188
97932685 19375253
-66812098 43880693
-19735625 84840932
-275131 -6765294
-29988691 -74657975
41146432 -85455861
-9831121 -83526109
95220432 -26744790
-63095306 34522262
-7300321 52984248
48631191 39859537
13646777 -37839283
69930923 -4824982
36665489 39250661
-26667955 -80216308
17244531 -74809007
-38178422 59939073
-29906117 -71267828
-54214731 48025871
43188153 80941622
-17274778 -85972157
43070476 14710069
-10924081 -98247588
-97882904 44719729
-73826773 -59727050
-58889164 55256452
-74015625 88215568
37234198 70189643
69519465 93758313
45956331 -24863195
8842550 -48680208
76722477 78275069
20651204 87264522
-24336793 -69908361
-78726746 -41806012
-11423824 82525877
-66567870 -21372318
-29318949 67748315
-84452809 -83780256
28765411 -91201235
-69128184 -69105573
-47547577 -21544621
95185581 40629693
-33805531 -88373932
30214177 16415928
27157774 -54564506
-53069602 -48101886
-28088627 69236455
-53195188 805241
-68763944 45767516
7021228 87568620
-87353326 -54816066
-59440140 -12619276
62450671 82385509
17165313 79323635
-90695259 57137855
88077140 75804888
48961406 64663996
3681104 -84517473
46884865 -74308381
-33354311 -686054
96030355 -97852908
-4619988 98849784
26503296 -14078364
-25991387 -88088623
-57062073 -59451410
-10651108 29062120
33086394 22725166
-29286365 79971186
62879820 -2432982
54660521 56263910
59179602 -87486642
-55158222 -80596833
89544840 -88394552
50238997 77048850
-93665044 -46547792
-89680910 -72617118
-76740025 80987309
76631776 45835850
59526887 27510252
-54778736 69761510
9430355 89468341
-73147722 -53424095
6730784 14949475
97571387 18890106
24675200 -20868780
63509086 -96920598
11110028 -73393255
-75353276 -26146397
-16417885 -98872852
-56709228 59840061
-9401241 -16036305
-2932683 -56887895
-52316480 -97134578
8430509 -39656990
-79114574 -45753090
7982393 -21758315
-46719102 98760005
-90306300 -12973139
-3120616 12701571
13817841 -32710581
67646873 -92969144
80144983 -84982752
55718009 94793001
59007455 -21142031
46543302 -56840483
-11849148 -35537219
88304600 -86836541
-18962596 34067424
12316559 4896377
65569089 -95677959
-72949362 -39030822
73197955 71217676
-5081129 -36189422
-44768321 1130720
-78391554 -16227176
-17405429 -96017569
-4916026 80154785
2614150 26375045
-65594364 56844545
25727176 -70329703
5385496 -59013137
73959287 -15313909
76092820 23742018
-55444634 -68398226
58062584 99852099
-60985139 62059180
96305987 62861081
21850048 94711263
-90948063 70860729
-92176469 6956269
47499178 69883959
69562391 92565154
42324 5152421
38761060 -36732928
-66220079 32650737
-38388661 -52180928
-8335285 -58701256
-59066243 41253899
45163762 -49155156
14612520 -19393658
-78780106 -37461787
-91212849 45477996
-56102873 23973629
99455643 -31570004
74907805 92129812
60769031 98125568
60453553 37301296
56510756 -536280
-77981772 36196763
61702514 290924
27124255 30077935
36826320 -82344930
59838937 -95327353
11533545 -92396877
-10818840 -46817726
-85885613 -81847232
29809782 3902698
-62228377 -81233464
-40971644 -96990848
-15120294 -89247985
-88803807 80734906
-17188104 30432346
-59431028 30801456
-63547723 -85262201
-88447105 -80044340
70921080 34285087
46255622 -4223734
-93076311 -58162374
-36426406 -84956333
42589028 63452722
32652382 98617622
1616866 -72388678
-75238964 -9096634
30935516 41293196
24430314 48071245
-63443905 15542118
32592215 22489653
-59258554 -27111667
-7273254 -35203105
-79721538 -15989094
62868377 30402021
-31042167 -48252600
25383230 -24387390
-14305642 -32457962
-74435877 68924551
1493033 -96544857
-29089964 -84640829
75242764 79547970
-79364961 55183183
-60456197 -80147549
-60990152 -53582620
-641565 86902528
54094156 89774503
78650075 -19431173
883879 7711167
-34290816 -49630997
-75203333 -69440633
99026485 -88449070
19576298 -67131054
-20832810 -4727364
-90396454 71573852
65094370 95623632
59620606 -68902202
-5595666 14911368
-75450006 -90153674
86273826 29592509
59549593 727538
30628202 -75372039
-99316633 88556901
-76470789 1715140
14282420 -18168817
-55799407 -99827155
39665419 67894222
-91179838 52715964
-72970275 -94121060
-51298471 40072269
87630824 80669472
94624847 39244286
62030168 -43744985
-62617398 66810752
77949859 2288280
-93915502 83039787
-29881511 55227650
-73216471 -33558138
86282999 -80604233
97191009 -97321594
-97245652 73491536
-53666659 -10941314
1617100 -95086324
-22137120 -18126730
77954347 57345137
-25203250 -34686785
-97603582 -26587180
118118 -7644087
-96298552 -55996355
-18100356 4586683
-14002023 97100798
-14259122 -44640198
42261397 11986114
97142282 98932530
38405481 -16584633
82326585 57548857
-23598114 -41690328
89040138 99353908
-23691831 66933655
-70393533 8915
-25464095 7585944
-51490768 66257947
-60162778 -95573509
30251395 -44662568
28960677 -60210350
11495083 18248485
-3701728 13752782
88839512 58821927
17437375 -15135816
-78009632 -26539157
20396990 -47725293
-42921307 -58448538
-85740899 -71605699
-82629249 -99730072
-69579155 -11406828
-84250652 -60171477
21734592 -89690865
-84169142 -57962849
57422686 15252740
8569738 50679401
-92723036 82171346
29986757 9195133
-10465344 -62044385
-50353640 -43106669
87460887 55265857
93862245 47398317
37278225 -11693103
-53152880 22263582
50228426 3086719
-87122182 55397060
-66373771 30867449
-16023414 -363620
-11021836 -77868474
49832290 72334823
-37595256 -46904696
97049531 9760320
-24555045 66890061
16804223 -4253892
54240611 -38784499
-23126146 5845942
-87069447 74019647
36428141 61385765
-38889634 -29335894
-52058587 -22804591
-22130233 -18994417
21408295 97110698
95854855 64805151
12017524 -8397414
26944423 95690271
-11510365 35607831
-55000818 43320859
91663857 -49966156
24220026 -51295709
28885623 57265947
23468468 13572235
43982352 -95454245
39745429 -48919051
-35886608 99006030
31032914 15873181
54020617 -871336
93135598 -58695312
-98311411 -79812217
-87512435 -23151591
-10034311 -4173461
69398438 38166462
-41983745 -37637594
-73129472 -43481206
-86370939 66934943
51570787 -70575737
85376497 -61028011
40201902 77259973
-97913248 32486080
4369860 -7130557
-27131170 -25468529
-13591124 74994101
18014913 -76865316
-64067616 -79731084
-97752655 -66154099
20607787 53206145
-59721331 38776993
-74407478 -13465764
-38469881 85161711
-8960023 64439946
43196383 56402016
69977929 -3311397
-88972395 -2351552
70918188 31598495
-69761497 9984032
16867412 -47646920
6789079 -22279816
90797828 -26792814
46652200 -73081761
-54334109 15425554
42389308 -69213197
58424031 -24006022
-72757432 77263421
-27135895 -63257771
-6405967 7168282
53904503 87152624
-59023299 49365828
-80284376 -86145653
21866157 -77937549
-58857921 -61705633
-94053521 19277649
42572409 -5412359
97770931 25689449
22319606 59184865
-74200972 -11236307
-363677 95189175
-70279766 -8384892
11310255 82875591
15401019 -11922022
-41725040 49125221
-68969529 71274073
-95594390 7027549
69920824 -48194300
15319530 -48611528
44411711 -71758172
-958705 -53672805
-50949314 -14825245
-13816582 -16285602
-62520272 -5907213
71794106 77989310
-78253031 -41209427
67470210 33976149
-17756992 55565992
93094548 95608806
-32736994 9306646
-96526814 -34416069
-21692854 -4681702
-53334938 -49499127
-49765414 -91889112
-47677447 -22330296
40419752 14264011
-42758052 69075262
38495146 24270706
37610055 -5885156
35397502 -87478640
-24972853 -40344460
-84695534 -5400797
20649567 82666281
82388749 -80716964
68027813 70900935
18524958 60432443
-26827566 -91828053
24574305 -42613156
80169692 32770956
-8363006 83907050
-2269546 -86978332
69061383 -45594225
63638628 -57388247
-22091655 -65638394
-3678110 -87186322
88054354 32818319
7863403 -91111779
44675867 -15025311
-70976895 99814489
14041805 41692687
-6530678 1074919
84452284 -62715365
55876953 -77361600
42052915 73061519
95931389 -99768186
33541585 47960226
51345640 17386036
31283224 -28734680
48410427 56479674
-35553531 29972702
96719000 17583324
-97711883 -97990342
93247122 5478140
-7427882 -69911895
67490215 13219490
24583792 86559983
-99123914 -67671744
27250959 -67152394
65698730 19008643
-84998739 -53605603
-33927980 -9107003
48949647 48178802
-44613904 41898646
-53345263 -85166355
82491531 -61117623
99065260 22050140
36628327 -27912959
-35651800 -69853893
-21311548 76483015
-37625513 48259649
28643221 76542488
-60801469 -47340048
-19834927 -5705693
4117890 -66032184
81294301 -88128473
-87373269 -21628393
95906121 42102911
-75503774 44739312
80838336 44320200
-94941341 47009865
-83717264 -28981477
7231399 32663487
-40525991 52256266
-92258197 -84367535
28156210 12379120
-37374264 -82416332
71735696 -79372891
-93129567 -41815521
90957836 -76143496
43893740 -50707566
-75373717 18063019
28521742 39243590
7045213 68216796
90658750 -23122736
-75096534 -67880043
7664149 -10188700
24433588 -63169123
-97272404 29495891
-20105309 87169604
-15502260 81481364
67218940 -63890175
3123302 -63957107
-6133438 -48638773
-11363436 4579820
-33915547 98755961
-48597902 88899132
-28228759 -56060272
-27661316 -45622493
3993871 -79365498
-15623410 -60968597
-39518995 41546972
76512862 32727106
-80856231 -82790643
90051387 -17050499
38989784 11954115
92240258 -52589010
25994177 44374434
-64917317 -2404147
52651732 77189167
50542535 -50582123
-93433898 -36671575
-17690737 -92452635
35028288 49248099
93294629 -23824881
-4183886 -93810834
93882901 -187110
-88547500 91476319
83425655 -50342725
44300039 -45119395
85038988 1653823
-40000455 -9244787
-27746992 67164054
73422532 98005992
-36761618 59932424
49594230 37778836
-76687107 -35617333
96148498 -30355916
76433621 49354079
70030637 -14218113
-49149186 -35179921
-58499486 -76828474
2169865 -72058858
39924261 18308529
27680277 60405292
60172819 -87548984
-47144091 86129768
50006021 16512162
73083204 -91215496
25815947 62965746
84317448 -77964245
-26636125 5540679
-70672145 -16480613
10347944 -48992988
11682558 2429579
-13449290 -32700228
-67266231 -6550185
46308349 27331556
-46675494 -72695801
-27184814 14288538
-161296 -96076100
-45002278 -22509452
-51841931 -51619568
-21508236 -36796182
5008843 -66000544
-90962063 81836309
88461206 -20502014
-20133899 96334941
89517808 -70235727
-85223380 58700873
-42436666 -66892262
57001818 51538017
57709757 39232910
-99096362 -97867592
-15193632 19127886
-42814649 22260343
52173410 22517302
-18099716 -47112448
-25360281 80905187
32388528 27598942
-13037249 29186513
-42935223 -15586335
-11343555 32020370
2830988 15411988
-3968605 -90062096
-62264479 -24540220
37038490 90587867
53249868 -30453806
-7535041 -7420320
60129201 -13322566
-60132443 -29414966
97171333 -45675827
-84988121 74554137
31163061 -64326948
-84835893 -8797468
99698866 -58649029
-33719691 60275791
12112745 -17116550
-17617023 -70749637
47431158 -37638844
31255856 68492780
-28913882 -7351365
44289338 -14724391
26382152 -13957634
19837698 71703754
91143638 86132694
40974269 -2974190
27821433 -10716619
46565946 -31404778
-44374416 79350937
-7305391 -46611793
80029913 64632195
-63171028 -89514857
-84265520 96550660
74008405 -55469667
-19654691 -3433606
12243192 -91030080
28086435 -57595503
4600442 -93091721
7882856 -53986426
-37517966 35253525
95416523 52565363
-77163619 58259595
-23088385 -37468221
-82731981 -13920640
-58147613 78894369
11508477 -63956664
7650960 96024020
-16695455 51272460
-12611437 -84595117
65346721 64348423
-63810907 5354141
-4563558 -14911635
12198903 -65604445
18909377 -46117116
65204085 -95937359
-59394932 -63279752
35065364 -89207274
-92349957 -64061940
-65437119 48629202
48088495 -67798618
90894359 -33382453
-17226426 73273944
45712370 -81969508
44829606 7094212
90867561 -61494216
69500388 -12844903
-7611272 -24805127
9776990 -73693557
-3642160 -31831875
-13955851 98936553
19074407 35867992
-40213191 37445192
23278631 26656077
-86438869 12521459
13800876 54900801
-44628179 -22890842
-38881477 -16911701
21223979 54579921
-23625891 41563969
5080000 -86910854
-75573634 33893201
-18283054 87827727
-7387292 49456217
-74130165 -44854811
30903683 69393612
-34269823 -23681047
-32273800 79129596
-56220233 32736858
34049588 67542270
-8845522 -63781576
-67320544 45152059
-57120900 34373324
-54928977 -28679492
-67036148 -91639200
36542805 -78369611
-25036882 9268721
-59649213 50257990
-64921161 39634804
30851280 83463733
7679577 83252830
-54026738 -79084035
53925715 -42964625
22787035 76907895
26049890 -41790822
-2252343 -8633512
-3383295 -65263604
42936699 92083252
-36813219 -95263967
-34685719 -40678933
-63454377 60953461
-59503870 -91003689
-21443906 17803659
99917396 -18988843
63708389 70843923
2585123 68429103
-52465492 -61204308
-18373997 92512763
-24679556 -62116685
85825356 -52551520
-37824227 56267197
-50010471 -86638120
74539456 -66103824
24912367 -73909647
37200723 -69545305
32563802 -38135332
-47520712 -34567361
-83836182 27466898
45582410 96936553
9278920 -85363090
40439110 -41847583
34684131 76267121
-35087772 67451800
72888637 51844487
10650659 -25656260
-25933530 -91570210
-55452726 58078476
-47438690 64234990
-34404482 23448793
-44063811 630319
-41060611 -58281108
63780520 -12374419
72099846 -17145776
-10914024 98602218
-39335161 -85002907
71467139 74785504
-69816759 80216377
-69225227 14463918
-78158284 20289115
-10915084 -12564119
-40113976 -70509929
41392453 43341184
-9168226 9623276
9676669 -47545406
24591594 -77290213
18649381 32454442
-54153969 -83704739
-78087623 -23527363
2659891 52221216
-78790967 -85678171
81829582 49829801
-43997409 -57049514
-862753 -77292085
-84118536 37047565
-27466269 55611515
48031646 56185003
56806112 -34832338
-90759320 29138972
-52155337 -66627372
96491099 -31403407
-9623197 -80973745
64069016 53284629
-40330815 -27823211
20136702 -34089819
40284824 -31531953
-98746025 -2896276
-90086639 -135686
64015344 73875424
26980048 -62751963
-39384906 6377618
48041212 47889723
5718382 -34166395
12833275 -60106657
-11760336 25192766
-71128763 -24910960
68220622 38852204
-27242075 6430541
-88436544 82017899
-83445675 -47283648
-51806529 91822204
35610707 37683959
90222654 78934140
-30536570 71336254
37002277 -81672404
79436857 -18322995
56369321 4854335
-53481455 -89993562
-99904420 -19061638
-48144351 -79247624
41722980 7511646
-56481656 -23435091
-25221639 -91644689
64840901 83840739
-9788212 65664869
-24469476 56956556
41286091 65227176
-2712732 -67428339
-57560862 -93090790
87167346 -35747086
81870595 -49230810
-70860335 87146895
8465331 71669183
64055931 47481189
66063869 3997154
30280432 -33181011
27599113 14950503
-2007933 90891949
-33843276 1683387
91360051 -69555006
-86765606 -8631224
-8247893 33148389
85201872 -89498237
7978243 -10740318
-47415231 -75022331
-87463601 -66440722
-37895996 -31063087
-5860379 5982345
87750642 -45765697
-97283866 -42606816
66059320 21031588
15264823 -20667006
-15802464 15417701
-50424789 -91934653
48342661 91774948
21750764 -93664493
61325029 -17490693
-71529875 92593884
-88046327 35449068
-9420996 26796815
83225687 -87440979
28184342 -55333440
-40512456 91478242
-42829585 -50269112
1736610 -43105059
-19460206 -26968739
56042640 56039709
85691719 -68838119
33456023 2349211
-66324884 76582412
-13199240 52800249
4579429 -91697339
90796784 25839210
57327395 -49260852
-31164065 -14858294
35736644 13021682
77530850 50183798
86178564 -65793542
-35251506 -76818196
86321760 -30606107
29798546 -44430022
85369485 12026284
-74162801 -25684892
-39954251 -68372537
11074120 78746334
9538437 44405533
-10301119 -71908698
26187608 -67272357
11448457 -10163111
-88561910 -85108108
-71512145 16062998
-943282 -98815771
-2487886 -17154813
98384901 85338465
-46476414 -67481455
16590947 -54820190
-46425722 1439740
49209730 -85217582
52777799 95724205
-17054813 61387710
-96001202 95631711
11463628 5927818
-96238203 8067549
87745694 9612506
-51409201 -43055659
70028833 -46429058
55828336 -97115821
-82418595 41816200
-80027858 -50262511
-71231344 54670662
65604273 -79992567
93444649 74172956
27896037 -18175872
54255420 -31902798
84064024 30674048
58796267 8052694
-76172218 -53719058
48517264 -47462743
98872169 80903541
66619270 -31384583
-7912239 10000815
71057449 98587764
-98009393 -33765623
-31297290 -38509766
38168114 28544468
73196748 -60912759
-29252844 -26595846
30295183 70029971
38707209 -6321790
3860101 50814036
-37191801 -73987533
-57848092 18310731
-82436167 -1407449
-12434198 -14571373
-57728237 25132808
87669241 32373029
-48124149 49937261
63282181 -53636751
-33528812 89774213
-16637215 5103825
-15473549 30116360
81376506 -60957760
16344642 -81191356
35590100 -52070969
35491841 -87387910
-68512243 -57194997
-97420899 -5149762
72566133 73608827
-59987885 50341110
69957226 -17988886
-34575317 -91924849
-97351057 93414975
47343100 92472069
-61697345 36133483
-93083382 -19231375
-37677332 23099764
-94146853 -15706328
11388610 18122880
-85398114 38992160
-62027262 -1510206
-45701004 -46402712
97340871 -48439784
-83426318 65099369
65669865 17225285
-68867448 -35881689
95304634 -98606264
97610324 -39554957
-33768973 -65214019
54560618 -61839404
67342434 68021137
27406907 91385378
-298351 36325998
-15614855 -16646427
6747028 -98455382
-6561731 -17697283
-92798102 45148673
23852494 -88177623
-879677 -82331697
38483400 -30122024
-90324233 40847134
3183181 -16106695
41927484 -7969247
84790747 95567684
3986586 -65094062
-76645482 -84036607
52502357 -29899653
-97572958 -17912139
63027296 2470823
-25056935 -17133371
69337435 45921024
76415962 -18302793
-20371716 72649640
-1946656 -235659
35946573 46894477
-54281298 -49004967
-86198672 -59343149
-38469558 -11218907
8791525 -373009
-32313786 25310446
-59819950 -33358158
82273168 65551466
-53451845 -96660694
77711069 -64283693
-94323899 -89975823
47709180 27022840
17752577 4186800
15978800 -87100809
-91330269 -64321486
-74285503 -98157353
19433292 91133685
-27489890 85471469
55294430 71191455
-97017916 57341673
-63715886 -14996703
-60247672 93665687
-93924906 -2444425
5432323 -44145163
10098327 -78630766
-51197997 86855284
-8106216 -69616853
-85000839 -30851625
59676738 76885862
54852177 62930493
44453528 -19297632
28874402 29574086
-73800048 47664443
-31325033 -54942826
-28167069 34844448
56483796 46743832
-19200297 39917849
12045022 -62910640
84308117 1124021
-5796917 -48657947
68599345 -17063165
-72893216 -26005757
-27726189 -82492730
26933978 -3498462
91777128 -41400770
-78261696 60625579
-4754147 -88797044
733316 49368484
-36804383 39673479
-62358327 -33301263
-39711031 -92717799
4652728 -59920634
54422414 -50500116
48991564 -27828664
-38257772 -17324392
89101748 54906083
50396762 79544927
-87176987 67522250
14250823 42435580
90787105 -35505006
93008912 -89657312
81275343 -65800294
49933666 -56977937
-81119151 93241214
-29962414 -32440902
86129853 59576999
-46424102 70809510
-725884 61311570
90783069 -42033888
16322588 2881186
68083774 6950942
81694872 -44632850
31597803 -27135489
92731128 39172407
-60523678 62914372
-94446732 57911884
18611438 -76761638
-214416 -50461
64453935 -79946780
-29162347 -18633694
-44084232 23309180
-27994128 -3522894
-1418717 70848863
79212577 -64079966
29348625 -29581269
60233596 59950591
-36624043 -88362677
66565979 -13088213
-88503134 -74322675
-77789887 -95673499
-36585499 58791228
54812434 -29947023
76791239 74751403
85926647 -53929969
-21110914 -40556777
-18578752 -61144225
70647272 -71046961
77239409 11126545
79356756 -79292422
-44141858 29368514
-62808266 -53510080
-66827784 -11327046
20245777 -64673335
68158424 67369882
-55090414 -12544309
39159803 72375685
-72725152 -19597223
-12595728 1413110
53271367 -26251847
-76741895 -24695026
-51891740 48429977
7108844 -996009
79638175 -43140871
29620698 -66756211
12534015 -67916029
50864892 83317869
-88228924 -42074781
-49203154 33140953
-13720706 58481054
