1889 1324
51 -43
-83 53
68 89
51 -81
-81 37
-71 -49
96 -100
-5 37
-60 30
-21 -30
29 -34
62 27
17 -7
35 -27
-27 -48
-56 -67
71 33
-84 62
1 25
-79 -15
-56 30
96 57
-51 -92
17 15
30 49
-32 -79
-38 20
-54 33
17 -41
8 95
-4 27
27 88
-84 -73
-60 97
80 -39
56 -50
-60 -74
-3 -66
-50 0
-84 -27
2 -65
43 88
34 1
26 36
14 16
92 -74
-33 63
87 54
11 1
37 -84
34 -39
-20 10
-16 -56
-49 -99
-59 -22
-5 16
20 48
53 -45
-49 -97
45 4
94 24
-44 27
97 -44
-100 51
-74 27
25 32
-53 -77
19 59
-41 7
56 -31
-84 -37
-60 7
74 -71
-27 74
-34 -3
5 25
68 -10
21 -74
83 -2
94 -55
4 -35
-81 75
39 -83
-73 29
-7 -29
0 5
95 -16
-26 -19
-78 67
-69 -18
-37 -52
8 42
-13 72
-10 -6
-93 72
68 -56
-52 -68
-53 -74
81 -9
-87 17
30 -25
65 -23
-96 62
57 38
-43 96
76 57
-44 28
33 69
-39 6
-51 -79
72 -2
-61 -2
4 -24
-35 18
-98 -61
29 86
-61 85
76 -59
-14 87
0 -3
-62 -42
93 28
100 -95
51 -68
7 -56
90 92
30 -62
-74 87
-48 42
-80 56
15 45
-57 -84
100 -65
-39 28
51 50
64 -39
-43 100
-51 67
-96 55
-13 3
-58 40
83 -92
-100 26
-100 48
87 21
-45 -81
-100 -14
11 46
-24 -44
-41 -8
-41 -82
-43 -77
28 -73
-28 53
65 -31
90 -8
-38 49
-33 62
78 32
-35 62
79 93
17 76
-10 -49
-39 29
23 -53
40 -50
-30 92
-57 81
3 -74
62 31
-24 94
-55 51
74 85
44 45
-38 -35
-49 -37
67 55
22 8
48 -100
94 8
-98 -89
73 -19
28 -2
73 58
93 41
99 -50
81 7
-42 71
-85 -22
-15 80
-97 69
56 -79
-89 99
77 66
46 63
-43 -38
6 30
-80 24
7 -65
-32 12
8 -22
-8 1
88 19
90 -96
95 76
-70 -15
60 84
-24 -78
46 96
14 3
-100 46
-6 -65
-26 -63
-27 87
6 14
26 -46
-11 -58
-84 -76
-84 25
71 20
-47 85
1 -68
-65 40
-22 36
-95 34
84 -6
-97 13
66 -31
-27 -35
80 -67
-100 -63
66 84
84 96
-37 -29
-86 -7
-6 -24
22 37
75 -36
-95 -77
-36 -80
68 -3
87 -58
-71 -88
86 -3
39 13
54 -70
16 77
7 -15
-2 -47
-2 -14
-17 -12
9 -64
49 53
51 15
-30 28
100 -91
-52 56
100 -60
96 -53
-51 87
89 97
58 48
37 -37
67 -8
87 67
-25 49
19 74
33 -66
29 4
37 54
-25 34
88 -31
-6 -25
-87 -24
-61 -87
-4 65
-46 -90
-1 -87
29 17
42 38
27 84
9 -32
98 -85
100 -28
-25 90
-81 -62
44 -32
-47 73
32 88
28 -87
61 31
-14 -76
32 -48
43 1
96 -89
63 -60
55 37
-69 64
9 14
-86 -86
2 64
-20 -19
33 89
33 -42
-43 -18
-92 -84
87 -84
91 6
60 -99
-87 -89
-25 -71
-73 35
-52 3
-38 -3
35 82
-59 3
8 36
-41 -11
61 49
-94 77
54 44
-71 -66
68 36
59 -52
-29 -61
-7 -61
-45 -66
51 -3
42 8
-90 -94
-18 -57
70 -56
-68 -51
-20 -37
-42 35
100 -81
-20 -1
-63 -65
67 82
26 -41
70 85
-69 7
81 -83
-15 59
34 -100
-7 -71
95 -84
-16 15
42 -11
98 -80
51 -69
-73 51
78 -14
-21 -61
-89 94
31 -55
-64 -66
19 44
-98 38
-88 2
-14 -100
10 66
11 -35
37 78
-93 -48
-48 23
35 -52
-79 8
-78 -62
87 30
-60 -47
49 25
-35 12
-76 -89
-25 86
24 -60
-65 -20
42 14
-23 65
-31 -18
22 -89
40 46
-12 -88
-51 -30
-65 91
90 -10
57 51
-52 -84
-55 18
-27 -52
-51 -26
21 34
64 -22
32 66
-25 -25
-73 15
-74 -4
-57 -86
87 -89
-66 -47
20 -48
-1 -89
-36 38
68 82
50 35
-27 -98
87 39
10 42
13 -57
-52 -93
-68 -8
9 16
-6 66
61 -32
-43 -64
-62 -77
91 -76
95 44
-40 65
-42 -5
72 -25
-65 46
-22 -2
74 -78
80 0
-28 -70
-70 -71
36 -1
27 -5
-75 12
88 48
56 21
-99 63
54 10
22 41
24 -58
8 72
-86 -36
-32 44
-86 89
70 48
-45 -87
-80 61
9 4
68 -70
98 93
-17 66
21 47
14 74
-43 -41
-43 33
-97 -25
-43 92
-77 -18
-94 -67
73 28
-34 41
84 12
-80 -40
-39 81
-25 -15
-79 26
37 87
12 12
34 43
58 38
-12 -61
49 -92
-60 -67
48 -45
100 51
-70 -86
20 80
35 -59
0 68
-88 -13
-76 50
74 -61
-99 53
13 92
-41 -85
-5 -42
-12 -19
-86 79
0 -68
73 -86
16 4
44 -16
-36 -25
-99 -62
73 38
62 -20
-5 -26
-46 -45
-54 99
29 -69
45 96
-6 67
-42 97
-80 37
-77 -75
48 7
-78 -83
10 68
-97 -91
-70 57
-78 -92
19 63
-44 -31
-66 67
-97 93
-90 32
88 7
15 11
-24 -48
-90 -76
-92 -55
-19 69
72 95
-86 61
-30 87
51 -21
-56 21
-56 -21
-62 5
-25 93
100 -73
86 -39
83 93
-97 61
-29 -33
59 78
49 -70
-35 -55
27 28
49 -80
-4 -2
8 -29
-12 -100
-94 39
-8 72
-24 -80
43 -19
-73 -94
-18 31
-3 8
37 100
48 -97
25 -5
64 98
23 -5
-59 71
-29 -90
16 -6
-48 -94
41 32
-41 -86
-60 -1
84 -55
-70 66
17 -17
-44 -80
-12 62
21 78
87 -44
26 28
-20 100
-33 -55
44 34
57 -96
-56 -94
93 -86
-100 12
47 -86
61 12
99 -13
-78 -65
-15 60
17 35
-31 -14
11 78
-44 -30
-6 36
-67 68
-83 -63
24 -4
56 -65
67 68
-23 -56
53 34
71 -80
-53 -5
-82 -6
65 74
-91 -27
83 64
89 -44
-78 9
-52 -54
22 17
-44 -4
-68 -90
83 -5
46 24
23 56
-75 -60
-94 99
-45 -90
-75 -22
-42 -47
-54 38
98 57
-95 83
-28 77
50 7
25 -45
52 -78
-26 16
68 83
18 -19
-19 -14
-97 -68
-93 -40
-88 37
27 96
-82 -16
-65 27
95 29
47 -9
42 -50
-32 -49
-61 26
-8 -39
4 -31
72 -29
87 79
-7 -75
80 87
20 18
65 -53
-66 14
27 51
70 15
81 -87
6 58
-99 -47
-42 59
38 62
26 -21
-31 -88
-8 40
75 -66
-30 -34
0 -51
45 73
83 86
42 -82
26 -97
55 -79
55 91
-48 -43
25 57
8 -57
63 -40
2 57
77 -61
4 54
23 -54
-56 -62
54 40
66 38
-64 17
25 -90
83 -54
71 -62
-58 -38
46 -23
32 0
4 -51
-83 69
93 -51
91 98
27 -3
-3 84
-58 -52
35 -21
-49 -86
92 59
-88 -20
-40 18
45 -31
-99 -96
69 -55
99 17
-83 1
-88 78
-47 89
42 -66
67 -71
38 93
14 -42
-37 23
34 8
-79 -18
96 73
18 -58
-74 -63
-68 -20
-72 7
-91 -87
-56 -48
-37 38
-92 64
1 67
76 15
22 -32
-33 -86
-52 -64
-68 92
-78 -51
-60 -19
-21 31
-53 -24
77 70
77 -57
-58 15
-55 64
-40 -28
63 -88
47 8
81 12
3 -53
31 3
-36 43
-64 5
34 -54
63 75
-23 -66
-18 -28
40 -11
-35 54
-80 21
-14 -21
-70 -34
45 26
13 26
78 -26
-30 19
-73 -34
-52 38
-93 63
-60 17
-78 -70
-38 17
-40 -25
88 23
-78 -32
-30 94
61 79
-68 66
3 95
93 -25
48 -96
31 -74
-14 -93
-53 29
-58 42
2 -98
38 83
57 64
55 84
18 -6
-26 -75
57 28
-66 81
55 39
54 -27
76 -7
97 -26
-89 38
-81 33
21 -19
-70 38
23 42
17 -2
57 44
74 18
93 -12
-2 -57
-27 1
-54 42
18 -64
78 34
-88 -74
-17 -82
94 -27
81 78
68 -35
54 -53
-86 71
58 56
18 67
-56 63
9 100
99 -79
-56 -13
-36 58
-97 12
-96 -77
72 -59
-46 -50
97 61
-52 -89
-23 72
79 -53
26 -66
-17 -69
79 -36
6 29
-8 19
-66 36
-25 98
-11 42
42 41
-92 76
-99 -95
29 -68
46 62
-37 49
-55 89
-70 -83
9 85
-29 39
-43 -42
5 9
-78 50
-6 27
63 -62
-54 40
-61 -63
69 -7
-28 19
0 71
9 35
-52 -32
88 47
42 -42
52 -35
-24 70
1 55
-96 -37
74 78
40 100
30 -22
53 -4
43 -75
-1 22
9 8
-76 19
-100 -13
88 90
98 -18
-55 -59
-56 13
36 -99
-90 1
-42 -98
35 -61
16 3
99 -80
-35 -6
-32 58
-92 81
21 23
-31 33
74 76
-16 -23
-39 53
-64 78
-70 -37
39 -11
-28 -61
-63 13
-4 30
-12 -16
14 9
32 44
32 56
-43 -82
64 -98
-13 33
-79 27
-27 79
-44 -23
-22 64
45 37
-16 -82
-7 -73
85 -6
99 -87
-42 -54
10 -23
31 -30
87 14
77 -12
-97 -93
-20 -86
19 41
57 -65
86 80
76 47
-62 -56
0 -13
24 -56
7 -99
62 -35
98 -96
-85 -36
-91 -45
-90 15
-78 -56
31 0
60 -90
49 36
-80 83
98 -63
15 13
-48 -26
-82 19
52 98
24 68
-9 -80
-40 80
-10 -86
-15 90
19 -97
56 32
10 47
35 -62
-89 -63
-57 -74
21 89
-29 -94
-9 -17
-31 -70
-37 13
-30 16
85 -57
-19 80
5 0
79 -9
-31 -39
25 -11
-85 13
5 -44
97 96
-38 -14
-96 -47
18 85
37 -41
70 10
-88 9
45 -62
-25 -17
76 85
58 -96
-2 -2
60 12
-7 24
-25 74
-42 91
56 27
57 88
-70 -91
64 -91
39 -13
-77 -70
93 -7
-89 96
96 -66
40 94
19 -96
-48 -12
14 -49
-86 -99
-91 -35
-52 -57
-97 -94
-17 17
-88 84
45 -97
89 -33
-76 -100
78 -74
75 -95
59 22
-26 37
-75 3
19 16
68 0
51 -41
-76 95
-19 77
-88 20
-65 38
-1 46
-81 -30
99 -70
-1 -12
72 96
30 41
-87 29
24 -1
94 21
25 71
63 52
-86 34
90 -85
-63 -6
-36 31
91 -84
98 30
13 -87
3 44
55 -11
-7 1
4 0
26 14
34 35
-60 86
89 -75
-50 -38
-24 12
-7 100
-58 55
-82 -13
79 -51
-69 -82
94 -68
92 44
10 -63
85 -58
51 31
-34 51
67 58
5 -95
-57 -43
-73 77
-43 10
48 79
-13 -38
-80 85
46 -72
38 -84
-11 43
3 -27
-43 31
42 -98
-61 14
38 40
-98 92
-21 -77
31 -36
-91 -19
-100 33
2 30
-91 44
-12 -4
29 0
-63 -97
-2 99
58 -68
-52 -49
-56 -3
6 86
-77 -90
-39 -96
79 53
95 7
-60 26
-28 0
67 -87
53 -12
39 45
-27 -4
-51 41
24 -33
48 62
39 66
15 44
7 -74
98 -99
-15 -8
71 -82
90 -87
-28 74
-61 8
-89 100
27 -2
-76 -57
-2 -79
-12 -53
70 64
-2 -49
48 -4
94 39
100 22
6 13
88 -61
80 -83
-58 -97
29 75
95 -4
53 -84
-29 -74
23 44
-20 14
-80 -52
-4 20
57 41
77 -63
-57 17
-63 -74
94 89
-79 -23
-22 -81
-67 -7
-15 74
-47 66
-8 34
-54 -56
24 11
99 50
96 -40
2 -100
-63 75
54 -93
-82 2
-74 -62
-94 -3
-100 -98
30 -54
58 -81
-78 31
71 83
-81 27
12 -42
-65 24
31 -45
19 -45
-52 -4
38 -83
51 -63
-39 -19
82 0
-95 60
-5 -77
72 27
47 89
21 74
-47 -80
90 67
-7 12
82 7
60 93
7 85
-81 -50
-42 84
-10 30
24 -93
8 -59
74 20
-64 69
-16 51
-81 -33
-90 52
51 43
68 -65
96 12
-54 -33
84 -82
85 2
0 -34
-94 -46
4 13
22 -86
-62 91
-82 32
43 56
-99 -79
-51 31
-85 -99
-89 -21
-15 86
-42 54
-44 49
26 88
-84 1
-8 83
-82 13
-74 38
65 73
-22 25
-35 20
-7 -34
58 -97
99 46
76 19
95 91
-49 16
-59 -25
-21 -29
8 30
28 96
-50 4
-26 -54
-82 64
-39 56
10 93
-2 65
62 4
-92 -7
-77 -24
-74 84
18 89
70 -95
-84 96
-10 0
19 -82
-53 35
-65 -58
-19 36
62 50
-37 64
-55 -34
66 -20
92 56
-43 -58
-93 -68
93 74
89 86
89 68
-64 34
-60 37
31 -34
-70 -16
65 -17
11 41
-31 49
91 74
35 -74
-86 36
0 85
-66 -29
-55 24
51 -40
21 -64
-31 51
64 -74
-28 17
-94 47
-70 -74
34 99
-30 -9
9 -27
-68 25
35 72
78 100
10 36
-19 -46
2 -97
83 -43
-11 -39
-82 -7
-30 25
-11 -92
-11 35
-4 -94
31 -26
94 82
40 71
-36 12
-86 -8
-56 44
-5 -6
-39 15
-57 -13
-81 51
0 46
-5 51
37 -86
-63 -2
-85 -75
64 2
-78 -18
-35 -12
-33 -74
35 66
-65 -77
73 91
6 63
0 90
-50 -9
23 79
9 36
-98 -10
-39 46
-93 67
-58 -80
-30 21
13 44
-2 -56
43 35
6 70
-45 -8
-62 55
-17 50
-69 -33
74 -9
90 -100
62 -26
-12 100
-25 53
-69 -9
17 -77
-32 -4
31 -50
73 -64
0 -95
-92 66
-32 7
-73 87
95 -62
20 -12
-84 -10
-96 -89
69 73
54 -39
49 -71
2 -80
21 7
-13 -4
92 48
34 78
-12 -60
97 8
32 -90
20 -23
-25 10
35 74
45 -45
-89 67
-20 -18
-17 -62
48 -67
-55 -89
29 10
75 -5
78 92
-82 21
-64 -36
0 26
-73 11
-2 -99
-88 21
83 -59
55 88
93 20
-75 -28
80 -45
-10 100
-58 -54
-19 -36
43 -42
-32 -73
-59 94
42 21
49 -87
-92 -72
-71 33
-75 -100
64 -100
-75 -42
-65 -33
70 -29
100 17
-33 -1
-19 -11
-93 -5
75 -54
25 -39
53 17
6 85
99 -40
64 91
-85 9
78 80
79 -67
23 -89
-67 80
-45 -71
21 15
74 83
-32 71
-76 -5
18 -47
-54 -13
-1 -57
-24 -83
33 78
-91 28
-27 -28
-5 -93
-51 -62
-84 -45
-46 80
-41 -58
-36 93
-76 -39
-81 -27
-47 69
11 -49
81 30
-96 47
-1 32
-35 -24
99 -51
82 -64
-82 91
88 46
86 36
-83 -75
-41 -93
87 -7
-61 56
30 84
48 -90
-13 -44
63 92
22 -64
62 -61
-91 80
-27 -79
-64 55
-92 100
66 -10
17 99
-18 -17
-15 29
-92 78
93 -39
-53 -94
68 11
25 62
78 7
21 -17
73 90
91 -80
24 8
-2 -55
-78 -20
58 -27
83 98
-45 -25
98 -29
-49 18
-73 83
12 70
51 63
41 -31
69 22
-91 5
72 63
30 21
97 -20
-25 -91
62 9
68 -45
-7 94
-2 81
96 84
-3 13
-85 40
-82 36
41 -17
-40 29
40 3
56 -67
-93 74
-7 85
81 88
-4 93
42 5
90 10
-6 -74
30 85
-39 -28
-49 56
91 80
-37 -25
-3 -13
0 63
83 -16
-53 -85
-21 30
-8 -17
-70 75
88 -45
7 31
14 75
-54 -3
40 -44
-56 -80
-86 -51
-96 -6
-37 -75
79 -84
-81 91
-11 16
-57 67
-94 66
-16 68
58 -16
-76 -52
100 -51
-23 -95
85 -59
-44 29
-96 96
44 81
99 -97
25 21
75 -77
-2 -68
-33 -31
-15 -90
94 -61
-73 -58
-26 -2
-49 2
2 83
80 95
42 -80
-7 38
14 21
-76 -40
38 43
85 -53
-36 -73
-16 -95
42 -73
-63 -71
85 50
63 -34
100 -41
9 45
83 -78
-17 3
-36 81
18 96
25 -46
-62 81
-15 -87
15 5
-83 9
40 9
58 -6
-21 -88
-6 59
-68 5
47 96
51 6
27 -84
-42 -36
-48 31
-32 83
-66 92
-64 -40
26 0
-24 59
16 53
37 62
-57 -90
-38 -70
60 -39
-29 30
92 -50
-57 50
-13 -67
39 71
74 -98
6 -25
90 -79
53 -41
67 -44
-69 -7
-76 85
-40 -97
-92 -35
-100 -80
-64 1
-95 100
2 27
78 78
77 48
46 100
31 25
92 42
-53 68
-56 -50
-45 73
58 92
-17 99
34 62
36 17
15 67
-42 86
-15 83
61 -8
-9 -26
-69 -13
-47 82
70 -33
-51 -61
68 7
-39 -2
65 45
2 23
53 93
87 -73
-41 -49
-95 30
64 100
-7 -64
-38 74
47 21
9 -95
76 32
-62 70
12 56
62 83
-4 -95
37 94
-62 -15
93 -42
43 3
-90 5
57 84
-29 -69
-13 5
22 -40
23 74
27 29
-81 56
33 48
-21 92
12 -59
-15 -51
-17 -16
95 -77
93 -67
98 50
47 26
-95 -100
3 -38
-95 -33
91 -71
28 -32
-98 -22
36 70
-82 92
85 -67
76 91
-80 -55
58 -43
3 16
-73 47
12 -15
16 -14
99 -22
49 3
-88 -79
-58 45
45 66
-13 58
-79 -24
-10 32
47 -3
57 32
95 -13
41 67
70 7
-41 -24
71 -71
-59 54
73 65
-42 94
-79 22
-15 73
-86 -21
-33 73
0 82
44 -67
-84 77
1 19
39 -3
-59 53
-99 -8
-100 -24
-30 36
42 65
43 -35
65 -9
1 -58
-6 -96
0 -63
-40 -80
95 81
63 32
11 100
-7 -84
26 -87
-89 -31
86 -77
-91 -51
21 36
84 45
-91 41
31 -49
11 71
-75 -18
-91 -85
-22 2
-40 87
-91 35
47 51
-35 30
59 5
-95 43
8 2
46 -61
-31 99
-77 14
-88 -99
-12 -46
50 -25
-24 55
-6 85
-38 -31
-4 -80
64 -24
78 38
-53 -28
-62 18
10 21
40 -83
-28 -67
38 -71
-89 47
0 89
-56 -78
31 68
49 -48
-45 28
12 -93
50 48
-23 -19
84 58
-95 -53
31 39
6 -14
92 76
-27 7
15 -10
97 -83
-11 4
3 84
82 25
-22 -68
-29 -23
72 -51
46 -27
-8 -38
-85 74
-7 -7
6 6
-12 97
84 1
-23 16
51 41
83 55
89 -12
-23 -1
-43 -17
-14 -4
-91 76
7 3
-19 -85
69 55
-26 -16
9 -46
66 -98
-69 -25
100 -78
-74 -93
-64 15
-87 42
84 -53
20 -18
87 -83
25 84
-8 -43
38 -1
-57 49
10 -71
39 -82
-64 29
-36 41
63 89
4 75
-61 -95
95 9
-30 -93
-49 -1
31 73
-20 61
-58 73
96 10
-81 90
63 96
95 87
39 -52
81 13
47 83
-47 -86
51 3
85 27
21 0
-85 71
60 -13
95 45
39 -41
-90 23
-1 36
-72 -97
85 -12
-40 -58
-40 -1
99 7
-31 -8
-89 23
43 59
11 -11
57 -17
-100 42
-99 50
86 33
-84 -7
40 86
-27 -96
54 -9
83 -76
-23 58
-4 -93
-47 -30
79 -50
13 20
-99 79
87 -52
-85 6
19 -75
-72 36
81 -96
-16 -61
91 94
-9 -91
-25 -55
63 -2
57 -24
-6 46
45 -23
-60 62
-58 -22
-31 -82
-35 67
-64 27
-44 -13
-5 -5
-15 81
0 28
-29 48
95 63
69 95
-62 9
-97 62
88 -51
48 -14
45 23
18 -99
-63 25
-29 -97
14 0
-14 83
-73 23
28 -22
12 -71
28 -45
80 54
-100 49
-67 82
68 60
74 -18
60 86
-58 -54
-58 -56
-86 -37
-20 95
-9 -93
-43 -85
51 3
-66 30
-93 -72
-42 75
-43 -74
-37 10
-28 24
-6 61
86 -85
-83 -77
-45 50
-9 49
37 -5
6 98
-24 22
-67 85
-27 -94
30 13
11 -92
-96 -73
33 82
74 -92
81 52
97 -69
53 -12
94 30
-9 -81
-94 -66
-49 -2
-69 62
-37 18
61 97
-32 -88
1 -9
-7 9
-82 -48
-46 -20
3 27
-60 -38
-39 -22
7 -95
-49 15
98 -22
-52 76
-84 54
4 -37
-53 -40
-85 63
-20 92
55 61
-41 95
-22 -54
-16 12
61 -23
-20 -14
78 92
-2 -36
82 12
-33 -76
-67 -59
78 42
-74 80
25 -1
-26 16
-93 -32
59 -43
66 11
-36 -65
88 -74
-26 -47
-91 13
94 94
74 80
-80 -8
68 2
-26 33
32 53
-54 -14
-62 -13
-5 5
-20 -25
-30 -33
80 14
-42 -16
87 71
14 53
14 49
6 50
98 18
14 -97
21 -63
48 -61
-12 -39
1 -70
-68 90
-14 -38
-87 84
44 -17
-85 0
86 83
47 37
-10 36
-48 -27
89 -58
7 46
-72 51
-56 -71
32 87
50 -34
-25 12
54 46
-53 -100
-30 37
0 -9
-9 -51
-78 -6
-38 33
84 -6
36 44
46 74
0 89
-14 0
-10 1
79 80
-75 -36
89 71
-87 -83
-45 86
-59 78
26 83
95 -83
-61 -73
-61 61
75 -12
-98 -25
-30 91
65 -6
-43 63
-24 -51
-6 -83
31 -36
-90 -90
11 -95
27 -10
86 -72
-11 -78
19 -63
-93 50
-91 -7
-19 77
100 -68
61 100
85 -70
5 25
-25 73
65 86
-91 92
51 54
69 -36
63 -85
-66 -5
-98 -76
18 5
-70 72
-46 -47
-73 -84
90 81
68 -37
-19 -69
12 89
62 77
-39 -88
-93 54
88 -47
43 -35
-69 48
100 87
96 -19
73 -94
-69 -45
33 85
-18 22
-49 81
-95 -8
-19 -51
-47 -44
62 69
-83 13
-40 -95
71 -38
33 44
-74 -89
23 -16
-33 65
-8 73
20 -38
-67 -88
-81 -50
-91 -72
-88 -30
36 64
-70 42
-10 83
10 74
14 75
-70 65
-78 76
-98 44
-4 -93
-70 93
59 77
42 -28
34 80
38 -8
-96 87
48 6
42 45
85 46
-72 -79
2 13
-25 15
87 -54
79 61
94 -50
31 -45
-5 0
85 81
77 61
-62 71
-41 -37
-92 -90
45 -40
78 -30
-82 30
52 -4
10 73
93 -11
-37 -9
98 1
53 0
-90 -97
61 -21
39 -86
-97 68
4 28
97 -70
8 -18
-42 30
64 -33
80 -53
62 9
-8 23
25 2
-43 -18
-85 69
-6 70
62 36
-62 -44
3 53
-48 47
-2 79
51 -61
-74 -41
-98 30
81 -73
22 87
69 87
87 66
-24 -94
30 18
68 68
-56 43
-62 -57
16 78
96 44
14 -52
-24 76
-1 88
-7 -82
71 82
-66 -93
47 97
94 -70
70 19
6 -47
22 -57
-26 -39
-91 -40
-21 -92
-7 -43
94 85
31 21
11 11
-60 92
-88 50
29 -41
66 -74
-49 45
51 53
0 -92
71 -6
-3 -2
-82 26
50 -54
56 24
-68 34
-44 -93
15 -12
93 -35
19 51
-24 -61
89 -72
62 65
-29 90
50 90
-71 42
-82 -13
69 -51
3 16
-35 2
-49 -31
57 41
-7 33
-34 -78
-56 41
-1 -2
16 -51
77 -98
74 86
-85 -54
58 -5
79 -24
-46 -83
43 -8
-18 57
-75 -7
-18 10
-63 44
2 -75
51 91
-46 13
-55 93
40 44
29 -86
2 -35
30 -98
-66 51
42 -5
-49 -75
-11 -44
5 -9
-63 28
-40 -56
-74 -45
40 -19
-93 60
-90 -59
22 46
14 83
72 18
61 35
-66 -31
-3 -83
65 0
-94 -67
-8 40
-62 -35
-1 -54
-40 -60
38 -68
-81 60
55 88
85 24
2 -27
75 40
-100 -46
-61 81
-59 68
32 -1
1 -56
-69 65
-55 17
81 -30
14 81
11 28
81 -29
50 74
65 39
43 83
30 40
-87 -13
77 -82
75 -81
-43 64
86 9
74 73
44 -41
77 36
-38 98
16 95
76 11
-9 -20
78 38
98 81
-26 5
37 -79
50 -41
-58 -96
-45 83
-31 19
-69 -83
-40 17
-41 10
-35 -2
46 79
63 -50
-33 -37
52 -56
-72 15
-88 -38
8 -88
18 52
-69 -14
-84 -89
-49 -60
72 19
54 11
78 98
-14 -39
89 -45
49 79
-82 6
-60 28
42 -2
-14 -68
43 -61
56 14
-62 -73
-37 80
9 49
-33 -88
81 50
-97 -21
-57 -35
-69 37
40 33
-88 -22
-51 -44
19 79
-36 -17
6 -6
29 -44
67 -29
28 -84
-86 14
92 29
-18 -45
2 70
-45 -66
-43 40
-57 -83
59 -88
41 -21
-16 -72
0 -82
-11 65
-96 -33
-96 66
88 -28
9 53
-15 -34
80 -79
15 -23
-79 51
-83 60
-66 -39
57 -65
-42 -38
0 80
-62 46
84 -40
14 -100
-83 -11
-5 99
84 78
-92 66
-97 33
37 74
-95 -59
52 24
27 -52
1 19
34 49
-33 91
30 72
42 89
98 -33
-77 -42
-88 92
-84 -39
-57 48
74 96
58 74
-60 -37
45 -95
-92 -81
-20 26
-14 -88
48 -90
56 -72
39 7
65 41
-70 -86
-62 -77
58 -65
-63 -67
4 51
-38 -59
-73 -79
-33 -45
61 -15
42 82
-31 54
-48 -97
-17 72
-47 -12
-8 98
-76 -12
-45 5
-66 -4
-79 -8
-66 53
76 -12
48 13
1 -31
64 42
-89 87
-92 70
-28 20
-14 -43
42 -38
-50 -81
65 -63
-89 -41
-75 12
-96 -58
-78 22
49 -46
-78 -88
-24 -58
-89 55
-33 -69
-44 -49
-47 -40
80 92
85 77
89 -83
59 95
-59 99
-24 66
27 71
-97 46
-64 -19
-16 -9
22 -68
61 12
-56 6
-55 65
-37 50
-25 78
-22 70
-96 5
-32 -56
12 -67
89 53
-100 45
69 2
81 10
-21 -77
89 85
-41 99
-79 15
92 25
-53 -26
54 71
63 -57
-9 -83
63 38
95 -11
-6 -86
-33 -72
-79 -59
-81 -60
33 -99
-75 0
-7 -73
8 -60
46 -28
-31 4
71 -72
-67 10
-82 71
57 -17
-40 -17
89 40
-100 -43
-79 -88
-87 -54
-34 -73
-52 19
-45 -7
11 68
31 56
-15 50
70 -63
-80 -65
77 -66
61 -12
-91 -24
-24 -64
28 -80
-64 -46
-35 90
-49 6
75 -92
27 -5
92 -66
-72 27
23 37
85 -56
56 53
-83 61
-65 83
-9 -22
-98 -2
-47 -36
-10 -8
69 -54
67 24
4 -46
78 13
14 98
-69 -34
5 0
74 37
-65 -90
-51 63
-45 -86
23 -25
80 -78
-75 89
61 -87
57 -44
-24 48
-89 -13
84 -68
-44 -26
-61 26
-71 77
-27 -7
-20 36
21 50
41 98
44 -38
-90 31
-73 19
-1 33
6 100
36 -18
96 -37
57 81
29 81
34 -90
66 -49
21 -12
-78 -52
33 71
-41 -90
-3 54
44 -95
0 3
-35 33
9 -38
-5 -43
-9 -11
17 -30
53 80
56 74
-35 -85
-91 -67
-59 -78
92 -58
-81 47
39 45
-95 59
-50 -78
71 64
-42 60
63 51
64 -89
-24 95
-15 60
-72 -84
-77 -48
-61 -54
23 76
9 90
13 1
75 62
86 96
95 74
-30 -55
-2 93
89 -90
32 -30
100 6
57 -36
-75 99
72 97
-6 -37
-9 62
98 70
18 -46
-47 53
87 -31
64 -26
-43 37
45 -42
-20 8
-80 -68
41 25
-95 92
38 29
1 -40
97 20
-92 -54
69 -97
-23 72
-38 -57
32 -93
-98 -82
-42 21
52 -72
8 -34
-29 -17
-63 6
59 83
51 -33
63 -95
24 63
32 56
-59 -58
34 -62
-21 -14
21 -45
-85 -87
51 84
-99 68
-19 22
-11 30
99 74
32 -35
92 -92
-23 -63
36 81
-5 76
-90 11
72 1
-58 -78
-37 2
-15 36
40 -78
46 -2
61 -73
36 9
-19 -55
60 -92
-21 -68
-67 -43
4 37
-14 55
-59 11
-60 -54
-60 69
37 59
-54 30
-29 -76
-77 18
28 59
0 -27
29 52
-100 -87
-37 28
-39 20
-71 34
62 -77
-25 -15
-61 -11
-45 38
-52 -26
-52 75
65 46
82 -39
69 60
48 14
64 -67
24 -52
84 26
-97 -90
100 92
76 7
88 -31
-32 26
-47 37
92 5
2 20
69 -49
70 -78
18 -26
12 -68
51 37
85 -38
-76 -90
46 39
-53 21
-47 24
-59 66
79 91
-9 27
-94 -72
73 70
9 -16
9 43
4 -93
93 29
-32 32
-21 -72
-16 -34
97 89
39 95
-20 94
42 56
-89 40
-41 73
96 7
-32 -38
63 -29
-8 -80
-25 45
-8 58
-21 56
52 31
-32 -27
-78 -15
79 -90
-90 -99
-35 79
-31 -92
-88 4
19 -36
-67 50
-22 -82
30 -81
11 67
43 -71
42 -90
-66 -34
89 -85
7 -61
-98 100
-24 69
-52 16
70 44
1 -12
10 11
27 -98
-19 -76
12 33
-68 -62
99 -34
79 -58
83 56
-84 -17
91 -62
22 78
-15 32
68 14
77 -15
87 23
45 94
38 -2
18 -75
59 -2
6 -55
-70 -43
31 11
55 75
-85 13
-100 -29
-52 -52
23 -75
-64 11
-8 -87
-33 43
66 71
-65 -18
26 -24
-2 27
78 11
-51 -80
37 -96
14 -92
-49 98
68 -66
94 57
9 -2
-21 6
51 -9
-32 88
-83 -57
7 -92
-32 -58
36 40
-24 -15
-83 58
-76 -88
83 11
50 57
-45 22
-19 40
88 -91
61 -47
-28 71
14 -41
62 -41
-65 73
12 -87
12 -76
-26 -40
80 -95
-15 40
-49 -12
55 80
90 -53
75 21
2 -1
-73 33
21 -50
23 3
-2 -44
-89 38
38 -71
-74 86
-38 64
-16 93
-62 11
7 -97
-88 -6
-30 -74
-9 -7
20 74
84 10
21 96
36 -1
6 4
25 0
86 -21
14 -72
85 59
-97 -8
-58 -4
36 15
-22 20
3 20
36 -11
61 86
-78 21
-59 16
47 15
85 -54
-40 42
-60 74
-17 -15
79 60
-24 -14
1 33
16 58
-48 -99
84 8
21 94
-85 -35
-49 -68
94 33
30 -48
-61 21
-97 -66
6 -39
67 -31
-90 -48
65 -42
-79 -94
-19 71
-61 71
31 -100
-14 17
62 4
63 62
-30 29
9 46
48 9
-51 -71
-50 42
5 -1
-38 88
84 -28
52 93
7 -51
53 -56
-76 -15
17 -21
85 10
84 13
20 -62
-22 -60
33 16
-72 26
36 6
-80 0
-4 82
-55 -24
-37 -14
28 -33
89 29
25 -94
45 -75
17 -27
44 39
-1 1
58 48
71 -22
63 97
25 44
56 -99
43 80
-50 -43
-52 64
-44 -38
8 -9
-40 97
-6 64
-88 -100
-50 71
53 58
46 -30
67 -100
-72 40
80 -47
56 92
92 -34
-89 11
-29 19
7 9
11 -51
-29 -21
17 -98
-67 -40
100 -87
-82 55
-58 24
-39 59
98 -84
79 -66
-11 -97
77 20
-82 -47
-25 -71
-79 -33
11 19
-23 78
3 48
5 -42
78 -38
85 12
4 45
-44 9
-72 39
30 -76
-89 -27
-43 75
68 84
-90 77
83 83
-40 -29
19 69
61 -8
-77 -37
-41 -48
86 61
-7 -88
-37 -88
-50 25
-36 69
-24 -26
50 -12
-69 27
49 59
54 17
68 -48
-72 -7
-47 -25
40 100
-97 -19
56 -7
-4 -67
-60 85
57 65
-7 24
-10 40
-94 -10
46 63
70 -99
63 -68
-18 -66
-20 -22
-56 31
31 -27
81 85
26 22
73 24
-70 18
-78 -14
47 78
68 -78
99 21
51 7
-31 -15
55 -90
6 -22
24 0
84 -46
-28 -75
-83 -32
57 71
-40 21
-25 93
66 70
13 39
79 48
38 -10
-57 63
-6 -47
34 17
30 -63
37 -17
-30 40
54 -91
9 -44
-35 25
90 69
16 70
-58 -90
40 43
65 56
20 17
39 -30
-91 -10
14 62
70 80
64 88
-26 62
11 62
-97 30
13 -68
67 41
40 -42
66 -90
55 95
-20 77
-39 32
49 17
16 -84
80 43
-34 -44
-4 5
-41 20
-63 55
-82 72
36 53
60 -71
3 17
79 62
-38 -52
31 -90
96 -64
-80 34
-49 90
-58 -58
-59 -86
-73 -18
11 -30
100 26
-7 -84
57 -60
11 -50
-95 70
15 -37
51 -16
-71 -41
-83 -46
7 62
-57 -99
-50 44
12 -90
-79 -26
-31 11
-8 97
21 61
76 -22
-41 25
57 -22
94 -64
-73 -58
28 -18
-56 1
93 34
-78 -57
-32 -48
68 -80
-83 92
-96 32
48 -79
-61 -18
57 25
3 85
-7 -100
41 -22
-9 64
-23 -9
36 -63
-21 73
9 -46
-31 15
52 -61
23 -12
-9 39
-51 -37
69 90
18 -13
-79 -72
57 46
9 -86
78 -72
26 11
86 -7
61 -100
65 -88
75 79
35 72
-53 -3
-81 10
-80 -34
53 -87
-54 -59
-27 56
-61 25
78 -44
2 -17
51 100
-77 -1
24 -37
-30 25
-30 -93
-85 -88
1 -94
-23 -60
0 39
8 -1
60 1
-7 72
-65 98
-66 -52
63 -84
22 38
6 -8
43 86
57 -90
14 -30
5 -44
-3 -4
-77 63
-24 -87
-1 55
-65 -53
-79 -100
