1816 1650
43012490 -59046972
13763037 -74081273
-56692987 -3294585
-97399430 -93071219
21790792 93497919
-64698784 9481963
-308652 -90497132
58094126 -7791210
48710344 45928734
-80968117 -59294708
52971311 -20870724
-16719484 5746040
-17715052 77349087
-96735173 98811363
-70162616 71644452
-19174289 58081167
90587913 30124873
-52728767 -32492958
74494467 639574
69003767 -70957534
-36301759 92210682
13531136 -64861342
44940925 -81016869
-37736117 -10502871
96998948 -42258776
-4003047 74634755
-83573237 -44354386
-72399047 61800949
-26333969 30888404
28189555 55539403
-35674633 -91550638
19456432 56506631
69154515 -96358042
81009248 8035339
4468505 20528868
-10871953 -20912001
60871506 39889154
86747498 -5952829
-26954842 69723410
-61743832 98360261
56312898 52825904
17065405 -22517994
66538453 -46351014
-87840804 -90556009
-17900083 18419433
31168931 -89554178
-70521423 57590816
24993211 -80657197
50917635 -23599997
-47739345 81425961
68887416 32852108
-30205869 -36137887
-26334335 7659132
-52573681 37442444
64825585 -8169086
17701972 -79810628
24233734 -73074169
54748501 -40578084
5975826 -59984620
67472254 93386212
-17316143 53811217
71425051 -97109438
-48952006 3186611
-62271744 -85373163
44812249 -60156833
15561778 30056153
-62026039 34526840
-7021149 -17113475
34077052 -90477824
-22919245 13366919
-99314528 39287152
-43182965 -13585597
-8753004 -56425498
-13638108 86681786
-29626953 -80449036
88546197 44528747
-98749130 84002367
56414607 -32906486
59369739 40307724
-56183958 -88099181
37521187 -19689299
49143429 -12985170
20037362 -51289759
-7352176 29648074
25050157 -65945855
61327984 -60389275
24146659 -16926149
22314885 -77560799
-69657219 71618588
12932950 54527574
-36610820 -12167553
41904316 -89744986
-77030747 963954
-1760746 40964225
-14220647 12898000
56382931 49579821
-244417 -29402231
-30654474 78527271
-77806403 59795943
-72802522 -77615221
75862240 62986995
21570204 -71150130
54807589 -7216196
87124713 -41276310
56878609 -93103687
64140513 -25751136
-96198256 -89423676
32748007 -30786165
-71701103 5143245
2267143 30216241
-6999392 -32386527
-37781871 -56870860
55613412 -97700841
75526561 -82466480
-92526204 -35356881
-55781338 75028276
-70453830 -88172619
72853303 68185479
-98638771 -5003485
-40732798 911141
43459384 31835723
25002513 17032716
-97281028 -62373540
42080285 90414724
-32597800 -95930204
64228665 31837839
-39267095 -41924638
-92779771 -64464484
-2347115 -36490010
40990649 17590427
40027157 -72386729
-68254876 -10873209
-38395224 10762601
13494528 56447815
-11917768 5497077
-48227647 36021320
12814617 -98384339
61066450 4621312
60409944 -38038137
2375969 239632
69513911 32522617
86700178 -82403114
87392419 79531
93883025 -63613393
88739875 25062050
20450594 -96325779
-34728071 -36122132
11729618 -63493348
75031519 20235236
22245101 15927494
34176293 54042013
-54081184 -81377723
-24256303 62249875
86180938 56398464
-17147234 -70859540
39608829 -11934507
3113042 -91485290
46693585 29887670
-30459678 38110086
-64316766 69614839
-35105180 -80135663
62688176 68464019
-36585273 -26421696
-68642432 195990
79793352 -76042400
82163190 -39932106
82157518 -39923683
-56890421 13630012
-55663906 -2209442
-82623038 53750646
-51177256 76240384
20772918 -34948270
40766744 26539099
-24483124 62447745
-33184270 71198958
-20368569 -42042009
74633866 -6982779
-41305822 97015590
85061080 -23047361
391583 -4519137
73987102 28348343
71468539 -12621078
-16944297 -22896419
-61930042 -16269262
-56087709 64708353
-21832300 -98349161
-27338090 99625544
-84640417 76252876
43430008 77363779
-24989265 -97020048
-50201466 -69415398
-74257193 20643086
-63693981 91523755
-65140554 -74667716
37917873 205021
80239890 -22282091
-57286313 -61587857
-5099818 6340080
-38800027 -2338034
25596532 -87098157
-47351546 -69476704
96262852 57872019
-50245770 -18405636
36296970 -98500085
-57935886 50336403
27479597 -10516299
20674857 -81642053
84910005 50611801
64117105 -87020089
10872279 43790774
-19833034 231248
-87147602 -24480495
81844767 15703686
-41656611 -54112839
48833515 -35103191
-88131894 64796357
64493063 30375156
-87520538 -67251344
98193314 89972498
93307082 -63228530
-91027543 95111820
-49858752 72059774
-32085964 -13739079
-83629862 -37916149
24924237 1249292
26309482 -9522632
91970807 42532205
18699234 94095732
-64175297 51039855
-28639797 55245348
-69699605 79132514
82955929 -86189290
-48559374 -29916226
-58204013 21089519
-97826932 -95101579
91588428 -93606558
-51015402 91307992
69327697 -12747643
-1147 -24561721
-47450626 7145772
-20887160 -44447782
-90821266 -20131296
77993441 58361389
-56253795 -83034506
16723152 -31665277
-77539652 -91256023
-45754318 8650744
51955448 8096504
41208520 -33570607
-244469 67836196
-4586115 -31768417
80423000 -8837453
-64686062 83778581
46601163 44269913
55582985 -69514376
52296746 -24892292
-59357846 -90991540
-23686461 55436630
8489109 -53030019
-15806854 -3659985
53489227 -51061788
17526358 -59763799
-38773156 33721935
-17886458 -63709380
80425550 -44544179
65979728 77810100
47508892 -88674762
66422967 -30113580
29290517 14467156
-38851424 -79939773
70345843 28244485
-54838464 30167869
-36832078 32993477
-92022613 11786387
-35819059 28816145
9787110 2563291
-92403895 -82932447
-76088404 -24469709
-28457356 35072221
58055927 -58281819
72241203 86549563
3712289 -64497915
56642010 88250453
-80511694 50369500
-15172229 -18948047
57352326 72357666
-51588679 -21813163
-30334844 -64566660
-68264571 22982639
21239234 53477590
78492958 82408408
-8878735 46119392
29416174 92953872
-53164815 46704653
11909912 6112060
40760694 -15387162
-53438378 29896462
80402417 26932536
-62636003 78382947
58053 -81596606
58192338 -6358972
52886639 -70427786
7871972 26540779
-38234669 -54667275
-93282247 -10569737
-87939543 94053914
-66843975 1936302
16570157 44221470
5701873 -98296014
12959671 37815873
-79752212 51806263
96744429 -99990935
2734340 -53453887
21085176 58710715
98972336 -27860760
65907076 -65851227
-22675694 -45137122
-44956263 -84494480
-18332974 99289325
90935678 -18606931
71467896 -48647027
-50280649 -39761840
-89639507 65523295
-84960035 77068380
35339609 18576281
27953980 85973909
-19261703 -34435961
-12083080 -26179099
89473197 -4543525
98437372 99742694
46601997 -82910595
61733134 10679763
62699145 62020702
57392764 -9605942
-45982196 11051385
-56605501 33492229
-13507001 76710416
21292586 -33094225
52265217 -61033203
41068832 -26668250
-52355607 95745168
-88218204 -3057382
50277446 59074021
-41112080 15242499
85809503 -20255459
75605359 23375512
-77617614 58982767
86064683 60065855
-60877942 -69674515
-89581229 -29108452
-27837755 40459309
-51141278 -91841603
25874452 -2538924
-46903975 -48689518
20287580 18051582
-13584130 -95418166
36465244 97301225
53750859 -42865392
-27538105 -26477756
-36999493 44860762
-58822470 -39114754
-21571048 81395036
-66744442 95948285
-63066327 -80089184
-56399114 10892198
29653063 51000936
20531504 -67248949
-74673785 -38499876
99063919 -98187
9277977 -15165232
-5640933 -47785799
-5716448 -44934194
24411186 60075906
16711808 65113613
4837548 529787
52460617 76836085
91571524 -81383168
11447635 -13263822
93069092 -85523754
-6780651 5333424
-7320910 94999291
61980989 33098225
-58363094 11965125
96375467 9910238
94417128 -34292576
-5254729 14129186
56627746 55237959
66895979 -47328309
-94325394 94185970
29622367 -68797224
-85126759 -74302688
94339476 -93207637
-88274621 55345875
2516915 3135854
-62960015 62112565
92852070 -36603115
52987818 -25443482
-68265141 -6579619
55115694 47520588
-60306368 62682534
849311 11783906
6878037 -51692486
25323429 21761877
-78192787 -64297233
42508850 50161082
-77407847 60494852
-26889001 27979551
-87268229 18209268
46412826 -25071982
18493993 87819291
-54816724 -58558757
-9145525 37650631
7467845 33151385
-80790407 51082909
34662756 -36791808
6005875 -77701482
66809802 -63214414
49152088 -77282609
18414811 38254060
-15048268 23407228
28663765 -42540569
9710671 48699730
-53390290 50275392
87506148 98822886
65670202 -46378070
-59353468 87328865
43364985 -73345286
31926410 -55801715
-35800126 -76578238
43912011 549270
94026216 -35574325
-2350478 -93529858
-74544630 -16213690
75541336 69751139
59427529 26007496
11971971 68418041
-7894828 5774054
48229513 -65841343
81601361 -14630177
10610137 78113722
-39586645 75823971
-33065081 63717522
-52256195 5028697
-52506379 2603060
46620610 45522344
-31293624 -65053444
60892378 88235036
68841877 14662100
35939927 90438036
47612879 99165788
56033390 -59601107
47486350 79118517
78057074 -48163639
89687670 30828375
-5447542 -96793921
50136285 -98095290
-65747958 99433125
680240 -56539776
-87951880 -63237139
-86317601 -24366479
38592241 96309427
72252687 -39678646
-34469607 -67124857
88811613 -77631431
-12399596 -52813962
-94833873 82917289
24387421 -93469779
-21647837 -37901666
-86391495 -11092060
12610170 47081506
79143977 -21742367
5597357 19884283
78231089 -24285549
-2783682 -13057761
58132230 23702645
-79945154 -35686601
10233627 83388182
86558921 -42085892
77236793 -18583045
25223598 -12610492
-16771884 93843352
83056673 84381958
-2244957 -62633082
37277005 45260144
29519773 87620137
87957225 51339336
-90877455 -77947388
14558583 3006277
-14796904 3172586
10153700 78906937
29290470 70666314
-87966559 -80567431
-34762169 -63280883
-51421069 -80618974
30194527 72918649
-52446865 2926142
-35402436 44651475
-84721123 22130932
-12419723 -59288380
63431965 80908717
-35124855 2943059
39129832 14690085
-62514532 -32790873
-13211782 -97187914
14733688 -28068722
26338061 63841979
82392986 -53225839
42807823 44490578
28310912 23258515
71374161 53943996
4590803 76850532
-84337719 16300895
2414248 -86601094
-76415591 -29235970
-82693859 -2760029
24473267 61267926
66042510 -15593138
91454606 -107271
-34189076 -69305795
-542221 50428050
-83939103 -88872528
-8613285 6212726
-94237244 39329472
-2823413 47412231
15825761 3713475
56956758 34749857
16065782 48252888
87573311 21536477
54592325 -21162301
67875512 32053645
-8595286 -86540392
18224690 -27566113
27438668 27273184
-14597462 49600562
-69753825 -85385661
-71720973 70057655
12616239 37240474
69255978 -28037595
49742830 -77189460
84583392 46896729
-14581556 46460136
-16890984 89997708
-95643144 -31819876
66118289 -43426292
64618249 -22062775
-8960659 31539290
51348957 72837309
-32204328 47349927
-26269328 62085806
28452430 35658568
1354863 39157759
-79701913 -80818970
-64721417 56947411
38059344 43578639
-80718311 52766065
64802539 33570794
66735201 36214126
-16827133 -53439735
-85220374 69249825
-32250123 77807765
27802620 -51144790
19732319 30593149
-51803259 41286826
-46664271 52617833
-35201995 -74503018
-63531079 -22296944
49770527 13683790
-58052507 88414295
80150980 -24986271
21122933 85682097
-92271203 23551751
36828775 41088725
-91858041 97040894
87520229 -95481053
-15394088 -80506012
67246120 -48663249
79243698 37230864
-51419379 74808426
-99968377 -45339003
72962996 80031319
-42451306 44212545
88001037 36969550
-5956019 29068892
49970580 32733387
23424777 36250488
66021508 -79743080
-66847441 -63610261
15165997 -82980744
-62284474 -56852260
-9063516 33861093
-35798494 -71822985
81096246 76050569
98715368 -36448613
-84093492 -76437976
30760134 49323783
20607608 1557167
86692094 -45082511
-74373453 71707993
7583530 31737810
48503877 68623300
64037608 70309397
71218301 -41270985
95067166 71221236
-94990039 -15047944
98493313 90819119
74119749 -36674226
67217272 -26244904
-95254873 -68882435
-90981566 45872347
655757 -20754381
92715431 -37061144
88760209 88367345
49067866 8233497
35844595 90367514
-49450438 -58271640
30922263 54420876
-90681095 -89272303
93638349 -32617077
-4293074 73139040
-30535803 -61970683
31394439 52371184
79527168 95701747
-62329979 56007631
55458160 2670535
97531344 6588585
-87402360 -95168924
-57211448 -17078472
44642847 10159077
-8335202 29786185
-55617094 -70376068
-99308763 56506596
-60800500 -84962288
31578560 -50958934
-37860090 -6148305
-87311149 -9663788
-53339251 19376396
4128143 -78376451
46008662 -94373429
-4332642 1203382
-17397000 -81317849
72591868 89099500
-9717658 -38973658
-59582748 -39271066
-39805023 41241796
-29586868 65111399
3591531 89697927
-11483993 -81026274
-81518234 -18928746
-11800730 -20792143
-9488871 72606215
-87432689 99812105
-47982362 -71508876
13044360 7340087
56873381 29313152
33676390 -40957395
50569371 91181821
41612909 -53383953
-92103734 91750574
-66494383 79685573
57565905 22819690
-96485799 -85044548
-56406716 45667551
69437474 80983617
71826390 71198726
-52956399 50808556
-49032018 94789919
-29805511 -9383149
-84426414 -4217268
-10103834 24731356
2681019 -59160629
-47289205 53932209
47278220 19418523
57252670 69956364
-25644116 -32065550
96982296 -91949799
4179303 34356356
-76593853 -41328398
90639321 -59642570
74811677 18126771
-371537 80202402
37098226 -89045409
-53242809 16936134
-15002039 -48631001
-47056265 -77936454
-10189032 -43311150
95814904 -62176182
-69198144 -67375926
-7142938 -75238235
-27461497 51133417
43648661 15223936
89038576 -94339963
-40063387 -32372451
68805733 -3978573
66851743 28534373
-22981013 -22932943
-31075978 -20013360
86771126 -4423681
-26772518 -50142598
5657831 -28905125
-86652605 9672895
87453550 67542802
22572803 70335664
-84321779 -85414618
21438218 32629645
96287436 -99639153
20111159 -25231734
35881446 24086957
83846991 6796773
82140792 -56519517
95556371 -74343988
59623474 86018285
76546547 -37976432
-7986930 -15450715
-75153673 442110
-22368252 82342534
31465728 77683595
-1522382 -74335091
-18477438 -30777190
-8903702 19770004
13132317 -22527355
-12620727 65536115
-51519278 52683459
7790482 -34908514
31950761 58925860
-79460308 -18754237
-80380344 77915107
-36180486 68330549
-50272751 -62457205
52976690 27692759
64434791 -43378493
68506135 90729685
79060934 50001960
-79675002 -34910524
57375567 -45724187
69294225 -80259390
11576875 28605044
-78681655 4303096
92346217 15941042
-80722177 -55386239
-19283601 -91962404
701534 -93685473
89804490 -68851968
-79154028 -90965173
-82989714 29136806
-84531385 19565890
-40281516 5355135
1666562 34392977
-7379067 25845316
-29826427 79738701
-3756321 77602546
31228207 88868165
98091409 35779003
-59255243 -65177046
-78250656 -61515436
-36131376 66540215
-77001499 -23493328
-39902708 -87882759
-15955741 -74697807
52478921 35293938
44663018 -82961044
21696806 -65653838
31801157 43290132
-27484148 20133803
-64582074 76801073
-35042505 57176213
4454939 29358114
21130418 4625925
-26276845 -39401602
-23173987 45880800
-11883882 -82162484
-38903698 20421904
-3820734 94051708
-78648880 73105811
19216431 -58584739
90551188 55012453
-11935057 -25514487
-78924447 25668791
-76498498 17178746
92540445 50394011
-29416286 6172736
-78668118 -62445530
-98117239 -95166131
-64429667 4853692
85412555 -52770896
25709047 -39028787
16850896 15278346
21042951 -61184301
-19179369 90435317
16853080 -71084310
55862078 -18438633
78180539 -66828903
-58787034 -75800977
60166372 -32168474
40199641 -28565876
57040700 -93293290
64334448 18201255
96357258 8952430
-40605989 20265643
-26290526 -86423675
91408291 32749016
-6854802 -63905597
-90837675 -77859769
20320580 30128860
49913605 72822468
-65505222 -15427602
-58705028 63789829
-91715004 45263758
30778630 -70260141
50283038 36883502
78536938 -1574245
75443400 19483530
-12155582 75378072
20637626 29302326
88389591 -76813887
-78280178 -99930162
-21146927 56358779
-84066148 -67958126
16125115 29142594
-41018185 40348041
-56560646 7247921
-21553521 -45793977
-98012112 69150796
45244272 -98897639
-71825024 84840301
-99803192 -74127117
61209804 -7058301
-4539540 7173859
-29571040 -43409071
-97675921 -67376509
-62899814 -72403941
42852879 2511762
32506055 93164333
-96625923 3659543
-34205976 -20473563
-67660082 92570021
-77971218 61398234
43759761 -17599573
-86460869 79543266
-36722042 -45319656
-49899950 94857772
54128160 15313457
-56100604 -66757747
2603783 71656093
50336562 -35723166
68661139 -748537
-61276161 -74014404
40920838 -28698114
-3826502 49574963
-92981023 -9287165
-38579021 -38124660
-99958252 70026852
-35007885 23328536
-15062428 4685170
88381056 -19699976
-79212367 93047090
-70601293 5498581
-2954729 -34292417
4369451 -83678879
33612139 -31923144
68975176 46815745
59727924 -41814036
89584073 41974083
88140420 85654752
308951 -44113709
-65468339 -27762595
15634364 16214065
-50623638 -27623687
650070 87387115
-9320781 -66873703
-17166780 -57984477
-93712012 74270055
-42290312 58866509
-15277805 27455820
23541216 -98294111
-51695535 -82292244
37252876 21656633
40721050 -42452398
22320433 -96066049
-17134617 -70490160
69405827 46386710
42252336 -83106558
-3584630 -28415597
98604808 80345383
-75863892 -38136491
-96299946 79686123
-86350435 71992192
-61096549 72799141
-96677954 -18908675
-34805687 -11654099
5074862 56865305
85716843 -57945480
-11006963 41081729
-60695285 31318013
17677670 28548902
53303725 65746170
76656772 -4100185
-98125334 93735789
75377576 62596328
56101270 21050045
-37151090 -85894171
-73089990 89335996
16626881 -35633903
-43072628 79052385
-23440036 -71719976
-68296212 -11170826
18539865 77189871
17386703 84124189
-24655086 -76305227
16504997 45145056
-42004161 69589722
59987484 -63083406
-48336135 -58904227
27049324 90151087
22774043 71590940
26985534 -70199125
51668566 76127893
-2137438 -9191272
-30140492 -3383067
-78084204 8488052
-40427903 -65661138
-40578784 -66908188
-69097821 99971249
64396989 -94895212
-91639125 12847423
-18260096 -40134311
51972974 77038105
79168806 85850157
39347674 -64408560
97207044 -13669922
90079542 -52329475
-13226177 -12749295
5010579 -99337008
22323173 -77586876
58237547 4355227
19227925 69397202
-58795690 67365931
6827187 -18606200
82892072 19933026
3770040 72049152
70994765 76858750
-51624888 4626445
-51054618 1734918
-62240891 49078412
-98170490 87893108
68848167 93291275
-22538453 -26490796
-27228041 75149860
-25535099 44736853
80719954 -60846596
-10168735 -4753584
7714709 5597557
-56875578 25823990
17231974 14741038
-9107330 -17098403
639921 -18598148
-30065830 91856527
-14320564 61555038
-3095027 -70360891
91274473 50137334
-96408319 -64307747
67126093 -26956459
-54919561 -64035804
87936613 69489113
-76652985 -76237741
-3874678 72178004
-45218590 -48478772
71790446 82911726
7237266 -16965826
86851224 -85692466
84258165 -93491026
-40354515 -84318045
45255923 -4535876
18795916 54181453
-5523034 -85710841
-74689841 -53362485
46983239 -17821335
22369140 -30511651
-48637065 -33326926
-33325217 -70624882
90728352 -71619801
52255451 48479938
-15421384 -49659457
-15181503 80957847
-74784005 -15971993
12832551 9472224
53222289 -43038221
-54029037 -67421873
81036619 -63695373
62005523 57127580
-29895796 -61900472
-8503769 -43531712
-670085 -50361236
-42339392 36430594
5804051 -83827126
33315545 10701092
-27995049 65525831
-23051755 -37979999
-96005453 81945526
-42808236 -93134340
-50787718 -43385933
22583536 56957306
-83428377 2565294
25487446 -89712600
-713109 -85517101
83187050 59941539
-42532947 -93935104
88868687 -63922747
12221950 -55696017
26579919 7188560
-15732029 -57395684
7754503 28908906
89286799 24741860
83841501 83840976
81473739 50759920
81305487 75533843
47867051 38559433
77105420 -40511728
81748306 -72213982
-35700278 -75897503
63165469 96085650
28828115 -86344418
-67850035 -98430820
58238060 -39125730
95903231 -92524114
50037323 83543327
-99134656 51066443
-11706883 -60327918
-66656594 46320221
-32940576 -46544478
-93756126 9720629
36205534 -35855806
-24193934 66851531
-70236175 -85980337
-3377880 -37518860
32878802 34856212
-50373064 23631447
-98615129 -32064645
-35486140 6347344
-47678387 -73236597
-16260952 51604642
-2740171 -23360183
19036845 64236468
-7462331 36641265
37361109 -86027804
65119318 -46423729
-58656324 3338024
7024754 -73637956
-79796543 86263996
86069900 15548147
79333773 -36379863
-98225396 33007226
-84011840 24162541
-60984044 -36490277
-69499330 18935714
59448911 23428864
-46945375 2318733
93288099 -72082563
-66822543 -86267027
-73348658 16574678
50215737 82432640
7642194 80705748
-98036502 -82862484
-59816562 24372694
-81165385 2567619
46951365 34880252
20374965 -83720389
-99430412 -50357758
-99065847 15516259
-41928316 44671201
17335407 21621196
-91080057 8993815
-57109289 37435815
-25828515 98436464
-71265780 -24759517
-22673763 18377240
-32070995 70555262
-18994027 87522876
-83456847 56092329
-81212863 -61859573
-94445555 33572086
74287409 -11307524
29309510 -24299758
5263661 6203654
-26727658 58163307
-70280416 11248241
23437155 42993419
34728380 84570526
39779804 82843411
44847036 -54977429
4119474 19490003
54610787 48215363
-64358678 -3770906
35970993 -8243878
-68333658 98663223
79960712 -52363839
60068740 78425065
30445424 76511474
-47024596 44297377
52101573 67458399
61407808 -86426635
-57013160 -82836201
-93573156 58844079
-44023501 -80752361
-58506379 -53664849
-17495408 47642870
80513866 -3843169
-20065293 -20747808
27469742 45410671
69594217 -98679614
54117616 22363011
-15084788 19841723
89668417 22162985
52500561 45067948
89258365 -12424061
47796934 39670431
-32154074 9064555
1018334 -55089548
10101068 -86659701
-67458970 -33131209
87191654 77200505
-63422079 94092406
-55810364 24726203
-41525041 59640923
-48162042 47039354
85287 -55177473
88357477 -58226680
-28810822 -73823336
34435746 92960971
-79337877 33295662
-43417314 42983714
-24671937 -61526991
-86112668 -91444445
-95657551 -1977405
-93515868 -67317939
50278393 -55113280
-83504528 50192882
59617948 6307725
94587065 -86429836
-18378647 -62943775
-80388762 30449649
79769777 -98186211
69210223 40412666
44152609 -94240730
59755456 64337513
69710436 -97780752
-34290572 16719187
-9889465 -53803239
55661198 21635364
77476092 29662309
-52902927 -87802743
43880661 20274113
53314250 -77489148
-47270014 88121731
-19336013 -86003613
-38961526 -32315111
-8216803 62894731
-80691840 23342690
-52516273 67117896
66200589 91085607
39480103 13689420
-16860145 22901108
67545114 65821757
-10371931 -48503435
-22623428 -64059463
-51688842 8126688
-99954106 -1001306
-99294547 36004735
8580901 64341484
67666131 -88363945
48042855 56212446
51794967 -8097886
-36238222 51496628
53656685 -77710546
26084870 56969790
14502177 96204568
97089209 -12736678
-75649728 2870420
68617025 89125380
-59209910 -8423753
43384119 8795154
59037951 -13645363
-60653564 97098056
74799233 89109350
50014478 8045066
-29723791 -68008395
99769121 -10686188
80565052 65044033
-80649026 21871976
-70590001 63419316
-12559253 -94084372
22132626 -46771858
25534520 64964168
43240161 -54591106
-15134828 -11508706
-80996228 -74664289
-66198809 1749946
-499730 -53425328
-3330090 31833884
-4028768 -85462445
34728144 85875864
-39605662 -77319567
51962498 -73200041
-56179483 -88520011
-63098053 -85206493
57047228 87105798
-63343034 -50666015
44312687 -48901672
-202030 -35445078
86580440 84061391
18747686 -92162403
63307766 36240907
63011895 -56235856
-17729785 -76614064
62638041 -73278147
-75029948 -11944848
-14258869 -75191883
74208693 -76596878
-59343653 53369938
12472620 52741381
-45070794 -14769053
54445814 12286925
-58435279 -10759345
98313011 50548845
-44092987 67325073
38570840 -61691501
40847040 97827562
-83429588 -48765424
23921576 -9280984
16464544 -55614719
95401020 75622114
4444745 -88597263
59824231 -83106486
98404756 47855515
-73711599 -30719590
-46924817 52763124
-12959206 69036810
-38628719 27523267
9790756 19477202
-67332460 59172125
-13262607 8573697
-18746548 59884043
1614593 -50949866
6262696 -84885933
40323058 41359968
-28804367 53116
-69997525 -49687178
-60693497 -94588926
37692307 -71438826
309638 62603569
17273054 38952992
-64080594 -84698946
49569746 36174804
16483130 93912837
14892318 64571961
-55088315 83916507
74256941 -20054048
-8118704 74487597
11975304 -22643539
70758771 27828292
21062950 47079674
-44222041 34782860
-58574497 -71628537
20600511 -71226561
-77331434 -98296149
-77640567 13718647
4570258 10005998
-34822093 -26369236
79355999 -55617153
29813723 -86543061
19156632 -21585644
-47797479 75721008
82573866 79247039
37897497 47299205
65381158 -52420466
-42398140 -85752556
26474626 -97645150
-4307506 -24500705
-64437888 50317347
-54263221 54653053
-64143673 60236473
20539242 787882
7924698 7580921
52895248 20806613
-97132140 59430195
-5301325 -88585241
-89245635 25889441
-9877462 79887289
-29422231 -91931866
50730942 -89220231
45509386 -11923814
-5232958 -25488397
10176569 -19853401
-53059377 -90671183
26907937 97872043
-56727527 -18568204
-89481645 -83192570
-21123620 8214388
65964756 67295069
62302000 22727000
43991388 -35645636
40798718 60130616
-78142892 -1384877
-12966137 -31833179
-92804141 56624966
98781635 71023582
98882846 80297646
-84789145 -67044675
39865943 77170749
25941176 -10998031
-34639517 -103764
66372131 67155365
-82791541 -84111420
-78401674 -55389952
47292122 -88407764
-46268112 -87901771
-31011627 28133747
-69969174 96987968
-49507619 -37836053
-23031732 96959799
-94144445 10195312
-74952374 87837521
-42234931 38491463
-30507451 -14682811
-43201651 65588970
70768145 56734143
39806983 77803504
-62417504 -7295198
19221269 81691736
-54849676 20165
-82098981 54755659
-38515176 89909672
33125656 -63594110
-47108417 80761773
57089452 -15473588
97621976 -87055317
41989356 -41412697
99111668 -9937666
-20602884 -21142412
71227301 -44217698
-58671263 390560
-12082845 4939646
84723366 74111257
-58570391 -19942654
-75684578 -66730307
46525245 92755737
36845787 -6197452
-20707560 -35242038
83567520 -58347504
-79386668 -59115095
-71829971 -35625285
-60002660 -73810039
17242944 94453289
-19651871 -76273723
91412069 -59693240
68202990 -90542697
-2278223 51940286
41119207 88749556
-54468432 60520050
-34378711 -16797432
30833909 58225812
46263274 11258675
-11443824 31529183
43575764 -84392437
44115121 -24100917
85865377 38075000
-97223313 1347942
96434180 -75121378
3787288 36405551
-17996068 -60194849
38510715 -80674446
-232851 -28271150
-11591674 -67923675
-83711781 99571912
-61076723 84820345
26515268 -45244478
-90524790 8839860
18318763 13994002
-94711114 -46052720
73665923 19217460
11750959 85888472
-52010195 44269685
42312591 24141372
41792798 64644630
3215624 44995790
-65527828 99013938
-21214589 -18049489
44790803 -57584004
34074778 -34367008
-10487066 -84844406
82696786 77551226
77768269 81164891
29345488 37521580
87617140 66451681
50288580 -83307212
-47298703 -93136912
37046887 6146875
3781370 -17815064
-71898019 34690904
-66727008 27117020
-15606277 72251249
87456052 39212906
-58935293 67744210
91748834 49644420
56388019 98206346
2943982 -65109657
-26574015 10519739
-51611896 17323684
4023574 2008502
87222901 -4524250
-65741610 47493653
-41040795 -23456129
7647568 64387891
73640625 -19276877
19050235 -4236781
47844253 89594500
-26750244 50502478
18468975 22666936
-58136410 -69829156
23494003 66161040
-18651439 23659656
61070934 9632286
-39232414 84557997
63093869 -35582758
29297009 47197764
10649137 -73387025
-30578852 81979586
-39011898 3594942
-60860633 42619578
25805686 -35672587
99647444 -87540604
-54401892 63335790
-66107100 -24385346
24707641 74672922
-30049671 73329865
90291563 21888842
6874667 98716413
87946879 -230856
-25544262 -4383208
-98570368 -85784020
50342904 -80467971
-99392872 -39264082
-16104085 -94259619
-66616175 -86507061
-64941759 -90610510
68721255 -8456899
5353432 14929333
18038659 78624318
57507211 11920062
43568 90191076
-79984608 45499080
-17346297 -63124778
14956694 61991241
8056874 40437169
35560834 -63945897
-7203348 -26665527
99613968 -45128311
-78664609 -29627147
720947 -7055528
24892080 83564268
463291 63061306
-36793238 99701342
-64726113 -32387307
-36380577 95629690
11064543 58618629
-45854503 -62902738
83408922 80734787
-35042460 -23430650
5260945 -45785843
77319322 51985824
99660592 58815345
-23087118 85568190
24492026 -28362905
12909743 -18708650
28794754 -6466009
-69124639 -462499
-98445600 91365559
76996186 -46411665
6020215 48816813
-59745515 47508053
88545627 44892196
-95778370 75901600
4321288 -79817471
-45734141 -56319684
-67493618 58763102
-57184686 84451194
-69684428 -51528687
-39797282 -38429173
-46283010 -70673106
-99664690 -15690004
-41755216 -92010943
-59944624 71658386
-99946247 -38478118
39321954 -18274942
-19331325 -86572525
92207071 -40731571
26609093 -36220202
-62484456 85378456
24624420 29671627
-87501691 40666266
39913501 90313649
-78246764 -8988155
65416582 -40581252
-10439227 52932836
-59280235 -83792623
50613079 39996259
108776 17049565
-62999353 31527890
26089986 27990316
13644879 -15529669
-60612785 69087458
1098573 87111004
71765001 -50700782
-81891811 -49640708
94763856 -88258126
2576242 -59827031
77473298 58868571
10484987 12492470
74985973 -85163537
-46672236 65861255
58226382 47921697
82667074 -442359
24078933 -70338079
-39255551 -53204994
81541170 -17005361
34079565 51245923
48906793 -46866936
-7219436 -48352726
22748448 -31516423
-63002694 -79414431
-74311281 -33530494
-58435542 48017284
-15404077 42599282
53076317 -35368092
77678374 40057497
-68487940 46885877
-56163228 68432756
47903288 -30078320
-86350946 -64050510
-91660992 76775829
-57407708 -24567627
55986891 6913979
-84050604 76968469
79789546 77648454
-4280666 53287819
-10144462 36279664
-49566019 -55444345
-73874047 -71427333
49953805 -98743221
-34192860 -54727988
-26177013 -32219626
17087235 -34301484
53075046 -18340983
-50894946 -97594943
-57208012 -85720105
17636026 -12010450
-50118989 69298489
51329802 35380881
-11003732 49375746
-35201362 48597922
-83951733 -72409084
-82106199 -43139807
74935982 88478326
21425538 359239
-36394117 53536022
73810531 -43727895
-12284524 -59691563
-10618859 -60895998
-73749101 -29540377
-28417304 10320509
-55783796 94075269
-3452025 61607877
-83155562 87662229
-94172534 -35520571
-71712349 -53281438
-5834573 -51656088
-30536591 -32191635
-54577226 44313622
14543852 -27785445
7208258 56122266
50845897 93904838
-30092766 -30238251
48948184 77712296
71926678 -86977697
-73209779 75605856
-35761592 -77727563
74717478 33219755
66989650 -22156030
-65164596 -87494572
97411606 -54765028
39979303 -82326678
-58191148 -32581484
77346890 1258006
-9217232 65574283
-76450096 -5162480
73732592 80699433
16204208 -47171174
76619517 -29846493
-9346343 59117959
-83504941 57427040
-45530035 93322537
-28469998 -67849947
42615546 54262747
-67569270 -29146607
5988353 76352960
70977159 68594144
77632502 55979938
-3392576 31556318
-61735652 -85114574
-14113408 -80184270
-69870200 -83608202
20967729 -91192423
-88777418 -31598882
-27937092 -9628757
-25282505 49238201
-4047968 18977020
-99151274 91175694
-85948134 -28277369
-10504759 -97610299
56803042 74319024
66480883 27147814
56040854 44394726
-94724111 -34099907
-3390153 -53674465
-29119998 -38866838
98689567 6381802
48150001 77277829
19104501 -48189990
84524159 -90984071
47385551 -95819510
8530266 -99486017
77811107 -68132211
-75979609 87515632
72889731 -55422407
41991284 4019410
42162201 96124244
-57064234 -41715900
62276465 10878519
-29610288 17063737
-77920009 17311788
50342366 -13187343
-87606560 -27827885
46478394 15709577
-74025375 2824276
-59672456 -99986107
-70798419 -34172238
-22460288 19883038
-69050606 7084691
24955826 55901297
-70556568 86465776
-47647013 -51785738
-2027049 -52219782
9658055 92900489
-5759341 43478921
32394076 -32283232
-65302461 46521042
-1650388 -53636457
-61688331 39918293
62732754 -81316179
-11630273 55136308
-5441714 48615529
-22800152 43018939
-74981613 7013364
4906317 -79588912
-31433460 -51831804
-5429573 18212650
-78065532 -7622413
-60335296 98446712
-78833652 81591324
-63816933 -85759212
-77158740 -17567351
74411527 -16075241
84044408 -1738358
91500628 27724668
-89624325 98120398
63449581 83674055
-71122624 3187011
-72215016 -45143137
27689871 8858729
54880502 14918846
-96377456 25393108
9640416 76029807
-60756359 29749468
-8239730 68663051
-62800542 96677627
-91383417 -39799047
-38739280 45399137
-77958497 -84459191
19562549 -12863441
68512464 17069024
-76315993 75982954
35956317 22479086
50647855 -38530128
-15522630 3306594
50749880 -80440854
-22068850 3955888
-13643397 76617435
41965231 -97159242
-60398541 16773
6551661 -19899724
-35837712 84583795
56626841 83931680
-15319070 58553435
15753139 92402389
31849540 47398278
-62692875 -38078664
52986690 97738476
46192312 16666602
-85088071 -33239259
52637073 60557360
-56367087 -35176747
-56337563 37910800
57379519 24345657
-99305059 68930495
-69566652 -69760618
44053672 -39738805
92078571 -55059052
-65478093 -81653664
66375516 -44769224
84095958 28061796
-75755288 39130263
38790440 32198890
-37906982 41367587
47276768 -33314480
96031691 89217011
78374408 -4720872
-51561560 -61546541
-5303025 41418320
-86761288 90551546
77665017 77445245
57612616 -99487400
73720479 -18497417
54982441 -84027347
-51782129 37747388
-15556248 -83229617
-66262594 -29181677
-89459556 54856189
8315260 -71185999
-8469491 -59344531
-45498265 -42830424
4859830 -89763244
-55721153 -18036894
-28013327 -60762803
46449118 -39408325
50567873 -90947748
-78394784 -44267683
-69875464 52590281
34856778 44090460
-37600907 96495420
48702455 13990194
44932278 69931532
-1051577 83328720
17125611 45692842
86557398 88928042
86593650 -31559765
19831162 -65230028
71919232 -94463228
4449352 -53669942
-19535295 97779721
64847351 -44282348
2515528 30093548
-14021663 -1290249
-47574815 99450878
-61066727 -71563652
-95778543 -42027457
-59117808 -17100210
-9951340 25382299
71071835 8617284
88712951 688563
83363004 58447151
89890363 66224080
89846718 -29842746
-8419165 67564275
86129709 56024713
-81262758 -83445913
94689762 -74658507
-16880509 -80621477
71430135 23840872
62512304 -97470778
-80204391 -1887449
28727267 96276406
-43488703 -46766248
17462197 59866300
24726481 22103182
-98055114 -98716234
-44546776 -36185485
57459498 85569138
47808305 11645902
-73085815 -9303538
-41374351 49995897
-50746007 59855839
88327503 -80276884
-76981722 65038267
-70380090 44407335
27641410 60369676
-17861422 -39974110
-23663638 43163316
6289151 -78137314
1428962 17380190
63924846 70184801
-63961913 -25369790
-9120627 28523128
65702190 -60693862
49311363 -25343204
-13046871 -80237996
43400327 1129133
31243765 78264677
-58657671 -45293551
-86851024 -19171918
33657661 -39522552
41235464 53669816
47111672 48338341
3469712 -34718702
84072061 -41660372
70786484 13365893
-47094205 -46759894
-64209104 -96418309
91433969 94205349
-86438532 81213251
50186619 71758029
-8875157 47245317
-44291809 -14798104
5872729 -66296928
-74986424 81334057
9542345 17089717
69655483 7786905
-39963844 22975176
24484228 73552530
-6852104 47210703
-71610140 -88591094
-78392497 -73763906
39778230 -43078368
39596244 85882717
-86488431 43830660
-25124438 -76773085
-76414419 32934693
26022987 -22543641
-90353654 68887104
32654555 83052554
61865409 9541094
26094934 -16408147
79273165 80601519
24134275 -19700974
72868693 51048387
-93026556 -90077576
-91129812 80596896
49419779 86740470
-20843845 -77935858
24561326 -40960439
-10412582 67872050
-49589335 -52339225
75930362 -61975773
-17392453 40512635
65788392 -4012293
-41102760 75379157
-31898552 -67664370
-25581658 14919638
11410865 76284606
-43537399 53468324
-27284131 -75949729
-74013555 23601574
-22462884 -11188946
76603596 -54287768
29374057 -64093246
76600076 15904648
98602451 48941300
-74318159 38182306
94173740 29035282
-50919805 17195849
10604853 74929063
93873657 -84799054
-4228505 82179785
31195678 -2457356
-8905215 24874502
-82939235 24119788
-97726954 -41849499
59036625 -17100648
-59251434 95721377
-1290626 53222491
-27166870 36459568
-14032673 -95538789
2797427 -40121741
-63907504 75937164
-81046936 -36490886
-4760654 -5582881
-30046026 71542219
43482250 92942492
67070580 -64543860
-52665021 -73341853
96502049 -66000576
46546168 20650295
-29620836 -79246107
8665214 81170318
-9940366 38045559
74660701 93341453
-86685950 66354842
53672483 -87706841
28074953 16796770
59878450 38449850
-16526293 52660420
-16092950 -78362399
-29357741 12045359
23368211 -78601270
-85842955 97851924
-78564420 47044742
10699366 98496539
59572933 13504767
-45791990 -2766663
-45994046 -22106137
15563454 -67628354
15166389 -19628587
-30156526 -20405166
87104592 -11698626
52292741 -6221693
54151449 -36425954
99516380 50964610
-46084481 66338944
-5163591 27359404
89531737 -68618631
64339723 -5322384
-36787786 -48164817
31556439 79637079
-93894867 -99859596
17440475 -55963551
32248253 -19449032
-22254866 71833621
16597155 -24132683
80081669 -26133446
94456751 -25823949
26790746 37509948
-19991771 83489794
-48490348 74020158
78166280 -77099296
49057673 -25130807
56873888 -18190160
59260188 94126513
31550390 -32580542
40057081 -85222279
12242595 40284465
35600769 43913984
55860916 75176192
-86747782 61798460
-26263 -87867019
46438731 90719442
38827920 -62208519
99756270 33210803
-74906247 92785624
75152288 35336850
-12878671 4672426
-66879953 -49212915
-42566881 -66620411
-57129182 50146367
-85208291 25319665
-90402998 -75503714
-34300842 23984819
17708449 -85574314
39207930 73944043
11009089 -38220413
87006457 69702612
-30656978 47819811
-12789869 -45932247
43644103 50499843
2387852 95240299
52095797 -71735745
-50037630 -7962821
-21845427 27500023
76041185 -83368563
95147647 34858143
-88660328 -16216794
-70854848 50120003
-61271404 32901559
-55703306 46712641
-92793677 88157147
-35892785 65140258
7386925 -47161262
-10769050 -29277983
74064799 24802780
-87274928 -12892773
-36332606 60849696
-18128179 -33835033
46162772 88707190
-92623491 57310262
-72826972 -86617789
-93917151 -40114102
6782327 82784519
56442626 -41060258
-24486424 -56965907
1628620 -9311545
78511280 71767829
47599661 -17666837
71887902 -2821756
-87784999 65579335
6192939 82823686
29171592 69402480
-32962956 17582684
60630564 -27028530
-34954891 98217774
-98436860 -89545522
-99456957 22089100
-34220100 39355123
79828873 -31044602
24880947 7361352
33398500 -36592015
47943960 66000011
-43797739 72676412
-34292988 78133764
-58351530 44989841
32819144 -42534820
44105652 48461188
-95088409 -46825776
48196521 -80117930
-26017833 -16009220
40889861 30308339
19288821 -81911657
17936671 -12576224
48440216 98183037
31899955 -1203123
-9404834 27288534
32311740 95423247
-75599333 -834483
42567758 -30509555
23443426 12089882
-8539129 -94995124
40580577 34010407
-1638038 -24972431
-99897463 14884466
-5857594 33153189
95259957 91626034
-48799850 32636121
-83240609 -68296047
-99294250 -31330919
70741473 -85554516
96072551 98822093
57744477 48938368
45912450 63474893
-63061715 -16617929
-98769135 -34427409
-37654071 10904758
41405305 51344064
24790204 69311495
-82288064 -26365756
12327521 89304061
6204841 47624105
-37405773 85839715
-95210154 87752518
-43303491 70739644
-6265228 58168041
97504882 19307229
70577491 -73093444
-2716701 33924358
-65120208 15542516
-14852706 65655166
-9712560 69970998
74644154 -92450865
28784252 -71790053
-62223615 -76133311
6773129 -62410774
-53645162 76134579
91163583 79812291
-64536887 -64698655
78471715 89657811
88250575 32367648
-23838720 -99653578
5027904 11314783
-61071175 -16519673
-56157071 54145813
-31816216 -83418980
14553375 57547691
-19813956 -32212833
-81210032 30659274
47375043 -51666345
57561152 70476830
-88586917 -45208288
-14770422 3697636
-99673852 -40779943
81019101 -46906872
60502042 -4531078
31233514 -15048336
51141733 -52277428
79563324 -3783569
-46584513 -76084618
-64797117 -99065846
40209122 50913931
-44678703 16031622
-41987302 59347757
653373 35100995
-64426837 70712211
-12786719 -65841571
98737632 22756536
12678659 -38960478
-69047164 38808712
-31634289 -41030598
-22387343 55288447
-69335099 45213865
48081013 -9557821
-29628125 73134074
24992426 94071736
-16444269 93732012
57254922 -94654083
22952141 82053225
-97006437 -44719861
12433748 28325218
-58948883 57239778
-39259392 77296431
-70862484 -56577985
-28360388 65415173
-71566660 65547246
81020801 -17596765
-33555863 -96734259
6875546 -67720832
10064863 -65133867
23839963 -14496423
-75941751 -62564858
-33573941 -96118776
-93121275 57397756
-9748110 -37951781
31578174 78885252
70187270 -19335449
-36433661 29961060
74387233 79029288
-54855197 80208148
-18018107 -67860129
-82279909 45700544
-83394551 -12561699
38799486 71712876
77207425 -76987425
-50896666 -41810035
-61544006 -87247181
24748610 59556525
-69066788 56887694
-18529625 98362880
89195299 15479513
-64150591 71232369
-85237923 -89745594
-91396593 -32012426
50361247 56246463
-43805357 -3114814
86185216 -50571686
-72202433 94663065
-68292227 -32579095
49443529 614887
-40636491 -78887051
-58491196 13178969
-15515308 -66057197
27331885 -22260997
2606759 -19998635
-17451670 -4205492
-60730520 41483556
-75384279 24901413
58522047 -96421332
79607820 72790585
41108762 -86723558
98753091 -98026310
-56222710 -21608766
-35644143 22624448
57989740 -80358198
49888954 62211574
75662177 10225211
41186616 41648020
37577422 -71339954
-70075956 50954868
62041724 19755682
61658607 -11627324
40588170 33670314
-3966473 16187562
20799562 19995026
37995623 -1366241
-60762011 1699608
-66524056 46694568
-69281274 -97143834
-33852010 -50004321
56414755 -78004586
-33289719 -20385473
-78729166 -90973607
25336429 -93827961
77191615 11077656
46889219 -42348477
-53775379 46713401
-25862777 -61713075
95730724 58807540
-98220078 -16864390
-41555542 -89707077
-95159679 76205301
-20575481 -63222818
4549911 -52148134
-88330487 -83507007
-5963683 -70682911
-87694117 73197543
26382872 -31525074
56818741 49506209
-25927515 30357160
83057978 89181244
97211674 22955708
-33460058 -86982533
57889761 -6951633
-44884299 -35375303
4605562 86320145
-84002095 -93047720
3171919 90509793
51548575 -33929390
-63723747 -33025159
-67386716 -820102
51771014 -68782375
-3433020 -2865882
86323984 -36151160
-23057449 72218283
-75530068 -94439773
-34275509 -4217001
-135656 -98047118
26228261 3141619
-43514267 -25547256
-73349015 87640643
89525725 -25078764
-43340708 35811734
-40260425 -47132311
92666748 -34327851
-17018896 -69469786
-66424961 -63650861
82598676 -70498999
83404053 34840070
39498452 91015747
-14625251 -20496841
-66497843 -3572316
36311965 -45755863
-50006090 -59922218
62917427 77752801
76104739 -93960735
83416773 83711536
-84319527 6005352
-54337408 -4574841
-28880266 -84761947
4250655 79489456
38944756 -98345002
-57866361 -57875801
5515800 -93072564
-95012424 26475916
-91510067 59256947
93881987 5158420
31613002 -71032829
30737476 -56847292
-84487652 -97645879
56930723 6733962
-33471331 -77880228
26717178 82835256
-73565658 61776463
63150954 -13186025
-71398940 -8270537
-39418967 -32717035
52172207 76450847
10120519 -30039686
-20574829 -21673328
47577135 -24414881
53555477 55982788
-91135433 31490638
-70354410 25579241
-18594341 -5718776
-21814010 2474165
73437529 66244046
-81362281 95925992
64921215 -51082841
-99696225 -90129741
-3336951 -11081995
-86879172 60350933
-67338547 17211422
33349354 -6827798
98976767 51724019
57216689 -41834312
78291048 22575570
54811686 -54058145
97974014 -39530316
62187516 72401512
-31277432 91405651
-49979728 -31877882
-94322870 30406507
-73636582 -96335874
44304440 33188936
1950459 46536941
11224848 1215830
54055749 96906959
23903498 71200115
-21805751 17742028
6052912 -57461196
28518827 5719135
-89356462 3669278
-27391070 56289465
-34269450 -26459176
-76988582 8595704
-8389407 -43660811
64333821 -2922900
-62372879 -33696704
-10790639 -8652166
73624407 43066136
71058012 -41387877
-48509526 98319353
-23915007 -79203255
-85035703 5335125
-66567841 96290326
77977753 -69590775
31875131 -50068914
81842543 55887907
-69402010 63564052
25060059 81983138
-98671152 -28683244
5063600 -21211398
-38709231 -78050264
59749158 26343575
88286864 87761518
-596621 -64495431
-61679952 78597690
-57723274 -93192130
3871377 -63811237
-64641806 -83846358
-92615490 74450895
47601907 -47395940
79404555 -82155170
-35554240 -17418604
62736430 -66469348
99891036 93810832
61902729 -16875352
-2185848 62261849
61584274 28763123
213458 77369737
95463257 -67568750
-3418213 22530958
55101979 -77334305
6955206 92349231
31952747 -27446133
24806239 91009207
2768451 -35576055
42164960 -94573006
-54295609 32230431
-26531791 -30156054
-53320168 -20438770
8292943 53797908
-44693116 -34196715
62576703 31089605
-77872545 -85290214
32369979 -6532378
-11105667 -58359181
-49518148 22268755
-79003719 -38009339
94772316 -83893234
-72767693 -55524390
54155860 64143249
55599412 45986676
68659409 26586252
-48567437 -40441931
86629483 43678016
-87307068 84986272
94501549 17828688
47321236 -46772257
-34381889 82892005
94422351 20221509
41620241 30609341
91405662 21877104
-73541731 -58561551
-67133731 -4191028
-98011706 6948508
74298845 43293779
-57515986 32284557
-96886981 -19985083
80576459 44113179
-64009621 -77259324
-41076798 -43499380
72368378 58975342
-7923834 -48685495
-98516461 -36632245
-89202943 9591020
-94541773 72543040
43033594 -21627603
11691522 14266603
-27452380 -11541023
-72132564 46437250
-286456 -65354220
-24397820 21624354
77819402 -22029550
-62409513 95906760
-63176493 10240322
25576639 -25073798
46529747 79477273
-29087441 16116426
-78553974 26706348
-97881116 39386295
-37954432 -82769049
48020071 63689750
6656318 -20291190
-96781231 72907562
99740954 -34626433
23950306 21524459
18672372 20694693
-76783093 -61630649
43168559 21596611
49745048 93289806
-62498639 89809047
-61708015 27964595
94178440 -99752997
5343578 -77919443
35894419 -27482690
18222531 -81156355
28326600 -64977854
-55621724 34312235
30942521 -22368718
-77456523 -19768596
-89223305 -63547719
-62437029 -93818418
-62552415 62924908
-70148732 20173667
-60601476 -16662549
-19964536 -16191243
-20959523 -41746616
457380 -54663286
-7404302 -45562884
69863593 -22789347
-26026828 98941024
-81830909 4941305
-84227576 -89022969
-56023901 -2288348
69858479 13571229
80596867 29028556
-84019231 9671000
-40225179 -23701191
67782399 -23282102
-60969122 73922703
58178572 -58368426
3575043 53643457
34373637 -52104259
49260381 7513940
-48149243 2425181
72640294 35549019
6856536 92688637
87437095 -78444549
-53656650 -94349224
-60110084 65899980
24024936 -68275965
26291008 -44507097
93731245 -37845721
43654243 -17043376
24813226 62927608
83891334 -9995245
-56178788 -26645598
66068889 -82952555
-28971708 15853022
78843015 -51366334
-28134049 -69207417
24813977 -35504293
-18274064 -71568636
95161840 -96331396
84029939 -72691779
90201377 -77791251
-22860899 73837280
-11258546 -69186597
14664423 -35127910
16151387 931633
50933786 14666295
-5639262 82295506
86453831 -51805513
12908901 -33950748
41751663 25217861
-16668636 41019435
85165536 -7702019
-41852488 90941756
-5825198 -469042
-39447497 -68744502
-90275646 -8874328
-32900228 -94606645
24190121 -17750162
-81197322 -69780824
-98219028 3793461
-44572624 97424850
-33932858 -15511308
79741140 46024008
-73163912 -69228336
42104131 23611959
-31788838 -95326796
-77797283 -9537780
1616582 54632714
-33300584 -56609521
77347158 42588524
58488571 91205721
25825633 81083099
44443184 -86361899
77257819 -83355291
35441388 -44263381
-56985303 -559201
-26444568 17487819
21936046 -74460353
-87692467 77609048
-18719495 -23223302
-71172560 -28189449
66289991 -38014456
20020061 -48844730
43942589 -33868510
-69037619 74734939
-10886555 -12693355
-20978067 5351467
8240891 21165442
88471664 -2486181
-93508766 -37220819
-89774062 -88564101
59834114 91170224
96849800 -59948357
12094994 13100655
1613571 25925966
48578118 -23073078
59676466 80439649
-53261755 -34829711
89417756 83732106
8723959 83785027
25005882 -51155068
20369465 37845845
92052481 -90487528
-56271822 95167012
28212801 92200024
-13702185 -78985053
-66017570 -71023059
59224141 47533533
10876951 76034738
84458464 -68733675
30979938 16399514
25130395 -51608375
-40351681 34039018
65769304 65177964
-92022864 -70956689
88415838 42605711
67397844 12657661
93156211 -26133457
93540876 -66211483
-96400681 -36884640
51176814 -40885289
39207176 77213844
-43863388 83285719
80841107 -32242860
47048547 -58365421
74411998 -27913126
-69913569 -17359652
-94682123 53706677
-27724506 93479229
-47915865 -1070931
-45563220 99178541
-73562662 -25546922
-67537502 -99128147
90712048 45552151
-14567667 49640383
-33702520 -69769766
-55974051 52508506
72496614 58929649
-86185976 -96867323
70724522 -48453579
31381887 5935950
53498111 -447925
97257713 -21739958
-49476127 76670925
48203367 -59954260
-54970487 1152543
-2342057 86715799
64398373 -76585909
70232918 92905033
87407850 68509311
54029224 -67924360
-49663289 95767228
60951185 42897190
39168818 -97411581
-74629986 56770325
-54886679 -98067854
-64913631 15722868
36159056 29912575
44294300 9237686
29092678 -14268409
-99974623 -63177143
-79598900 37731100
15431274 -44082690
-57017937 80104120
67394365 75690686
69941158 912087
-64938532 76894428
-95171829 15792066
25167628 61100433
-57406527 1537131
-60525945 27054021
-57493291 -31746470
2531233 36208609
-39553792 -43652403
-87710513 -26275493
53771810 -34521158
93518865 37985484
-56972312 86701769
60355980 99012895
-62155851 -58312928
-76269372 60820526
74662141 -91858531
68400622 59359019
-68187863 136297
-30117568 40294952
37252300 72122858
48538272 78119893
-81266544 74318135
39616496 62615801
79015913 -74228466
90766580 -13171613
-49378662 -15294586
74011118 7180711
66846209 -88506506
-58241561 18387630
23196233 70868980
33312272 -51685796
-61054179 92084867
-74765770 -27455594
-97446700 91657842
-31483421 -76136330
-93680836 -12903843
74898201 -42454305
-38898530 22614944
50130399 41208618
-37208910 -58496366
45691581 11085387
33278576 -31700187
-93295174 -95402747
32104562 64405074
50231425 85210495
23014231 65775902
83977266 29116414
-45839697 66321719
28246822 -84963973
93266709 36454969
12890632 -70879032
88242860 29353575
95542527 28429045
-455635 11732109
80929022 50782418
34915451 74247907
28202215 12343787
-48518960 -80664466
-85243484 -39141936
62341725 -73818739
6108915 -14946618
-73921648 -32922417
79108669 -73231853
-16433514 42772055
73332408 -51082610
29099460 -64436303
-75184089 -5809209
83476813 -89998552
-52989750 -63143978
46436025 96507471
-61258393 72214641
-98163758 -61852837
27277275 -49114590
40937103 -71237883
19869245 93922847
42607724 -42692007
24846766 93944856
277112 67331448
-38105133 -59175399
-5430303 -8477509
-66673101 49311899
40665065 -31314668
-16839273 92203146
-85673296 -65279414
5437506 41675619
15001076 371741
98298403 -68150156
11725717 43971946
81944721 -63263266
82631427 -80559578
62821183 -30181644
-74318673 65079804
-27959276 70519537
-31900759 48913456
-77735964 85476870
-91398469 -57165457
-62508927 82271176
77915972 83512349
-12883753 41881221
89948138 -32188898
-52489908 -53136653
14954212 25948083
-34542057 15460367
42504200 -61967889
-42458230 -14692705
43831133 -92471861
-24561748 35624272
40151002 -72115026
-30614847 33620627
22130741 -24035594
-64028870 -69833576
-73984410 -66440540
54044918 -68349609
-54429334 -46077339
50443426 -96251979
-36034454 -98350351
73952853 -63498146
-79652203 17184278
-41621950 -72028960
59540883 -10312351
-80589299 -42608942
-679745 69432610
27809659 -84508475
99230566 -58274965
69258840 -25622170
-55701877 -90628595
79512865 -10328706
12270099 -78718075
52574861 28724088
21458517 -17698041
-92405715 -44075943
18665662 74472564
5411930 -77505357
-53049774 11861818
38460843 26951520
-24002035 53617055
-74749009 -94325221
93174598 -58877359
-55404653 17105533
-50782397 60414715
-56833545 -49511551
-56769984 -68162143
-19976252 20972236
-33430101 55010326
33554435 93595258
60376386 -55193950
-86373337 23230629
-28011396 535784
-95863965 -94427131
26195646 52600476
14034832 80062274
-88893871 -35968078
-66623899 -18289504
92357867 65744662
36365141 44882729
-53790605 61134270
-24515594 14933844
81988278 -77154434
-81814613 -27152075
-31008897 87855996
20026673 99979711
-75157236 -21336617
-38109553 21193088
-78791034 85697622
57119881 37520892
598887 8225497
-72145491 -44052729
40665471 62281779
72210740 16187584
-25337681 60090915
18320436 3174059
31342352 58834046
8641371 10264835
-67645483 39373062
5871792 -86156868
43537771 -18664437
29796112 30888608
43734487 84411892
23057208 -75234112
-19359667 -38174510
-32363777 -73249252
-25349847 -59621664
-85778286 -57237412
58425184 -39738666
-2268116 -5564074
20092562 33029867
27719657 99824935
-53115252 33311525
-73517354 -47147536
18077261 87116126
57957701 -93361859
-54821947 -13978007
43963174 -17466372
19348150 53014595
60937645 -7408988
-51991154 59900144
79036804 54987482
2056970 88448047
-49560026 40677086
-13222265 98342027
29994613 -96835210
78541732 -12234963
29279387 -43649641
-36183487 -28744123
-31891404 18058013
82968673 91968678
-2986046 9745298
88319336 -17839516
-57710004 81758962
-91967445 -95494370
95322562 93231527
-96086519 98030288
85015371 -14559059
52462292 14204945
-90399065 96152188
19274188 -26001458
62465115 42660176
20917016 11210143
-59078855 -12278104
12296918 -17844639
-29704630 66163979
-80336777 47926215
32350924 -32207527
7597360 71993213
37992212 57936630
85856663 4324073
75928308 -46040464
-99830731 18172044
5976972 -64015030
-48578964 32607307
-84596784 76413400
-55510612 86115021
-95380075 -95768036
38930860 -53500825
84405528 82605714
99277746 -78361161
-62461073 -56496825
54603147 -62909092
-34118788 -34616277
29199170 36868939
23061845 -54917610
90521461 95092780
-98907312 -61568784
-50867546 -82604124
83176434 55512901
-34654915 9616718
-63261082 -93428678
6011564 -6172998
-60496470 94207999
-91198404 -22680177
-65678451 83558975
19073020 -44963976
-95088825 -9244342
-15476745 962347
7825620 -13772756
-27020443 70207058
-42475103 -178096
-47365224 83848709
81012080 36480301
48811285 92214647
-27005591 -31363648
-22823558 -29001594
-44207873 83146538
-21481825 -97972848
18887229 -63976135
-55193634 -81128506
51138008 95241584
-20410580 88024770
89597821 -3582135
18593722 -54953813
60501038 -5361020
20147710 -83825652
-13998571 -88708841
-94719737 -69161234
54334463 76180322
38086574 -41276300
82915143 14699063
93333271 -41807488
-46008206 -89012354
74240561 -74136835
86242245 -37094093
-70711832 73325562
-65012546 -26891698
34442676 -5073035
87133546 4654949
38161187 -34726611
-83214409 60478842
63547980 -94151969
36513122 66368340
79067831 -48374093
-13021063 -17755512
36365969 -89196091
-72405112 93691249
-90210413 -25139328
-8107381 -23695501
-69223433 8029664
-65191546 29902664
-69862103 51544039
5410910 -83856664
-1672634 -27728416
39213268 81221339
-29057568 -13342357
32614107 -5397879
-96952209 90011800
55623815 27041768
-57068796 51175215
-70562873 79837384
-33641465 -76684899
76424711 56252127
7995739 -48316454
-12503388 12516538
25989026 23719451
16731976 16658144
59000877 -75206830
-81232944 -95499630
4195063 -93474265
-5609766 -64702363
84267909 52989414
15591992 74712986
44210173 -70018955
-54698102 -50676825
31452238 -95106820
85057439 92830135
-76693543 -73524761
3632274 -33589121
86656457 44433127
14861925 1645539
-55299382 -68848166
-14852812 97132796
22538394 -47044162
18161930 -2316138
-45202883 44986033
26115687 -41216271
87204920 42288578
-17336819 78903444
21327455 12693798
-30010797 -63861689
19320858 -83128562
74478515 -39142166
-39571891 -46788563
-29297710 59330936
-64622845 94715680
18024982 58624369
52721345 -10281133
98896426 -76037285
84060736 -7019292
-72124632 5818818
-59639242 -69408334
40956145 71610474
52820239 32723200
-48960678 86399353
-2061514 10188184
38888667 -63054447
25034141 35998508
-457394 -35504663
-13224431 -60612764
-53381699 -5714088
15547366 -24170394
28066067 25518129
56459004 91630129
-90470222 -58190799
8522916 -58980256
-68374008 -68096730
32801717 -46872984
94279495 89845926
-90660090 31317217
-3512958 -7124936
-45217105 15563414
-2304166 -61150974
-62152456 -44911611
-56800938 7422914
-54868306 83032848
40481570 -90126441
10773735 -79961701
-1818657 35596133
-65642467 58212865
89779661 -33618828
-41023875 88121579
953138 54341279
-96595451 -24764628
67005836 10468903
-62916985 -22054773
37999286 11723683
-29475800 12421476
-2272397 -99649922
74835356 -38878866
23335920 12071387
24442166 28532600
-30511145 -69734752
9709074 34856732
74183595 -60822904
-68119119 78001645
67685397 -26779228
-29840529 17135862
86378111 -48292958
63763398 49258840
89055465 -14478685
81090502 -87618906
-90176235 41029678
-80553237 -79441452
13474851 95486744
29981778 68087507
82839527 46932421
-3403925 87152335
30023000 -82539026
-50302452 -23945226
-93390227 -31961652
5514325 -8869923
55386649 -53101119
47398151 89457837
-26677939 -13489591
7217475 70495546
39530996 55793655
27459995 -3702880
-18780272 -55786895
13159551 39780352
-12118662 15688042
-85897176 49802086
-96095226 -93075805
-92407301 25814723
38415968 -88113552
-11751606 -44427735
24256464 52847029
-48733505 -35737043
90096610 -92757263
-79522796 88901646
-64937790 93133126
-5491147 45397760
43173095 41537557
59851878 -41471143
-26423267 -97488407
-25609457 7202153
49907752 -72975758
-64108999 90992907
87128469 -25236426
-26868652 56430352
-31089719 69916832
-39142870 46665419
99377061 -93615026
949383 57716568
67248819 44372497
11312876 57890127
-82188825 56392238
94349282 93632111
66821965 -60152997
51616930 -47163097
29676479 -70012212
-85007256 72844251
60980774 49679275
-22697715 60642269
-83706086 22343007
-99406958 55631919
-81834176 -71190608
-54973784 65325813
-2586971 5595973
-57344259 -90568953
-36692073 -20851947
44679227 12450959
-78917114 -92486389
-42384566 -32531156
25808466 82757137
-35671813 -49129857
6713362 -97963322
62241166 -49823447
-7870525 16260939
87135736 -27001523
64615018 -41894354
-57513948 -46690266
-79549700 -88997648
70464684 5500132
-2995650 74439700
-89679858 57268209
99616209 -83514614
-84131112 -88401573
-48959785 12604225
-21928079 -37663706
-14549780 -44565436
75574893 2832632
37056874 31373957
-50068352 -10165995
606960 -37807054
93769466 53393293
80868964 79774919
-31405789 -31776688
97206325 10173378
-60195352 -56686231
-45695253 38643346
27331454 10699091
9072637 61290143
56790089 -79760202
81916136 -50521120
55460631 -47392690
6601677 -8250236
67970815 67043297
-80630166 -46745683
-86519985 73917094
15614010 -22249435
1380201 -98526921
-95585449 23360005
88309777 8370187
62982175 717985
42360055 88377037
6205590 7191898
-98526054 -68349315
9349176 -1464477
-41540008 59256785
44282205 -84335403
76078075 -53784010
76597420 -92669283
-84453448 56196922
49701624 11502583
-96895130 -44693804
-86223687 -93768837
-38605494 -11935344
43875612 76964714
-3909477 -33791283
-62210882 21908384
50146677 3807699
-67244314 76962779
29501348 79209304
19920023 -80361018
-78470143 -82621239
-61333195 38514127
29158067 9278651
-72548030 8129814
11442221 -61830446
56931519 87017518
-46409931 -79100506
45264498 -71628393
40163930 -96240039
3637103 -79574484
-24969533 15722389
-70354574 -39612694
-70204491 13987717
40079136 -70177574
-15998043 38765173
-67349596 -84303545
-35123132 -88892951
68493260 -86465383
-88591680 -30512296
99695579 -44483884
-11533716 -70499537
69526055 -22400446
82528835 78042239
-50450872 90480261
-43768053 4469321
31069855 40641295
57616570 23629154
53218827 -59124674
-79194473 85382213
87925333 -21717348
75050012 47153833
42411025 -65226640
-36817611 -22095923
61323112 -4596735
-25182191 2792028
90116462 93861692
-49574850 -27169019
56564041 -44132668
-42402919 99497278
-98759340 -83905111
-28424151 -56157790
-76383666 -51205168
-86902292 -71503057
-63666934 65149598
2095091 12565169
56780818 -21368132
68829024 -16335103
73528408 21998237
99726014 -43657271
29704803 -19343500
-44597555 -4815919
98703060 -39339228
55773166 -57726385
50597480 -50304090
12535174 -49318814
37163793 -26253753
-37355916 -45472308
-22293826 -27187674
-94983840 -71667388
47222303 -30633806
-53372743 -5924089
76672061 4472907
58105161 53729196
20361560 32238083
18346197 -76140187
-10594743 -73971998
-31863236 -88374338
-76390434 -65830256
-64833416 -73725715
-25399790 56093741
-83427585 42680962
26720657 70099906
-15023026 41431687
-8072828 52747125
-54330593 94730563
19559741 84551296
-56568941 63019069
-86770966 6943550
-43344801 61733045
-27136890 8468637
25706816 -41281128
84028033 20414424
1686764 51142107
-44786043 -76463609
-83262091 6304521
34047924 92132102
-69539995 50334320
35437689 -67922282
37336152 68438360
10298929 33729170
-59783176 -28248467
-56980076 -67000793
17425037 7465686
56322257 63519317
28506844 53322546
-67179113 -67538543
12554694 27049355
78359615 -96490986
54449243 3742373
74311284 33837899
12199246 -80516644
76137971 27193853
93639480 21812789
92028435 70066386
-18483654 47496187
-91597366 -53049469
35059915 38297776
1843994 -93635233
56875818 57651768
-64782273 -78621323
85568992 24948796
-71168258 7691537
70135032 -10698641
5705618 38715449
8381685 -98081807
79296299 -30956555
-63544410 14807971
-368909 21374670
-95188704 3741722
-4049139 4243889
25225092 30108005
-52308433 -7756934
53399054 30885707
4262131 49935409
-71149279 -83195532
-22095440 -53112004
56958008 84505537
-49039895 -21444868
-1133099 -7996370
46884923 41460347
66273699 -27825350
-34911025 -9272322
52065299 56884284
-94669683 91329191
50828866 -15004834
67028576 90300393
12597743 -41124139
-66803325 6077663
58619498 -22423031
18104857 80556068
-63620447 -5019568
55415029 -41586205
91873444 57384068
-4782634 -48361782
-28859055 55796020
-60370268 -86853155
92380299 56600696
19250841 18805364
72101690 39048105
-10537445 -24010391
-51043934 -4825367
71803674 -44334534
30630685 -93274968
-32816919 42271622
54820687 50923228
-32854262 49822630
-29681877 -5554476
-89757222 -41778337
-33326907 -66913822
99545534 95272614
-53383465 -23292387
-59510214 40583006
48443999 -41144048
-82547939 16413923
-4883242 80440833
-3953848 64907919
-61254576 -29135230
-50517352 29743613
83459133 -33411290
-48440737 80150297
-52382856 -23743425
-50937852 52954420
-31748751 88493220
-11144101 65707255
-47210619 63719486
65964871 -4010191
63883903 -81380040
12074125 30747536
53365553 -56985936
41698260 19287640
59696272 -44174774
-13072916 -61135340
-24680061 95337849
-98597584 94290500
-8187720 33473888
-19509693 2735419
-77034262 63391471
-33819954 -56611829
56257507 5689754
-34663561 -41928706
-50175180 94917571
67623499 46250884
-32834694 23236551
62147943 12163199
24163149 -93567728
-87814215 -89911247
77530694 -22046271
-43712606 -69319783
60370576 93788433
29620820 96818242
-42381160 -88716443
-42721062 15186546
63567419 -94394176
-92245274 40972896
71471032 34303176
-43077122 84349623
-89787378 -66796106
43905381 24699937
67654806 13145909
-19513857 -66015352
45510756 -70459121
-26529351 55085732
57136910 -64117948
-69160970 -70063039
-31766117 -72974851
88344278 66077903
1152360 -92840662
-88360059 -43322120
-58327588 57918210
94023234 84416440
71167662 -44812246
-88016695 -62222327
48569806 -77089021
49374715 -43641213
12885922 7032500
1613817 -6621804
-92885020 -45603521
-16702312 -64867977
39641793 -52034203
-89383605 -75986270
-33783063 -36084004
48024692 -63329907
-80310094 54530664
-8474033 56868346
-23405408 -81749882
26836021 38460113
-85999507 -38341312
-81069446 -65873630
73028781 -96485946
-70950896 -90451194
-89410597 44714045
94287617 -77037001
84456669 -11053520
82805036 -69933039
-23575588 -2480848
27716991 73757257
-1990112 50881992
-39827558 -44880891
-9489007 -60996920
-2360871 81828904
47594651 69557324
-79574187 32590435
-32796070 -92137750
-87722418 54018610
71113483 57138428
46593709 55403482
14203361 3511106
-41558485 65449887
94924631 67982248
-22807684 -33158062
51396574 75601547
40782397 -72754442
86560907 79032260
35995257 9075333
-21480145 -21679828
-39536769 35956524
84350743 16549486
-44288400 63725791
-6821818 47870306
77130050 -29507241
-21095166 64834208
96415601 -28963547
17179712 -45045135
2061842 -59522036
14131651 -12458398
-71767872 -93325142
-58547877 5696549
-98608619 -60999761
-34230712 -6783657
85346486 90878407
1606618 -82948184
46382263 -22041406
24317456 -87614717
82559499 -75581556
-67527810 -50267343
-96980378 -94476521
27303965 -98468375
13100832 156377
3766164 -42191574
14883772 -54765722
-77691706 21307921
69904366 30521571
-39417184 -11112113
-35830113 -13678073
-31672814 74921960
-97107201 -67334988
-21560596 97497388
44465864 83714747
39628951 -83306389
23255239 53272292
96456873 96576158
32086754 -14442168
-6854301 -38568395
-29081532 -6146637
-99962254 -7004391
-19925940 37780254
-44940532 51973189
-67801919 -92357451
-91497136 -98914010
42397605 -36789415
-72424222 -82587222
88157211 -18309771
12429234 -77823499
-60436921 -63328965
-24383792 54412268
-20412030 75256434
-80677813 93481533
47457717 -83240442
65745066 -88936786
80152035 34175833
-24925890 -91846156
53451104 84451458
27527580 50925036
59932984 -19825996
-83664023 -40146938
-29396319 11348650
9466209 93016722
71433088 1572981
-96237214 30046313
-61443079 -38635232
21496762 -26363829
-20132895 27880295
48025637 23401006
70511014 -7432031
59429306 17809678
93981023 -53121506
21087712 -53837537
-73320126 17776454
-65871486 31335085
75243008 35856703
13660975 -18203569
-54675506 85640521
-40809930 -49636897
80693021 -52712490
93740095 -88838670
-90368104 53743281
-86379519 -45596418
-34807625 59108542
-6875497 -14177613
27205298 -9962457
52420401 9313688
-54322694 33697825
-94064592 -20745086
-31145433 79271058
5645382 -37491857
-13087376 -169249
73726087 -12607941
-39968555 -22341298
17401847 -10050491
73863676 47161516
6585307 12722477
-59403759 46669078
-72310277 67495499
43857822 68996134
-85985129 94008785
-55671060 -28884673
-98744867 -24891203
76751245 317735
-2982776 77604822
-1467809 68951983
-44080902 -96656254
52201377 -6899421
