1889 710
10 -98
-50 -91
-39 -18
-34 -85
-41 -9
-18 41
100 -65
4 86
81 48
-65 9
-7 63
71 -10
-86 76
-74 66
37 -75
37 77
82 -26
4 -78
80 -67
-39 -80
-63 100
-85 32
-42 49
-94 -96
-41 -56
0 -33
-93 -83
96 -51
64 -70
-90 83
69 37
-25 17
-9 -37
83 87
48 -80
-7 84
-96 -22
51 -14
-10 65
58 -55
-39 74
76 -7
-48 87
46 -70
-5 -83
44 97
92 -3
-46 98
-84 25
-100 34
-83 50
68 28
7 -11
8 54
64 -24
-87 -68
-67 100
-20 -5
-39 -9
15 79
-34 -14
-43 37
-75 -98
7 37
39 84
-58 -62
73 78
50 10
94 -39
-34 -93
90 17
-56 4
23 -81
-60 -5
-13 -66
-99 -20
32 39
31 -50
-18 19
88 65
63 -88
-34 -55
18 60
8 -8
-62 64
2 -72
-24 -63
43 -39
98 7
97 -100
90 -19
65 -20
-14 -100
-100 94
-62 13
40 16
77 -41
-53 -41
-14 25
-59 57
38 -77
-80 -10
-50 96
-73 26
95 21
90 -53
-71 75
91 72
-99 28
75 83
41 -32
60 72
61 -100
97 94
-79 -93
52 69
26 -88
-77 54
72 64
75 14
-4 -36
18 -98
58 -64
46 -25
0 7
-26 -41
-53 -80
80 -91
-96 87
0 64
-41 40
-15 -100
69 35
-43 78
-46 -14
11 -75
-12 -79
-69 26
47 74
94 -95
67 -64
-36 -3
5 44
89 -50
-69 1
44 63
-34 -81
-79 60
-64 -29
-11 35
-17 98
-55 -27
62 -46
-91 -79
-82 -53
63 -24
-100 85
-55 16
-54 -40
51 11
4 -60
62 -70
-89 -45
-100 -34
-33 -26
-56 45
-59 -16
-90 99
-77 -73
100 -23
-11 -98
99 -100
94 -62
79 39
-99 -58
7 16
-21 -48
6 43
68 -5
-77 -87
51 98
10 -8
-11 29
62 -43
91 88
-1 -4
45 95
-33 10
-55 54
48 -33
-17 62
-83 3
-75 4
15 -12
-80 96
12 59
20 -55
-44 -80
84 -37
-27 68
8 99
-74 73
-50 88
92 18
11 -94
-8 -5
-29 -62
-26 -4
-37 62
73 45
88 -54
5 1
-74 37
-3 -86
-58 38
-10 5
79 -77
-31 -30
-25 -59
2 28
11 -65
2 -67
90 -10
33 20
37 71
94 -67
-13 21
22 -56
49 93
48 87
-96 96
16 -95
-89 -3
44 89
-53 60
25 -37
-46 -90
75 91
-43 -27
94 53
-89 24
-87 1
13 -41
71 -52
63 24
6 -44
24 97
-22 41
-100 3
-35 -23
-70 95
0 -11
23 46
-30 62
-51 58
-96 92
-57 84
24 29
82 26
-41 -96
-38 44
40 -29
-15 -16
-22 81
93 -91
14 10
87 72
3 77
84 -47
-50 -46
34 -62
-29 100
-36 27
2 -82
4 -73
-86 25
95 20
15 36
15 6
62 62
64 35
1 -64
95 -94
98 5
29 -75
-73 -81
59 92
73 64
-42 24
75 -12
62 19
-88 -79
-47 50
35 -13
22 97
42 -76
61 58
-91 47
-56 33
78 -10
-27 -8
-63 -62
-87 -16
8 94
-99 -44
-82 -54
53 66
-70 96
-30 -99
-11 -56
-97 26
29 13
90 61
-69 -30
69 10
-42 67
-60 24
-25 -81
-41 79
21 48
-94 28
28 89
98 -14
-45 -38
25 -80
29 -50
22 57
-40 -36
-35 -62
40 -15
-19 82
92 -28
-27 -66
-23 67
-51 -89
26 -63
-59 29
53 -66
-44 12
100 -42
4 -85
19 44
40 74
-70 -23
98 77
-56 -86
-33 -99
92 58
48 -29
-99 49
83 -38
-82 7
-95 -11
-25 -24
-23 -20
47 -99
6 -14
-94 -27
29 70
-84 -72
-72 -51
-80 10
-47 -51
-3 17
-42 -64
91 13
5 -63
-16 -98
-97 -68
-3 3
63 -42
98 12
-33 84
53 -65
77 8
35 10
-27 6
-17 80
-19 91
39 -28
90 71
-35 -44
77 -49
-100 -6
68 -99
-1 -16
22 38
-16 -9
1 -89
82 21
9 -13
-20 34
30 -60
-63 -30
94 40
-85 15
78 58
94 25
100 -22
-14 19
-72 -58
68 48
-45 -92
2 99
-74 -54
33 7
-79 89
34 55
17 27
-85 -17
-82 98
13 -66
-66 -1
74 -46
-11 20
-23 -33
-25 23
-42 -52
-55 22
1 79
-29 75
47 -62
5 -99
61 -20
57 54
24 -59
97 -90
56 41
-20 -63
35 52
8 -75
3 20
53 58
-34 45
86 29
-16 80
-15 11
-86 -75
54 32
-29 16
79 -56
-54 61
79 -33
36 44
-88 -83
48 -13
-26 -28
-71 88
16 -88
44 -56
24 31
66 -22
23 -82
91 60
-9 46
-89 -83
-88 96
76 -61
79 35
-1 65
17 -66
-84 -93
64 16
75 -84
26 72
-51 5
48 20
0 -29
-50 -66
18 36
-15 -48
-30 -46
26 24
-33 -36
41 -54
-17 -88
-2 61
-4 -86
-93 -75
1 -57
60 45
-99 73
-9 -12
8 -46
20 -29
-1 63
-97 -45
14 23
66 15
-33 -59
-100 -77
85 61
40 26
18 28
56 -89
26 100
7 -35
-52 -23
1 -16
-64 -24
75 27
-54 77
53 -21
57 76
-93 -62
-19 -36
32 -42
-45 -14
-86 -70
18 55
-43 -81
-63 60
95 -74
-21 38
-40 68
52 38
93 41
87 -14
79 63
83 98
-37 -82
67 50
19 -94
-61 -78
76 29
64 -3
68 -90
100 -7
-3 -39
-21 -70
-48 -11
27 14
62 -99
-85 -1
91 27
96 5
-8 98
60 38
8 93
10 -63
-3 -26
-75 16
-61 59
-40 -84
-72 54
-40 -69
18 -72
38 -10
47 8
80 -30
-50 -97
-30 -49
45 94
86 7
95 94
-53 -14
-55 -33
-84 -52
15 14
-61 -49
13 56
93 -72
-68 -1
21 -63
-59 40
69 61
8 35
-7 -70
-45 -24
-12 -100
-51 6
-88 -74
41 69
1 -70
53 72
-4 -11
75 -3
-6 63
-47 66
-88 95
63 0
3 -38
-85 -67
-21 -69
92 -53
56 -5
-29 32
53 -80
-57 -75
-69 -66
-27 94
-37 13
30 -82
26 -39
-21 -58
38 -13
30 28
-20 -42
-24 30
33 48
-60 19
-6 -38
70 4
-40 79
33 -71
42 -100
34 -20
-89 52
-77 9
-72 83
-11 -85
-35 38
-21 -43
-70 -7
-42 -20
-11 67
-30 -1
-9 94
52 21
70 58
77 -91
0 -73
-35 -12
-42 -90
70 -13
-90 60
51 94
54 76
4 -18
20 -26
84 49
12 -61
52 -17
-7 77
84 52
15 5
-46 65
76 -36
31 39
18 -57
11 68
39 -61
63 51
-53 49
-66 -77
98 31
-38 -64
-14 33
85 87
-39 60
-94 -89
53 25
-52 81
33 9
-59 96
44 -9
-71 -100
-32 17
-65 -84
-100 19
44 35
-85 -96
-7 46
-70 -88
-36 -7
-23 -75
-7 -60
-68 -16
27 -47
77 -89
26 88
67 -51
-55 65
-44 -47
38 -39
-26 -9
42 81
49 41
-28 -5
-69 -58
51 -76
-4 68
10 81
86 -96
61 31
16 -51
40 -46
21 -43
96 52
-2 -14
42 -11
27 28
-29 -58
-67 -73
-76 12
-77 53
63 50
30 -27
-56 32
-80 -45
69 -50
88 -63
37 -99
-94 -100
-84 -59
-95 -93
90 21
-93 -25
44 44
44 30
-83 -46
-58 -14
-91 -81
56 19
44 -24
6 -46
-58 -50
68 89
61 43
57 -50
75 77
-25 55
-94 65
-99 -14
-37 78
69 0
-61 97
60 -99
-24 5
-78 -65
-24 15
34 52
-35 45
7 -3
57 -61
48 1
-40 -15
-50 -8
41 -96
57 -83
29 45
48 -60
75 31
28 71
87 -73
30 -26
67 87
-41 -50
-83 6
99 -58
-35 -6
-55 66
-73 3
-46 -37
-74 -46
58 -33
40 88
71 89
88 -98
74 80
-9 15
97 25
88 5
87 -34
-95 -48
-27 -96
-95 -12
-13 -7
66 28
-65 -37
61 56
-1 91
-15 34
-71 -22
52 -26
-90 8
54 -37
-97 -58
22 83
37 -1
98 61
91 -81
75 -44
-1 53
-24 90
-61 7
1 -97
90 47
-73 6
-36 21
8 -86
100 -15
22 21
97 40
89 100
31 2
-64 49
56 -41
54 9
-15 31
11 -87
-80 -9
-26 98
-94 98
71 84
-81 61
43 -60
-17 -9
-9 -26
-72 -60
79 -9
58 12
17 -18
-52 66
0 32
-61 -96
76 49
61 -3
42 26
3 -24
-80 -51
63 82
-34 2
15 -84
28 53
-36 -55
-53 82
-58 48
25 -99
-13 93
-89 -97
82 -28
81 69
-59 60
76 -22
80 81
-13 -21
-45 55
-7 25
16 73
3 -94
52 -97
-63 77
-64 9
-63 6
100 9
22 58
27 -100
7 22
32 16
-82 53
-3 -36
-11 7
-24 -14
90 64
-96 -7
-27 48
-71 -4
78 -8
44 58
-26 -77
55 -87
-62 -82
-88 100
-72 -83
-59 85
75 -45
76 -75
23 -86
-22 -42
43 36
43 68
19 -85
-34 20
92 35
36 -90
-44 74
85 48
-87 63
-64 -6
-89 76
94 -68
-86 65
34 -17
-58 64
84 -17
71 -55
82 -34
-52 -69
-23 -98
-65 56
-44 6
37 -19
61 39
21 74
-54 -11
-44 -32
-85 -83
6 71
-68 7
-42 88
62 30
-76 95
80 19
-67 -100
44 2
93 59
-36 98
84 65
78 -95
44 -91
87 64
-11 64
90 -18
97 85
-37 -46
-12 93
59 -73
-40 -80
-52 22
-93 -21
49 -19
-29 -31
-61 -21
46 30
-9 -47
-30 -11
96 -46
-91 -92
82 -44
-77 61
-66 -42
95 -58
-81 13
24 -62
-57 -67
-64 25
17 100
-25 -85
-46 -31
81 -42
-94 60
-14 76
-74 74
-78 14
-6 -51
-86 -87
7 3
-68 -18
-2 -44
40 -26
85 45
-41 -89
-32 -28
-58 -30
75 -23
-10 -46
-45 56
23 44
-2 64
-1 -89
-16 4
-41 16
-63 88
-70 94
80 17
-43 88
-54 55
56 85
-68 -41
91 -19
11 93
74 -28
17 -64
33 -52
-37 71
66 83
65 0
55 71
-60 -40
77 -86
-18 -2
69 96
-71 32
-13 29
17 82
-22 -83
58 -84
-38 -28
30 -39
48 -54
22 46
-22 53
-35 27
-8 -50
-32 -94
-23 -1
-6 -46
15 -31
-77 -69
8 18
-88 82
81 80
57 2
-95 -50
-33 -12
24 50
90 -56
-26 64
-91 81
60 -84
21 -58
-58 58
-47 73
73 -62
-58 17
72 31
5 -40
89 22
-41 -66
-21 -46
90 -36
17 0
-64 -55
4 -46
84 -46
-46 46
-49 46
12 -19
-28 74
63 3
30 82
28 -18
11 41
-15 -32
-33 -21
-98 23
-47 -47
4 -34
-99 -33
0 72
37 66
-10 61
-60 40
-13 -89
64 1
47 29
-10 -54
-51 21
-12 -96
42 -25
7 17
100 -77
-14 -18
88 -92
-72 74
40 -56
23 -33
-79 -43
-69 -85
95 47
-44 -39
47 -89
-17 82
75 26
27 70
67 13
84 11
-88 70
42 47
-79 54
7 55
-94 51
-48 -39
-24 -75
74 -15
-69 -84
-16 72
-28 -42
96 -57
97 -76
22 35
73 73
96 94
-53 -20
-58 65
69 -61
48 39
73 17
35 44
-88 22
41 -43
-40 -41
-91 9
24 30
60 -34
-66 -11
-43 7
-62 57
76 51
85 -55
-4 -28
56 -45
22 -83
98 3
12 12
-14 -71
33 58
-96 0
97 -92
18 -35
53 39
-61 38
38 -91
-95 35
66 -25
24 7
-96 -64
-98 -60
98 19
60 -32
-30 -15
-93 -6
16 47
-80 90
30 -55
-69 10
-41 -54
55 -30
-67 55
36 65
35 49
-32 -15
-4 39
-61 -97
95 -86
13 -91
13 -53
85 10
43 81
-38 33
-55 3
96 -8
-42 14
-100 67
-61 18
-34 9
-43 3
43 12
90 76
-61 -38
72 -12
1 35
-76 81
62 -94
-28 51
-79 -14
43 -89
-20 -18
-41 -39
80 -58
37 42
-97 4
-26 29
-28 37
-21 -17
-88 -46
81 -75
-38 75
-2 51
-73 -35
20 1
-79 -54
29 56
-77 75
18 5
56 46
-67 -57
-60 -82
94 -93
98 43
13 -26
-96 -32
-58 -29
6 68
-1 16
87 45
-88 -26
95 30
-13 -15
-33 -90
-8 9
39 -64
-92 -86
69 -54
85 31
78 -43
12 -49
73 58
10 -48
-14 -94
5 -88
-21 77
-36 9
-66 -85
71 -48
59 -42
-29 -59
-30 55
79 -22
28 74
23 -48
72 -60
35 35
22 -23
-50 -35
91 -2
96 22
5 81
87 76
-66 47
93 46
39 -7
77 14
-33 9
-28 56
-93 40
81 -99
-51 22
90 9
1 -31
-20 83
80 47
-58 78
-59 -5
-10 68
90 40
88 36
4 -79
67 40
19 34
-45 -86
30 -61
12 36
38 46
-86 -32
-15 -22
-64 -8
22 -18
-47 20
93 -59
68 -85
70 -23
-74 23
50 54
7 -49
-35 -10
97 -49
-18 69
16 -67
-13 27
-13 90
-80 24
70 38
-51 90
-37 65
-1 69
31 72
34 56
-88 -40
-2 -98
-14 -60
-14 -76
5 78
19 88
21 -10
20 80
-5 -87
60 41
34 -70
40 -88
42 -20
78 -19
5 -30
-57 45
-18 -7
-47 -94
27 17
40 -67
-71 -40
-93 85
27 -7
89 -1
68 -61
-56 -70
-4 -5
72 -42
-36 88
-58 -23
-42 18
16 -13
-69 33
-46 -50
-59 -95
77 42
44 -84
52 -14
-3 -72
-11 17
-55 96
90 49
-54 -88
74 -18
45 41
100 82
92 -60
-59 -21
17 -9
-98 -59
22 -10
37 -97
80 24
-52 20
12 -14
-43 56
89 57
75 92
-90 -79
64 -51
-90 49
4 52
95 96
34 16
-27 -16
60 -52
23 -91
-95 14
-44 37
49 50
10 -9
97 -68
5 51
-87 -20
-34 -36
24 82
-7 -19
34 78
-49 -23
-8 97
23 8
-12 -42
27 -69
37 -32
90 -100
20 37
51 99
8 -98
37 93
73 21
-70 16
70 95
-50 1
14 91
8 -97
100 23
64 73
87 96
60 99
-97 -25
-40 98
-47 58
56 -60
46 37
-88 79
-24 -56
-45 94
88 -75
-45 27
24 -69
35 -83
-78 55
9 -8
71 88
-32 34
-42 -93
91 90
-12 -24
53 -5
7 80
-81 94
57 85
95 -24
-67 39
-32 -93
88 76
-25 -39
45 88
94 -44
20 9
-38 -19
46 -28
59 -13
15 -69
77 17
79 -36
16 -47
-70 65
12 -70
7 -18
-23 62
-35 25
10 -49
55 -70
20 84
-29 47
51 -23
6 -61
-5 3
-10 59
-29 74
98 -30
59 58
-79 28
13 -95
95 79
36 41
-44 -63
-56 68
30 75
68 -39
-74 76
-51 24
67 51
16 -43
-61 37
-70 56
-44 -74
21 86
83 64
14 26
39 11
-59 38
94 -31
-46 -96
90 55
-49 24
-42 -68
42 -79
23 42
11 58
-41 -45
54 -6
3 -59
21 50
60 -74
100 -19
-44 -27
34 66
-60 -95
56 62
-10 87
13 51
-91 -93
-77 -52
-2 -93
-38 6
-91 17
69 -92
40 -90
-67 -71
97 42
85 77
12 24
23 -73
79 83
-55 -30
-14 -37
94 65
-92 -22
-3 -47
21 -80
-75 -91
3 37
11 34
61 -73
-32 88
3 -91
78 20
-7 73
-82 9
-35 -74
80 -76
62 36
-62 -49
40 -2
-63 71
82 85
-12 -53
-90 33
72 67
-33 55
-9 -52
13 97
21 -9
-33 56
-38 40
41 -63
40 73
-53 -75
-90 -4
-63 -29
86 23
-84 16
1 8
-38 67
39 0
89 14
-83 -59
36 -13
-27 95
-58 31
-28 -26
33 8
68 -73
66 -54
-61 61
-22 49
-13 -56
99 -53
90 -27
100 -9
-69 54
73 -12
60 -9
-91 22
-63 12
-7 -51
-25 86
62 25
44 -90
59 -38
-20 92
-98 69
87 90
-87 -63
-41 78
26 83
27 -51
15 -97
51 69
38 12
-85 3
-65 -86
-11 -17
-100 62
97 62
82 19
-76 -19
1 -1
96 10
-12 19
-36 5
13 60
-35 -34
63 36
37 -74
-21 -55
-35 -89
63 -83
-66 -55
-75 34
9 -55
95 -20
85 28
-38 31
-1 -27
-83 28
77 -50
70 97
93 -35
65 15
-30 -80
27 -75
-98 -22
34 -10
-43 -30
-72 -18
-45 85
-61 -63
-93 91
3 11
-56 -53
-58 -74
-88 7
-2 -92
3 -9
24 5
6 -99
-92 71
-12 -22
-88 -28
92 7
-53 -64
0 58
77 83
-45 -9
17 86
-23 -10
-13 20
32 -62
-46 100
-41 84
-18 57
99 -10
-66 36
-77 -9
72 11
-47 51
66 31
-61 -40
36 -39
-37 -89
-59 -80
73 38
55 48
17 -60
1 -26
53 -61
-5 -98
-87 67
-20 -38
-5 98
-64 37
92 80
65 22
38 28
43 -58
-78 84
2 -28
-43 9
-88 73
51 89
45 -30
-10 21
23 72
21 -72
67 32
-88 -100
-49 94
-11 -96
8 30
-79 -51
-25 22
-72 -8
31 -54
77 -14
-11 -86
-25 -91
-65 55
20 -63
-34 23
-17 30
49 16
86 -34
28 -41
-59 81
-13 -74
48 -71
-13 -64
85 21
-21 -10
-54 -21
97 51
-94 -79
41 -94
13 13
51 -32
17 94
-29 -96
-1 9
52 57
-52 -76
-13 71
-45 -95
-54 87
-69 -94
-95 -8
-75 48
86 93
-49 36
93 63
-60 -70
77 -34
-89 69
-77 1
72 -9
-13 -12
-98 31
88 55
-25 -40
66 57
-13 -6
100 79
-59 35
2 -4
53 82
60 50
-76 -60
31 -62
-35 13
31 11
-91 -20
40 86
36 34
81 -43
84 -92
-34 55
-57 -64
33 -98
-10 40
-39 44
3 58
-5 -76
-36 86
-7 -88
68 72
-87 39
-93 -26
85 -52
6 25
1 -59
92 -88
58 46
-17 -82
-30 -48
39 -74
59 75
56 76
-74 47
-28 -90
-14 10
-50 -73
-78 32
-23 40
-32 57
-38 10
60 -14
-16 -71
65 23
75 21
10 -95
58 -70
-13 -14
47 35
3 -95
94 -65
-14 -15
54 38
54 19
-5 -100
-19 9
21 -89
92 12
43 30
-94 -84
93 -21
-76 -96
-87 -27
-73 73
31 13
64 19
66 -44
53 -33
32 25
-42 10
80 -37
-32 -38
-75 -92
92 -86
-14 53
-73 -46
90 -88
51 -9
-27 47
-53 70
-7 3
43 -69
-65 -21
61 -59
85 -98
-59 -89
-66 86
40 98
-71 -50
44 24
-33 23
93 -15
65 90
3 -79
9 -63
25 97
-97 -40
100 -80
44 -82
-88 29
-95 33
93 61
93 45
81 -31
-24 28
43 45
-81 45
-47 31
-98 4
7 -74
-44 45
23 -56
81 -19
55 55
72 23
40 -39
-61 40
8 16
89 -58
-73 12
91 1
-87 -97
8 55
84 -97
41 -20
-73 -4
9 -85
-2 -25
97 -31
64 41
68 71
-100 75
0 -75
-92 -89
-24 82
-70 -17
21 21
75 43
31 -51
-51 -53
-43 -41
-40 97
45 -99
20 -36
-92 87
-61 -89
24 -66
40 65
-90 -39
18 23
-45 71
-93 -77
30 -86
-83 -4
19 3
100 16
35 -22
89 35
-89 -53
-38 -99
-6 -13
-25 87
73 -22
-27 77
93 91
-87 9
-70 -19
-21 -92
-25 7
58 -11
51 -24
91 29
-6 99
94 100
-34 62
-8 -39
58 -24
-96 60
-88 -75
51 76
23 3
-47 -45
-83 58
-24 84
-38 -41
9 -94
-99 24
34 98
63 55
85 71
56 -89
96 12
32 62
89 14
24 -32
14 35
-70 98
45 60
-74 33
12 23
77 17
-43 -95
-13 -46
62 70
15 -94
2 99
-100 70
-96 -50
38 95
95 72
-48 -3
86 -8
48 87
-61 14
-56 98
-78 61
-59 -86
-21 -80
-78 -71
-10 -68
81 72
-11 -76
-36 -34
-86 43
22 4
-26 -90
54 -3
4 56
-53 65
-7 -63
5 96
-95 -76
57 65
95 -100
0 -79
-58 -72
1 -28
-13 36
-55 -18
-76 -60
48 -49
-91 -13
-95 93
-94 -73
-5 -3
-32 54
7 -15
-35 -98
-96 -56
-35 19
57 -79
14 19
-10 40
-91 52
-68 12
-32 16
75 71
71 42
-50 -82
62 18
2 -8
82 -5
2 60
-87 -93
-36 -4
-94 84
43 -92
-87 -51
-24 85
21 -38
-78 -29
-89 -28
10 5
53 67
-56 -61
97 62
-90 19
12 -62
-40 -43
-60 -87
77 60
4 92
96 -54
66 62
46 82
68 -97
15 79
66 25
36 84
58 46
47 -99
-99 -46
19 70
-75 -32
-50 -18
59 -82
-58 11
72 44
27 27
-98 73
96 15
-63 -95
100 -61
-47 93
33 48
93 57
97 -49
52 -42
-93 -59
66 -60
58 69
45 37
81 94
29 39
96 49
70 2
42 37
-8 96
-23 9
65 19
35 29
17 8
-51 -58
-90 1
8 78
78 -1
-16 13
-75 -12
-7 26
-48 -24
-63 67
45 34
-35 82
51 -14
-87 -39
31 -91
-79 99
-97 30
75 52
-83 40
-25 -74
-76 63
53 -4
91 -90
-72 92
6 -36
-55 -16
66 -80
1 24
-84 56
-72 -29
41 52
56 94
56 81
63 -20
-21 -81
39 71
-15 -4
-18 25
-29 -65
-92 -60
-87 94
-31 -87
-49 -68
59 -23
33 -51
-77 50
14 -100
-55 -79
-79 -71
18 92
-18 -53
84 35
50 -45
-94 61
-84 -75
-38 15
84 4
-38 25
98 -70
-2 -45
-42 -61
4 -66
-87 52
87 -65
78 44
64 -71
88 76
76 35
-77 -24
43 11
30 28
62 52
67 65
8 -63
-9 -5
43 60
-61 -97
-3 -48
-45 63
-42 49
19 -15
-67 90
-44 95
-48 30
98 -66
-10 32
-59 55
-78 14
43 -59
-30 -12
-44 -90
-47 26
-66 28
0 -62
-9 68
-4 -20
-13 73
84 -27
43 -18
15 51
-33 82
97 3
-77 46
-70 61
-94 -9
-70 75
2 62
38 -92
-63 -83
-70 26
-32 -98
99 100
-36 74
73 -89
17 -75
51 -80
-91 50
-14 -9
67 -95
5 49
90 4
45 80
16 -53
-69 -52
-86 33
68 4
17 63
-39 45
-19 -13
-67 -72
7 -86
43 -80
100 73
73 78
-65 -57
21 -80
77 90
-54 60
-87 53
29 -72
-92 90
-86 -26
67 -70
-21 87
-4 -88
97 -80
-50 -1
68 84
-14 -22
63 83
52 -80
61 60
50 4
-75 50
87 -1
28 29
97 33
-9 -30
-10 -69
50 -86
-12 17
-60 37
24 54
-1 -89
29 33
-99 53
80 -42
-98 54
76 -21
88 -94
5 -24
-10 -11
-58 -75
44 -23
49 -7
30 78
-52 42
-71 16
70 -43
10 -98
88 -61
-80 30
-15 50
-72 58
20 52
1 -42
-5 -6
73 -30
-81 26
20 -96
-17 -36
94 69
49 14
89 22
-5 -96
-97 89
89 73
-86 -90
-47 69
100 -62
-25 -28
-66 -45
28 2
-75 -52
-41 83
37 -41
-38 12
97 5
-87 -77
52 -29
-6 -36
-35 -26
74 -49
9 64
11 -64
-44 68
-99 -48
-40 58
-41 -19
-37 -3
-43 -77
99 -92
-60 72
75 0
-19 57
42 -99
79 -93
-52 -21
-100 66
-75 21
64 39
-65 -72
12 85
-56 19
-69 95
48 92
37 23
90 6
-9 52
22 21
20 -89
-100 7
-55 66
-99 26
-68 1
2 93
-79 86
-43 30
-59 9
84 93
55 64
-33 -45
-46 -28
-37 41
79 67
79 52
-80 -82
4 22
-67 50
34 -26
62 54
10 -39
-19 -25
-39 -16
77 12
24 33
93 -5
48 -1
6 -12
-87 -9
22 72
-14 -68
68 67
-33 -11
-34 -24
96 -31
1 -37
70 -95
-90 33
-75 -98
27 -15
-80 -81
-28 -80
-53 26
48 10
-97 -2
46 46
55 66
-98 25
32 100
61 49
87 -23
15 -61
-39 -10
-27 -16
27 62
76 -46
53 -12
33 -69
79 61
-17 -25
-23 -89
-9 22
-57 90
14 53
-93 14
-74 9
67 -18
-22 -69
39 -22
-43 -6
83 52
79 -9
-14 -42
-97 16
-32 -69
-46 0
-59 -24
84 3
23 42
76 93
51 -60
30 -7
-66 26
74 -29
-70 -14
19 3
-70 -72
74 -78
-39 -49
-8 77
23 -73
-26 22
49 62
84 -99
-30 -2
48 -85
-89 -9
4 75
-76 -55
-89 11
-50 -34
-87 -45
60 77
-92 -7
-12 -52
-70 -13
-39 69
93 -97
19 -53
-22 -74
-97 -52
1 48
-42 -90
-40 20
-38 -45
-80 -23
-59 -15
-49 -73
-50 31
-24 71
44 49
-72 5
-61 -34
2 -27
-58 -44
67 -100
69 -99
15 50
-78 7
57 13
-85 -65
-44 -95
42 -82
34 -81
-97 9
-30 -6
94 -61
50 70
-24 84
70 33
-41 -76
-20 -52
-94 -88
-39 6
-98 99
-76 0
-1 27
80 80
-41 -66
-69 -23
21 4
43 -100
-27 -10
59 -81
5 25
-79 -91
28 -77
57 -64
-74 30
40 52
-88 -77
-32 58
-61 -98
80 100
-72 54
-61 -73
-32 -97
-78 63
64 78
90 -33
-11 -86
-86 44
-92 56
94 -94
80 -39
12 41
3 -96
-80 11
89 -39
-15 55
91 42
-72 -77
-99 5
81 -43
-62 -15
-80 -94
-12 -74
-61 -46
30 70
44 -72
-22 -54
-9 41
-5 -80
20 -40
59 21
-86 -54
10 -23
74 -14
53 19
14 60
-2 40
-41 39
-98 -83
21 18
-99 69
-78 -38
3 95
-99 -28
84 99
80 59
-18 48
-62 32
55 -51
-74 94
-89 -73
-74 -48
-21 32
18 -89
45 -7
89 -16
-78 -23
62 50
17 45
29 78
-98 67
53 43
-75 -39
9 33
-15 10
-21 96
-77 -13
-96 78
-58 8
46 40
96 -100
88 -47
-95 82
-47 -39
-15 -94
58 53
33 84
68 -25
41 -34
-17 33
47 -80
-18 -17
-98 -42
40 -26
-34 -7
-95 29
-1 -59
1 43
-58 74
80 -38
-1 10
55 32
25 -86
45 27
9 37
-19 -10
-42 99
60 18
65 -38
34 23
-70 76
17 -67
54 -99
-14 -74
-59 -76
-38 -32
49 -64
6 92
-99 86
16 -60
57 20
-39 42
-48 -75
-62 -52
76 -1
22 12
-74 -26
58 27
-40 -85
14 80
40 -45
22 16
69 -12
-81 44
-10 5
12 -80
-39 84
28 -58
28 55
36 -98
-17 -76
24 55
-12 48
-72 -5
46 -14
-75 -35
0 -60
-37 -21
94 -18
64 -100
73 67
87 75
-39 -8
-77 -95
88 -53
-33 53
71 -71
76 -47
-40 9
-20 -51
45 -54
54 6
62 -70
7 -26
-23 89
-35 -95
-35 31
80 72
41 17
87 72
-61 24
85 90
49 -11
17 -32
-73 -20
-13 -34
-18 84
71 75
