1320 1852
18439667 -91437252
-14370983 -58009442
-81893164 9044088
39631292 48466339
-318120 -2205636
69374885 -79491298
-56988005 5752493
33263669 5610576
92322962 -35301951
-75375501 14119703
42437313 7558248
91535301 64648388
62993081 82787817
-49512736 31296430
-66858588 69569193
72913260 33160754
33889214 28431101
17084939 41479091
-11489035 -27055252
-28116815 -95409044
-92074486 -54348319
-74305242 6081153
57416879 -10591780
39251955 89618930
-61184279 -49656548
-39900590 -82728797
64964958 -5515868
15383720 -78860193
-35052412 -41617880
-85999524 -89763398
-66738761 -40233567
-92229687 4222650
-94862511 -61287469
60298013 -73352512
-35345356 -58614236
-80803386 -36263982
4616714 -59418561
-51634314 -35710941
-4743867 -7428553
52386823 -2902840
89055167 -92910130
-47291194 56623417
48747939 502825
7896501 -87073115
73150483 33055791
-98197730 -73284700
5075664 -73300909
-56741169 69052424
-85864442 -57768193
8251710 -52271404
27972264 80131115
-21709461 72551646
33057087 39585668
38843347 -2179846
14820818 -39998934
29673762 39168891
-12227400 74824784
-92369904 68333873
-72623475 -8085021
2568756 74376376
-79075828 33434329
-61553703 27773343
60311522 -67386889
-61606719 91881767
43395966 -48145946
-30300418 -60124601
92511548 49847295
96995074 -61093478
38422414 -56777507
-2299771 38565788
29044985 -26922510
-68499787 13895406
73026607 70762064
-60703766 -10251453
-36650531 -52733218
85239007 47804481
-6009214 -39505210
12100223 -10512904
58420850 -86658915
27746949 -69858112
82338664 -29673929
-73128207 41324539
53120577 -73976752
-27776003 16000634
69302090 77551104
97277930 -6096569
-38559311 57852144
-35901510 96615389
15827245 68621783
-97456816 88046481
89076896 -42202100
-97633627 -80090163
70242635 -26172145
19483253 89155328
-84156042 -30752306
-78467603 -54958403
8475218 61394379
75827554 -9206780
28295924 -20728732
-20604300 68595395
45287632 -24787808
-71488538 42005609
28874222 46906861
-23716473 -81273957
47696995 35458759
-70284117 74834133
38078353 -31585279
-17344109 -46629815
-29941458 44061180
-92600666 -99244806
47433782 -20383255
29114063 55689263
-74420720 -33849883
32600204 -9000391
-42275892 -50288866
-55946123 -93211593
-97504135 -60756215
83577841 53907257
74905647 -28018273
-46537719 -33167839
-38639523 -78736628
22219902 -99867264
97131239 -18667863
-28474119 -82033303
81212803 -89765594
55319256 10232994
-32184113 -15620943
-50942663 -38395063
-15487529 -85744926
46239414 35294823
14098580 4142310
76624077 76896339
-47420742 -46463205
12858360 -70462992
77868057 88488502
-57398090 -65727895
4995827 -72321517
19523361 -34321300
28043794 -34942322
55173577 34031089
48312956 -94520005
87029089 -68093887
-69502878 45799370
-77290231 -40791195
-44688684 -36533609
55571318 24816720
63702625 -95379932
36351015 53758098
-70122658 -52712056
-84121723 -31628529
-79498954 22841260
-45783678 -9139254
-94516233 -60498000
-93147291 94956573
53749733 -79814236
28668547 1871763
-71988251 -35632687
87735100 -36696597
-57486538 94838985
60334254 92587111
-36673134 -68139816
6770580 -31825324
-89036458 49430826
-18699466 53210130
-50653825 42341941
-89630250 39587604
14426195 21522576
94300673 72142256
68493615 -74355021
-81353439 63649636
-19925866 -25146723
-38948982 46283344
-696038 74535766
-1730757 -66090218
-80647820 -30701946
-78927086 -75633677
8159488 11625484
-7297249 -34129441
86821726 -7078626
91945572 -57237665
46001017 52273883
-4630708 -73989439
97918191 37445149
76161824 83711726
-27283552 -5221606
57685816 -12917076
35880980 -11025920
-39541147 -51700770
67069219 -92163508
-94407639 -22628839
5894570 3677355
-71760374 57350814
69974657 59260383
3565029 -32864168
-99550343 -78763206
-51586709 3506415
88739740 -73064886
66321577 -440940
-5499990 62542283
4839278 80693432
92822782 -32906002
-49209374 -77915122
32320822 -15402444
-33684314 68804997
65144128 51030744
36860985 39480153
72810554 -82694871
-42605715 73023027
15027578 80540972
8242958 22627235
-30662469 53137270
46516529 9655849
-83713800 -39441735
12339784 41338003
-25706873 -8387835
-52898292 -36466747
-46581198 59633965
35076304 31849083
56138911 54675366
50188944 -1142557
52795403 -22322492
-87027272 29820302
-98931718 -11905413
-58891670 -53683096
-45343587 -31312940
48536691 -48290932
11522095 -64287732
-25824101 11587969
69154557 1763449
-98785794 -65216026
-99792658 -32177306
-62629991 44250255
97633349 -17982087
62799809 -55959423
98487118 -19287420
-34724411 -62369956
3993844 70670066
46707587 -24903253
9564604 -88025713
10385166 85840804
72845816 -75603900
-58421317 47463883
5842919 3651977
-65480434 -17079514
19764878 76597447
29082188 -65530359
62284170 -2488216
-4208114 -38335318
-58252590 -2257878
-69473459 -14944622
52778001 -74827532
-34412838 12616636
34365365 41470086
-5548803 25538814
84947694 -76827452
75259425 72607877
61219207 90490325
-86554152 50629710
-38952119 18623156
-54004725 92679413
-55886469 -49627319
-97150192 24298535
36588985 50526408
32161814 80458035
75391756 26818038
-98759407 110218
-47749884 -70464549
89754881 -69782086
24691197 44107008
45319986 -45132361
-39279649 6080527
57559952 96850712
28236628 96239860
-79444624 -21513716
-35573171 -9561456
43813044 30802664
57629660 38670990
-12804347 -83306992
-20511309 -27288966
28903250 -1829360
-77124039 56106745
-40082047 -68397475
53735498 28636752
-27244200 63333864
-18339652 99554142
-14544514 -88955840
-61724184 89902295
-43523581 18884358
60780498 71760359
-39473153 -50933389
86205084 93304787
79205114 -85585329
-97573510 -54637461
-68629575 -95165028
50541104 26226519
86514634 -41279067
62767705 -52238304
-97767671 76180924
-72987277 47312287
-39376237 32087391
60477014 -28103137
64254663 -24536007
-13674692 -44426933
-44853428 -77144533
-47956103 72636330
2672334 -6087155
4762022 18725577
56067033 -19110900
-22455646 65344241
-65657715 39945994
94422511 51966055
22776400 14273897
5810069 75679373
-69507156 79358198
76807010 37156287
-26990883 13706089
-12984425 -96819756
-96287858 43716978
96687285 -52997804
-38533221 92370232
-88042681 735021
38809094 -97721472
-2815462 78993944
-6835375 69416714
481245 317813
-71515776 -99015357
-60015760 36550039
-41107963 88427215
-6116353 -13562587
-90025864 43405153
-94959232 35143256
-2907937 90676854
78092212 89602176
56568690 -32322014
-31956278 82778385
-58258138 73657674
16943215 -15047602
-5876228 7686006
-80586313 -14602327
-83286270 36714007
21883743 49030798
27951524 73066815
-58672130 -6714224
29036555 31022522
-79987412 -6063124
6778221 -19524306
-66370364 75167678
58617366 -2403461
-55809933 -26378052
-45959161 72011604
27376658 33647637
48040857 59751931
72793840 31840424
-85803700 -39358438
30196173 -38776118
9796244 -4069160
54663862 96708616
-24140002 77662421
51629385 -17514022
-24975447 66037825
-8062350 98427541
-30337614 40007845
37765223 64700724
25032927 30211023
8324036 46109407
49777988 56463237
35600255 11630050
92464612 -8302547
-42680030 23188971
14443854 48397041
-72110123 -79196437
32452449 5941518
-20978930 10183354
49874744 68751320
-15911020 -61372318
-43329178 76005273
11888040 -58661285
-49034393 -16254976
62647117 -97932765
75510322 82608078
16229614 -22451003
26218783 13335091
87714850 85237506
41538401 -39861990
-938282 -19134347
-91984630 -28264372
80995886 -72734913
-18217746 -7213856
-74120139 -34857814
-95720827 2861646
4627354 78383270
-43136958 -91479718
17258097 12634551
-63823800 -40905814
51954615 -7926858
-18256512 -89299184
127375 -74635239
75089640 -95542200
4823619 85735464
75335891 78061104
-34765146 -86371624
-54697669 84270792
76011122 -93102082
73251807 1610574
2123254 -86546929
-26179008 -59980151
63045992 8958724
37998962 30146046
81814252 46438422
-74388675 86141973
76739298 59855579
-64111183 94978486
-63791022 -23164743
3155462 18343548
81247785 84325134
-14835226 -42596271
-53219785 -49376489
50990735 -31304707
95055226 35712725
30749303 45465770
-46523497 -77905487
-94901031 -7736016
45915907 -77353302
-30053003 90288491
-42364247 -43446618
21041089 68762199
-32657546 -19819548
-73415067 6460214
50919515 52126740
29018914 -42593626
-2297409 26931051
-293179 21792367
57266111 -93213145
-84503943 83301725
-27805992 -87081513
41762894 -50642468
-40585110 5453417
-90231276 70627785
-65117169 32548577
-99856334 -81440248
-4808560 -45262878
71102209 77917721
-98187585 10171809
-53584638 -41676286
99198834 -7012252
65560369 -66558869
27167955 -91906729
76538144 -56824351
19221397 -61719956
-71125318 17882156
9606906 40220038
9181073 -42176969
27932123 14041393
83822202 -29650095
-76287080 -83166973
-15852845 6188131
-50584101 48249521
-44185918 5806667
64810281 -43676286
7917594 -64276442
76439062 49878035
21782743 58731561
-62037198 -90497137
-11260220 -85029303
79767651 38783172
64505517 -83510289
93318799 -7038189
-95494613 61539375
45595670 81413241
32815275 68269979
-70701463 -92260275
52518765 95296477
66785691 -61632353
85385064 -53104454
91937075 -9781253
-80698881 47909563
-76386358 58693734
47659784 55567474
71904615 88339517
-56474439 45253561
-55559498 5900293
80178096 -72024509
69440940 12158152
19572071 -17735297
66455514 -9209705
-98170344 -96615832
-28295705 53983067
71660086 -65258327
-13098171 -21957207
4796985 34732792
-77460375 75196357
16015386 32001125
72090778 -59844912
93242013 28734147
-22920624 84406617
52975911 -53141383
-25832673 -62775954
-19532361 -87921106
89518177 56315124
-75171527 -92938947
97194621 -29962606
-2553137 -81541284
-17107626 85760907
50317042 -47474134
59024207 -7051397
-11401164 -89490927
-13385695 95055985
20665377 -19439526
8297045 41183819
-71553071 72733161
32961144 14367096
5588622 -49629300
57089249 -45129957
30225610 -21579504
84903642 -14623699
9439391 33967222
-35346993 -43773603
-83354423 -61716984
66795214 65864013
-96892022 77166965
-12516385 29469275
-98779568 39606671
-35927427 14972980
12795836 -55449167
86920740 96542470
99906567 47895616
26520399 25557496
60345542 38289620
97933558 9644023
51340441 65952986
-70448078 98693202
37348741 -24956502
39668039 -49831819
-62844919 80664437
-705079 66008807
26015753 6597800
-61989044 95342862
17582050 10865325
3299751 40646042
-96212164 66804894
2709675 47886912
35330621 -29875146
59890196 -6091597
16990462 11080531
-39768069 39458597
-37680294 89337322
-89236232 32242451
-21729524 63345796
-33273785 -45895796
17129538 33333463
-32548259 -39487519
-7760331 23643327
-89012211 6045800
-13779896 18190259
-65898104 -66342743
-147521 -87982125
-99969076 78357869
-38106570 -10873922
9964224 24312296
-54717936 60218964
81297554 86533610
80927979 -26916044
57250685 84255604
40725061 -33254919
-38623647 -39993795
90567680 67438189
-52700830 -40987271
-73764769 -58017646
-69065389 -36537291
53387787 27815255
62862344 -66915463
-94397453 57777643
-68132060 -36491637
31220030 -43550652
60883413 -78757447
95187470 27605693
58375270 13776581
-48545877 21648991
39511777 -11784386
-72594444 -12720860
27376511 -24458838
2146554 -93900951
10274800 -33699691
19540166 -76319590
-585465 39228075
-45434784 20698736
-93917447 74679837
80873978 -18303349
68547310 139840
-33026665 20091941
-70418671 70457182
-66353752 -31046209
88032600 82237518
-13959123 88137629
11429522 23288632
49546445 27789742
22510519 -66637589
-61579130 -54098343
-14970656 5668241
-51570947 27721916
31773481 69340853
-75197077 65507657
-13626724 16934121
34070839 -60063252
-27826187 -19950019
44255711 -3292531
51257446 -69542434
70161284 -88004494
-48059976 -37294308
71574725 -24150467
53903861 -19147198
27393840 -32118358
76189465 -60756091
-71303228 99443881
52506677 -96202926
81988495 -60517888
-7461017 -5747418
-58923267 -81951277
-47904469 45842821
-83587749 -73383900
-51774867 -81039055
95117723 -62512995
63009825 81253646
-5257704 -9962537
-31929075 -8700904
-99670609 46719115
-41872844 -14292971
-76625525 -63437703
-54678775 -10240807
-10811226 17553223
-16551087 -45490791
54995049 69627997
-86848863 53171109
59592061 8513886
20917591 -39829104
38640367 94191717
-6234029 -96838648
-22624203 -28708988
-47574447 -29108557
-70896642 64024259
81035334 -33940686
42158591 42051297
21377728 -26746930
64592342 -41284964
-86023628 -15638682
-80006388 -79974053
5010700 -73477302
-48490008 62297648
-45879636 -79527341
-51326789 -96413581
19965602 21279620
66631231 41988513
-67963729 -79455358
36307772 -68624496
-16283289 64707549
-35038551 -68251943
86950025 16466519
-27038692 3812594
-62861953 57934956
32524426 -33146459
-84217011 -74673790
66391752 -7215600
72315624 -84131104
9134484 4623396
-46769529 -85517630
42407736 -93377395
-83868578 -90914399
19799036 -48185915
65298 -26326346
-8722644 43490817
-32485232 -15375266
-12821631 -13792580
-29445536 37604462
27919197 -25239211
-95546028 -6013038
31476268 78023147
25934139 -93117758
-80226992 5661359
78517873 73737532
-4988431 2377417
-63177298 56820139
-74382455 -62885726
-19245560 -34431002
56282818 46305368
-60868638 97915680
91059306 26576818
47551193 -28339503
7980439 62116954
-37545738 -95803665
85845590 -14173929
66077580 -25290150
48306012 -3233917
69997262 23493044
-90389469 -8168898
19603391 -62778840
-57391013 95575987
32378133 85328962
5569168 5098251
50344279 -21487167
38413884 46926510
53433062 -56884160
-68129629 61923519
89635604 72013530
13187319 -55221340
7386614 -80497782
-66434022 15452809
-59569871 -91273341
78992319 96441008
-96167099 -17781797
71860390 72922837
70988468 11973059
93106020 14373234
-79944476 62676640
-79494382 -63808994
-9826549 39837114
-42747609 -8017910
-91840064 91804645
-6768762 -15320201
-52649132 37572167
55472067 -85349397
-50570997 88899461
74150777 -92025795
-22673484 -3686640
46615815 -22955528
-46260899 -22871037
-62654014 -54648455
58740574 -17918042
-36280976 -40188453
-92800634 -93156182
80405647 -79225185
-61342959 -2144417
71758968 -58113834
91656137 10325379
48852285 -87583050
-72344842 -34813920
93720966 35637763
35318287 -28324583
59976113 -98908605
-66301440 33453481
-3391721 69812741
-89650945 -56034289
7553089 -79836884
-57336909 -28589033
59232298 -12711889
10393808 12756966
18688512 -11058470
-96567711 -20887787
56358954 16178131
72416378 72514120
9723973 35985053
-31615075 89327371
44766847 -5352461
29445818 70430196
11982474 -154101
36796727 84095632
54997672 -15117919
-13181183 -83288554
-147845 -51925408
43066394 44987730
-46435583 -71285076
-99449381 -45667051
67503738 -81843460
-50546490 39282114
3862574 -93277676
-39803828 4095803
54288700 -64751957
-91691284 45126074
8471045 -22863195
55052627 71796530
-79177128 -79570325
-86443369 -857539
-67664685 -70034648
96096249 79429003
61114260 -63457241
-36013217 -55955002
-16839839 18605983
-27489306 -37439284
36343282 -76248214
-43366200 -74463975
12225984 -60793495
-51167106 -49490480
-74738983 -21719402
-23551516 3710471
-56331323 -7049229
18087054 52797725
-6622403 92985065
45042460 -95726818
21237367 55487257
-75740883 -64553494
85841793 45310616
17830673 -68290375
-22584427 -54323808
-49870433 70361694
78066681 -76686791
36016160 59325705
72691663 32687222
-4220884 -60738987
49378764 2384793
-15535619 -91825692
29770266 67695100
-90621662 11452748
-11931902 -56450768
57372646 -88114004
-67320818 -27633728
36082761 -30189509
46443427 7435993
39319060 51846271
96482947 -98509555
96857028 27490645
41692822 -84916237
3882940 91789554
-97114354 13094842
25394714 -82026712
46195397 -54884498
62854529 17668821
37301874 -58570922
-21390853 -60443521
-12285040 66553559
55870498 51876042
-41331157 42220837
-61169606 -57803469
90638207 -57666212
-28023493 -40489771
37897203 -43732273
72429216 10177797
-50484909 77387919
-68415680 43526061
97128657 -94278816
77138150 -76881961
89771573 -87846238
-1955025 -62217918
61126217 40435299
-13675027 -67353994
-50064142 34096824
5783969 84060070
61493416 -10949953
-76092763 14916697
-21196552 62566764
51043278 -47543410
47728215 81272222
39806682 -24497217
37416919 84201044
-49546393 -25994443
55033353 -83655115
-83648061 -34032970
28996326 83365322
-96077379 67617509
66877457 69442010
42984170 -96332093
49804372 69557331
96304221 -10694994
-11499938 -59665399
-28062560 86727919
22780128 59605016
92455694 -64629817
6769505 98640220
96238901 47037657
-70751872 -61945925
-81901343 5465191
88950963 84268132
26451873 -2491535
-65284567 -47753477
21099931 -61183773
-24894095 -75360575
17443999 -7684678
49613180 28528745
29806513 -97855343
57407281 -5878092
8122705 93658467
58690664 88826224
-34515226 -78950068
36200891 96345615
-75531926 -31062961
81162918 -6151109
-59062802 -26301604
5823802 -61026058
-73737515 -71806733
97460454 48294512
97422611 -32630770
-61685101 -1658090
89500487 -29341882
25642592 -88516868
-82184755 84329990
20771453 2283464
56004783 -51675238
89272827 -85377210
-96776594 27817323
-98454966 59909304
-31007137 -55581528
36310681 -25503951
31630006 -31467657
20948428 53096275
-98670137 5948865
-61946909 24002912
19365992 25055838
-34125645 -49937384
80204876 29341172
3689592 -78720832
44926412 80913936
65191149 18039760
69770836 17517867
-3073117 -41679774
58712173 -30451641
57593649 -3282095
56042883 29276187
-19071308 -4852879
99953087 31741457
25773664 93598399
4354717 -59265794
-54794042 -79783623
28459249 -27993905
78787281 3239928
1074356 21153660
-74939957 55300467
59783339 52744102
-58863429 -56498691
-93204868 -13262144
-8018932 -84482003
19886570 -4899940
26059223 89680527
193201 -50300790
-40593095 47036736
25085467 -5811683
-65357593 43134990
-84138720 71674726
-28724736 56446873
-86656468 62171095
56640329 -68010844
73700562 81360534
-26613200 41504147
30392850 -82029019
-46158358 -53742823
-36157080 3559568
-58330737 -99631589
60422580 -62328139
31049960 3706120
10096322 43679942
-18994969 -50526351
-38100423 25236478
-38645322 94245088
-55094781 55534844
3523972 55046802
-64175360 -86471432
90378011 67862360
7938758 -23653319
-49961444 -94511394
32425597 -10188096
60845491 -11388509
-71131054 -52570312
-52002788 42493570
-80188471 22548159
-88064506 -24014971
-52658272 -10412275
-2745379 50402127
28434817 10026955
-69662634 -17917013
-72507042 -54038551
3987816 36054444
-5113104 -77000123
-28420077 27896235
35112396 56205244
-52346468 -64077141
55289992 23252736
7576656 50170778
-44342766 13805443
40425636 -1681820
87564788 -40196599
77496825 -4146487
-94985143 89364194
43673966 90631745
-51261085 -8049515
77238395 -6137666
9797042 46068258
-54484714 -14215999
86291084 90214225
17949960 98471423
46686255 65479295
38901300 -93599243
-34044886 63955550
-65240098 -50634053
-91674555 -99366147
64093356 4590573
-91812934 56126672
-68496199 64410322
44683531 -17670679
-85884103 -27961165
-43139087 45820053
-15966359 -62941224
61559896 70862108
34609798 11007989
-92602571 -99521409
-59667946 64936773
29368633 -83953791
79297898 -9904270
79636057 54306125
71020183 -56175456
-92658552 -3844812
-97727301 -91968219
-6012575 37194719
23481071 23137572
24624378 30279781
-83628479 -9270769
-1400700 37927671
69045925 -73892980
61665516 -42072627
-53084893 51840768
-42188136 -15444524
-75343269 36483175
-39821203 29584030
93403726 23587569
39285764 -79083296
54191097 9163176
-93290957 -20979032
-18028229 -5347336
-4089605 -51864597
46913724 -94931942
-75669095 -39495369
-31555341 2649708
-52043579 -26124317
-98443894 17172948
95259043 -77056667
61242072 -16815873
92095007 52929770
99998176 17922096
49849843 58663567
60868507 64893789
96124156 -40440676
13637549 -57174097
91576393 -42483610
-27434506 -6781481
22197173 28552115
-94740859 -42572481
-95461861 71756854
93919951 92299440
20060594 39186104
-22015024 -45038661
-65241010 97193933
-66579268 -42208284
-29133420 40252322
-12442825 10225834
35246719 97854887
78405439 15179523
-96481246 -37606878
-21595588 -88154230
-19670919 -87647315
42632269 -99344917
-17608365 44669941
-18310356 46839742
76310102 70525572
51997177 34403425
-3099431 15656306
65553605 21850827
-73534705 -43344453
-16242054 -52073196
-97807238 -25072128
18470931 -39626729
61848082 -73996784
-29969728 46195804
-86872259 -55879697
31028844 70892014
-27380676 -99125952
-70087031 67853612
78809019 39323366
-9979172 -96708169
-36626125 36905234
-84010876 77431674
75353619 -17679564
-32405338 44572949
66961723 -5504386
-68260598 -120343
53949607 -42348512
25536413 -94394488
23776046 -23491786
87391892 -46242994
41986462 -84878715
47241071 2239642
-41022003 58971408
73365314 97037461
36560274 -89042091
94184058 20435678
96215125 94963058
61470763 -91349514
-97579489 -10005413
39934481 -21068964
42674076 -39622017
-65130759 -90485960
-26973023 52780840
-96557929 98434950
-27692773 89521304
-48695964 56036293
63269706 98571006
98238809 54333423
-74922687 -42573831
83041996 47341352
23163789 83579251
-58753071 -60189372
22559172 82539522
-25580058 -33133230
49720725 42654335
13952450 -24389474
-30007972 42341231
55492486 20480267
88982040 65237436
58077715 -6910575
63127100 19165689
24994551 24872401
1271949 -78412332
-19312475 -106350
-88891712 10234439
85911568 -37651890
97931965 -82848865
-60442540 31238767
-7031619 22292189
-31912265 53283226
64721455 -18426021
-6987297 68955231
58461670 48066960
-79216353 28820567
55437179 -52928799
-88551394 84045599
-68314468 -63977113
88856363 79570906
-47302311 -89980692
6296211 -39393409
21261262 -77603122
15400641 -11050574
2589133 10838274
-1945535 -21020716
31284790 30015018
18001141 -3443119
-54415273 -25466027
53427605 37950873
41801584 78532482
79070824 29568263
32823344 60448435
3117739 32565003
-2929647 -17437638
-57429608 37912019
-32228488 -79908449
84532961 98098910
20621266 -72445472
-17485907 14866135
36968075 -31377572
-13083541 -68673287
-54017794 -81832564
16298724 86633781
-37886160 -21232463
-80818894 -35176638
48796581 39799324
3588203 -3202267
-64036807 -96672139
-89358816 -2725491
-81815907 2682007
81368285 -42590629
79843385 -34019873
48923912 -89808360
17858274 23762254
29306901 -92308810
-19437001 86173434
-74740819 -12134066
-16637628 -12598333
79940754 -24121230
-92768534 51878306
-46645889 -20368372
62769706 23052144
-57329456 11022493
57664723 -41358466
38439001 24024903
-63808815 -57905427
-20990594 54805443
-64183889 6046209
-87073373 -34805529
-23681700 83812522
7601543 -56069268
44927759 97526985
84922318 43416749
-96490725 -29852012
8917865 -84495796
23901219 77098914
-26102432 57274112
-39105381 33545897
30174443 13899642
-13409007 66852588
95576542 57509859
-88878100 -19558064
-95897973 -69646400
37551649 38426374
-51579238 -94523984
-19800930 7866064
-8018305 99118951
-23530384 -74708901
-5660552 34880569
68386004 -10855141
-42171095 37152443
-90918309 77638957
-95666081 -90889101
-66818873 -31548969
32597101 59052041
53899885 -88588632
67220827 54620757
-40194117 -70176193
3155569 -69584493
-529081 -4053273
91967901 -1199234
17363736 41813784
4348273 52024025
58489154 92849117
-48726365 -12421452
8687421 38302593
25062130 -16451973
-59995746 1692596
-48212475 11364299
99678524 -2114068
-88289038 -30296374
79720012 43797634
86025350 43252260
55238612 92182985
53967320 -59556926
49247277 27144624
-72362250 49030056
-10161912 57582301
-52139261 57348653
66225564 83246866
42400792 -81876832
59205677 -81213973
-86936714 61490735
-10191515 5454085
-78553614 -11604617
-16350460 35945198
49688916 -44787660
-17145752 4795353
-33090515 -52662754
74729139 51240975
-8400158 -93986450
49864894 89827802
-93750525 -62544594
55892795 -26823334
-34906406 -47118686
5775484 -56753854
57356168 61291113
94958858 -89294696
-96208125 -31892337
76608856 -74933500
-62736876 72459457
85158139 -36673506
74165382 11475973
-12476619 55504691
-70210090 1374738
-35299678 -54952652
-42182413 68487023
-57819417 33805550
-89294113 71868203
-71034462 86071837
-71950639 71673053
91043406 12128473
-40183305 -40361214
-35660217 44871563
-99516814 -21318594
43962392 62806119
-49559441 -28905945
-96945647 -57258296
22795225 64342154
52078662 46170029
-67857163 75835809
-9745856 -35951521
-75229727 62074460
-48484121 31906024
-5989761 1687984
64919571 99360286
-39000244 -7360610
35335523 47411109
-35929594 -60777775
18928255 86331317
-9081932 -28160369
55044267 -55014843
-21130124 -35594181
-9230993 10962755
-93371298 -50452590
70395798 -35253607
10494072 -84548326
-96417634 30283240
83160310 54066032
-10998833 85136762
92944830 -92551991
47901724 -91194733
78446559 -25042865
3789043 -71896425
-31076387 92279018
-68285897 95365428
-7105369 77169463
-21227489 92914469
-86417047 88219549
64094987 -27887315
-22441210 48923893
-73169067 26488839
-82246511 -80313959
-43270242 35262307
-75832135 65325138
-85381890 -12764963
10990939 -51874743
-32630628 6240488
59908140 82900617
-15581164 34576170
-82495241 46518905
-53612259 83595425
-80256195 22640039
24480358 -34719865
68394730 83392595
7529454 26853736
-65453111 -98485766
28038061 55374342
-7240044 -51007228
-92517026 -87723775
54894113 -28205146
-71505036 -48071874
49340096 -75813337
74562270 23421873
-58418425 -50082587
12299439 -91162941
53681283 -57586448
8919230 15665323
-25491285 -9135319
-64183632 4125370
51371220 -93911714
69244489 -95133481
-21891543 -40509142
37557835 -98616389
-65205961 -72816952
-62768364 -42666882
-10282656 2241388
-17623803 83183981
17199642 19472873
-12454245 -72461937
43647779 -46800
-26686535 -68053056
75813407 -15950271
-28902200 74635085
90320940 -79258336
-80063469 -64259683
-99209098 -69773362
13030301 -61021679
47914769 64088903
25647914 38398694
13200809 62926548
88177255 7874193
-24828427 -10300737
-38419832 -2502340
98764966 -67440811
79025732 -74046877
97843408 -94330745
55326455 -54658795
-71443149 -55469932
75569765 42125900
-14392260 58947391
42341007 -19972076
-24975704 43789790
28288592 46418663
-2632243 -1951482
-54120224 -26465852
-27248761 -80161280
83918471 17263568
69052111 -51046367
-11993676 -49396868
92534181 88803547
77739983 -80395666
3893099 -22842779
62373798 -17918060
46106600 -49330537
27338528 20194156
4643385 -65280884
8282047 25647428
-52978508 40950518
-32403659 -95514669
-48795230 -8175855
29104494 -2430874
-55831739 -76451831
-14820630 -39803458
-37862230 71837726
18711056 -2090841
7140470 64734847
82667172 -8410617
38127605 -95629618
28499445 -30592890
37329004 -53989589
-68287381 76570542
37134847 71375579
97768904 21372009
74389833 93458182
9286896 4558422
92726753 42092597
-92324514 46035263
50069839 -27518619
8029045 -30562360
85535357 -52673740
-24359727 39854241
66130411 58257760
-56670489 32766211
64631287 -58473176
65880674 -96776242
-68073644 17451175
57393231 -27708265
-29110747 -13022797
34383253 80779725
35550300 51647728
31519869 -83455541
3300707 -98683495
40993322 -32512491
-21988260 -23017199
54463255 22524490
-71924995 -85490674
-79233130 60931449
78664217 14664259
-78124197 -35014413
87625118 32476144
23994901 83233397
-43661342 -40193453
25083286 54026636
24382132 48900247
24128599 -88248346
50232280 51455624
-26053503 53299553
-21841762 56441585
-42061272 44885476
-35007973 -76724500
-9834865 -20786970
-470044 -37170516
60261739 -57553573
-91617809 -13144955
20034862 69796821
53563087 -40929298
9362366 -45555042
-21374393 35602645
28513898 31321061
35202257 87327619
83872885 -3550096
92010065 83594609
37620779 -56255235
8341806 -96868524
-84542156 42797742
20202285 14105248
59858123 -61588431
-71342758 88011821
31998636 6402910
-22069205 80002240
-85013750 -43306693
87776311 -62522606
-87010072 -49484589
-93740481 -30736902
-65751865 84412235
4826514 64806181
32358966 -56596042
-87054509 17949888
-8316493 94999303
-21165774 65814032
-52585205 -52190417
97746830 -98445418
-32395213 89454502
-31820597 -70746520
-58974434 78445154
36572736 -47506871
-27693837 -88864845
34822837 -62708537
83449619 -46405342
77292634 -65019112
-623803 -45337771
-33368112 67167779
-2001847 -91267865
-98972942 -83659539
41739205 35882727
44197808 -2895445
96055146 89251251
-93108522 -6649558
7952054 39402644
61533402 29446911
43015269 68519671
58197291 -15742078
-8124887 85736388
16493238 -48902965
98858599 49512397
19394978 -30946608
-65494120 -40028524
37966045 92844098
39842087 1174261
-33466245 -17649742
-30102743 -39897505
46436874 44964506
75752356 16379375
82338679 -59517954
-37214001 -2578694
-62855566 -58396145
-73152941 -15337141
63352994 -60895600
59181942 86774598
6482887 -34553676
-81744571 -47395956
2708309 -78276353
-61254534 21002813
-91194135 -60001809
19348293 55028696
-63608520 20863535
-46797944 97048633
-50954303 17815804
45461299 115016
-86248000 13296873
38392476 1873229
30116434 87523986
72479174 23775161
77307662 -60296685
70054623 -12341059
-94178442 20305062
-16046837 -84654563
17922341 -52666480
79542668 -34314296
-52760674 11634745
3388979 -7615417
-71545427 -8095377
-67520421 4491419
-89262214 83163601
8500219 4660808
-90419862 66013091
-4991845 12457132
-6556854 81878654
-77112882 93165986
40703039 -57633066
601219 -58297503
-27081032 92765867
-99334124 64675532
-36302983 -86579193
15688339 36077675
95955407 -88132157
-25400826 16884103
-61203986 -18581212
-54114125 74699438
20818804 -84861703
51894762 80025911
79762586 -48875915
23704664 95715772
-22730892 -43394522
-93005569 -72987797
-905389 27229011
41842173 54681135
-53105798 -64118876
20442049 -49051257
-46768940 59593513
68155803 -52406395
-90635903 53577254
-68045775 90771758
-32517899 -21520497
-54356453 62174688
47221381 49855068
-78284869 -32150789
76521162 -42532181
-64411181 -6438012
8500842 3846964
1313195 -68890592
-3079918 -12098233
-5977654 31103854
60062785 48059905
-50200070 71814806
-69401395 -41014631
10554193 51329167
-779026 -32789195
-11239316 27266304
-45181910 77223473
-4622933 -36862626
-63862695 5912519
13709657 -174490
74409817 -34932788
9540778 -38293301
88099755 11813906
-92639408 -30155416
44663945 -90919396
71284749 55690108
21602961 78962604
86920481 -90793454
-18855718 -98777024
73649051 6996418
-4778632 -76895125
-99847670 95826175
98867765 16227011
-90577484 40809394
-85750542 -14704397
-85424720 -13365165
77911103 -15390491
-23100083 96372965
-79077028 -6588310
66529680 50926756
4533452 -41178413
-71984021 -36887408
90646258 -66643258
-97921140 4136000
-49450880 27404886
-75807527 -98401304
49519606 -4698915
74302415 51146067
-42467359 53830737
-5591462 -54943925
-24794237 -20450937
71292965 89739238
-84128731 86274304
-45323736 -68259364
-13886946 -39714565
77606367 43134717
-23995154 75358307
-823785 -57481584
9895382 -51966218
-44534054 26852112
30416112 86358331
-548288 -55717305
-6555546 37333216
-703581 -14178185
-13930403 -62264779
-37338208 -60578192
-80906137 -10157842
39931683 34173532
-98748967 18995800
52422715 -82273586
-81798838 -18414863
79583259 73208931
-76368764 93560544
53837288 -27642672
-53669247 -77681098
70697143 69201856
32359795 -17425986
-72382161 2860995
90508117 -21236429
-20702694 -63570900
-23374000 46149663
19052924 -19547976
2546029 -12720199
53499828 -56909697
-66766380 -67745958
-93302427 30303318
-50497003 78409559
-65624763 -93042719
22087214 14743424
-37988039 -38724928
-5432169 14639095
-280120 -75523548
-76914455 31279145
67568721 19322801
67470441 1192190
97030203 -27583465
30450149 4149621
73342646 75981209
35745929 6166677
17021023 92410730
-43069097 10943795
-43869997 22849221
12248576 15394419
83310567 -23887383
59900729 -6479345
-3342717 -65097405
-77887910 76634794
-97603481 71375842
13283418 -58409577
-21868739 57027270
9047099 -42172139
-61818823 5393706
86778430 -31469347
-63967343 89611375
-61462470 64320242
-61915543 2422001
-26785710 86026229
21667759 84720457
-32427833 47920269
5180577 -58475919
17425559 -43698728
-17583707 587653
58942778 31619504
73449763 44777222
90723180 5910214
33683705 69849829
1222559 84442884
-68222558 -12077889
37280679 -95980949
-26131502 85800145
83098003 3594240
51835004 -57043506
-69755636 74877180
-90800753 -8914505
80777022 -31009912
-70015631 -1583148
83366967 -19873590
71573303 -28982639
-47634510 -70297360
97838796 -45019452
8282968 -47605926
-57237182 -65361246
99403230 7459898
14846984 70639542
30865808 6221132
74576576 29364322
9006787 91877419
-83751923 -71095045
-63027771 41851167
3254619 -56887046
-31401218 -65057232
-65752020 -77041213
-38870350 28414200
-6604920 95815532
-51394546 -70120380
-20183600 89571496
79707759 26668470
-87010316 85892247
-57905496 -42267853
-19412180 -14330916
14493805 -69971930
97808161 -15769324
-16355949 44113029
88505018 -95928231
8668855 83040633
-72532808 88134696
-78970253 57191819
-18834825 -71827912
-17178 32972074
-5081317 -25965826
2075486 47929079
81906743 66223015
-34105820 -26175452
97614363 36470774
6380024 31247698
-61516785 -81406733
-66470553 58420876
-18837094 16695634
-22828683 59493341
-40304705 -47989671
17994265 -78565124
-24201611 68907478
-25619407 -2456701
-24591194 82588838
40188572 -78990352
79277060 1928410
-33639625 -85547340
-77220277 23172577
-70703442 -77064141
-30226213 54488139
90986690 -13515813
37690254 69713174
61172159 95589779
-98005118 37474973
15179710 57299554
-56852934 -98772299
73307067 36668894
94321506 52805883
32903088 -2978495
-76435612 -40473579
67836417 46011031
-18842584 -14090168
95072469 48132923
-88098573 -74893814
-87715687 -440128
39532784 42868941
-45166131 7347409
-91988337 -8156628
58971769 1138924
-92480885 61837278
14499531 -4873841
-76643929 32973038
-50456129 -38268819
36143926 -45233050
-55789023 -86680211
32064076 -64004812
-77807862 77255986
69183139 56227441
-14570572 -2101540
95605766 20756082
59816100 30436848
24901106 -18990461
37631975 92508462
-27356841 -59054472
-14525845 -66275895
52961517 59181876
73935345 -79826835
-30201592 -15013769
-53038870 -9208690
-38822253 -89174641
8761141 -35147500
45491073 51689242
-12883158 -4336436
-40669630 -14768871
-15790717 -69506046
917535 -25028762
-97653009 -8899350
18601040 75018990
-25147732 17931677
-10928737 17077574
66774804 -61686088
-51040257 -51821272
36765537 90715361
-87301082 25850886
5612044 -48176614
41252522 -45878964
70230014 -19882132
-59098138 -94681924
-20968238 29635941
-77106479 76668167
30536049 -2390543
-25257172 -84055811
-35691490 -72967951
79496807 74471754
-22132343 96682584
-52017144 96222651
-20193240 -38371027
12162311 -51958020
-20191912 -90366499
-43682556 -2642425
-28242604 -1805937
71333462 -89074619
93523249 -19341209
81842652 -95275373
30967295 75231423
70910794 -49643840
38712718 87033578
93828366 22164774
67572496 -72349816
-4142429 62377017
-5741832 94672601
65083107 -20625842
-89914100 -17324815
-24686667 -51028386
-39496317 66995753
96696753 36218155
40127096 69390405
47378402 91609034
72680409 -5775531
88181790 9977474
38569231 67801666
50486741 -85727968
-15719790 -22544153
-56006351 71257927
79398798 -91690742
11659522 12836557
-83580560 5730887
54516232 -81979226
-26348543 18497918
-73487803 67262086
-94157094 63200729
60114668 104871
-8727391 3088937
22497515 -58067904
37352025 76612997
-59996461 77720948
29663598 -88147833
-90296839 78276230
-15759186 -12044807
-95602378 -55650914
46795062 11242409
-87734328 -79251763
72704758 96474441
-74927743 30138232
-74591930 70709397
94699367 -54639376
55681009 50052475
-64217254 91452315
-39128483 -677625
-68251865 67101841
92789095 93502932
80600412 -91432434
-24006014 -55334322
-73352469 31531487
27985161 94419643
78217792 71444454
-13337558 61210865
56389187 32241201
-5241124 44641030
-15384540 -24062183
-23224155 39361668
-52191061 72720830
-75353602 66064838
-29240079 31560284
-61003690 -83826378
-75406563 -56985435
75391472 67999789
48933731 -78940019
-45334634 -30927347
-67108964 -23361692
-9911617 -35660309
-13880608 14475710
57021408 4114768
84779833 23694340
94035003 19821018
-96603712 57505224
10113194 32230975
-89514535 -12783615
98654289 -75852110
3622813 -50871741
22437115 68636428
-77435578 8806321
50930312 31425596
81921786 33321911
79134233 -57836427
76241474 -80833673
23951080 87390828
-29467244 83774314
83043442 -87415108
-47867507 -45674216
97927297 36815509
-49023776 47303947
-47423408 21144652
-60325586 97004299
-56425216 20452085
77433568 93983202
58400784 97833808
2167654 -41415430
-93400298 -55761065
12613141 91100609
53497999 -65729092
-32243077 67854501
-38302562 11230259
68051999 -884615
84438333 -39431005
68253302 35575003
55216407 -56821623
-61847220 -18463928
63063459 -35169907
15077489 -12512743
29623850 -32667738
22474792 -73645177
90587239 27155557
-55307913 -5228492
86954363 89182132
-82927565 -87367373
7909329 42981498
75579737 36094796
73851832 37680184
-60783116 56940845
89154570 -53787885
98934578 10370589
9711456 28147653
72303838 -44484616
62068432 -16092915
1120527 3437867
-13928146 -53369759
92174551 4381437
31136104 61662834
34734076 -63502890
-79176424 3692713
24238501 -39110524
96886716 -90565879
-20691795 -45471087
25138435 98960265
-24405149 32964372
98477123 -61965007
82397946 -73514277
-29524007 -53155367
-41977337 -17780231
42361081 72520031
-92127111 -34981032
97989937 75570784
98001951 21638965
55368144 4173656
-86037353 44250682
-3712437 90486707
89332824 64346796
56312548 -60117762
46781557 26087216
-8104766 94492937
-19353772 -91015837
48332916 71653634
81442885 35790504
24633297 -91523223
-64142745 -74945168
39928247 26056528
6206521 19202749
-6632408 66718263
-7408639 50447241
67621999 -72911367
89319714 -25837500
33205278 -52909186
10542485 4773561
-75766141 40410614
86324157 45050898
91400238 -71684465
-1556654 -14909943
-2161333 98079511
-94574493 -20917812
-90580045 -54544733
45970106 44493349
11675215 -43365585
-4110680 6883402
11996332 -61357967
-43612706 -53082297
-7156975 -97194022
-5786415 98127914
-64677306 -41327742
-45228779 21083967
-82087160 92722591
3003518 -56983628
78056620 35710692
-5411347 -34903588
-81255935 -1403746
-39906148 43491143
-95533953 -94522286
13377310 -12790695
-81353767 -33396275
-54701158 13243479
-26875662 94124907
-67065637 43465813
-49014420 25173574
-99804933 59930955
-94877313 67633371
32285119 -3373062
-435915 -60933051
-8372578 -95515264
98470945 -62683717
45980389 11134091
-5990836 -6172161
-53396953 -99807370
9167550 28572154
8326230 -80333246
70452558 89753753
-16831324 75454004
-84090927 48504114
-9510020 -81496309
-20843863 46047779
83673329 -91093897
-34260187 9872052
17107466 21857022
37709314 4718214
-38769463 33306302
-43692931 44010430
-16258096 -63347011
81968281 53984787
40139973 -91745295
96212026 20137197
36467587 77895374
-63413537 -35144491
68418998 -1469681
-43490687 57099422
61218356 -55722656
-12528890 -99678209
-32487937 -43806566
46397796 -99882312
55666975 74090482
-35035461 -67275514
10279515 -6691532
82631767 -55688080
55819047 -58394753
46949555 31010952
-22183845 52615459
-2930197 -16890594
78817165 -78975318
-99553277 61995358
-92256816 50122931
86972546 -33060191
-36519962 -96049655
93700952 -30719151
83526663 86293800
58248694 -79000997
-693144 55696513
-1189564 43737013
7542081 59752943
28325185 86711332
-58076205 93653931
-51787748 16353643
7892008 -95363057
-5702645 22383174
36139325 41573235
-19134773 87372348
-44936419 -9449668
-22011900 9205004
5238187 -78011429
-69478903 -25856716
99077380 78304512
-33191015 -2861873
-67697727 -14532302
89743685 -73529092
-21505851 -14630711
-84068717 73222017
19620794 2231642
-55537087 -16240103
-50902370 -15826941
42945852 -36170725
5244388 42466519
-85071356 1688446
-10861221 -42613412
-57902755 86521845
-89233783 96164561
24930432 -26053434
67996071 -46675103
81886611 89852107
85500172 98135387
-48177590 -24653559
-13750195 24126124
63876531 22200885
-52000351 82345035
96256582 -67669114
63462517 -4323123
-33932565 -86880085
-67274210 -15807195
52813572 -73191476
30320252 57773416
26452532 -1326532
-55691313 -20094146
-15057422 63339903
-10941858 -94809886
76455833 -64127894
-95533136 -15559662
41565594 -7976186
-58184405 -86680529
4098026 7352908
-88842697 23489468
-69279952 -4047131
56756111 15798597
24241085 42558838
61034597 -26351842
8157146 28990342
61724090 77228627
-41498079 29554136
18699861 55911732
84524263 -1695672
26262176 -90950152
70801675 72401836
87463303 92000332
-98188076 -98853215
77350480 99782591
-23901116 -24368875
-798002 -94444866
-12389067 19463589
69059487 -11096393
-48680454 -7736895
-58796843 -4426028
70753460 952430
27495780 -74700086
-704055 -74815131
-21424822 74213304
72089691 -3990221
44046346 8544968
52542987 -10999436
-24729442 -29489420
-67509529 31645713
71897462 -86970150
87849079 -1255404
-57639585 -30446293
19366915 -43068744
-28257184 -47288491
-4681584 -78987079
-26191822 -36009238
-33184940 -13658071
-570790 -45211896
77410951 47892231
70662145 11266274
-89582962 8019874
13346288 -74832481
-32034941 25305638
95143223 -14663130
-18169088 -46954449
43823167 -77029102
-59009069 -81208464
22604525 65964310
56244447 -80727310
52247188 87400721
8372062 -71875776
-62684926 67837451
-38058160 -8257144
58120282 74404108
-31699662 2876461
-43239830 -86438811
78191509 -59527048
-47983633 84510853
-15428119 -24407431
52590631 -83881889
-13805581 -55197851
96403513 92407
93105095 -9110886
-60456137 -91696954
-57408877 6984607
-81013252 12571269
-27255012 -23172642
44779169 80846602
-76792133 -21735330
64017130 -70618577
-20204094 86435110
99109099 -1843473
89665755 -96999540
-39024185 26079196
30853618 21277384
41083292 -47176191
-45167782 -46685955
30339584 61665562
-54994553 24244743
-58529268 9673809
1386012 75734027
-15034913 -34821805
-62965500 67958771
33445064 32841575
-56210472 -10532455
-63795151 77686213
81226226 -49476297
-80514092 -97109078
86227232 -60825338
4032032 -63021373
-885521 93366225
-34360549 87573892
-40952186 -82524844
-58878355 62299319
62934520 -60082106
-15605249 -80619272
45743993 21657004
-30521525 -79805609
-42112029 -92196301
7459344 -26629898
-2049243 -60561030
90353221 43588129
-11331576 62912958
54105654 -82529716
-7643505 -68836354
-70697905 -52852032
-40566886 25273387
-61766353 -19479573
-32542461 36024658
-56474572 83613633
20995725 33340479
32995745 -26372613
82491850 -50398921
-71902838 -97578618
-18228442 78490509
-99108399 6341068
-33362287 -77094930
-537574 63920833
-47481830 11203764
83250233 56485622
-79176369 -65458543
-74288008 24171248
-55818290 92310982
-46518291 -26537909
-10516358 -24451580
74966534 -98756623
-86290048 79734700
-33869024 12197655
31499766 -29128008
-51566197 -65502321
-50553144 -86267456
-34892148 35053585
84481309 -66860944
-4344715 -61655471
90022372 65231881
61613589 -26879764
14621289 -8409968
6046026 96342532
68745217 -62910353
-23252728 50368753
-44547542 -68342254
-76305748 99040782
-21800261 -4901553
-43868197 11294838
32169111 -60332761
-35280534 -32034111
-12229403 -38447280
3231128 56760995
-65735589 34405928
-50161807 -43300792
74026619 32643772
33497417 81379914
-65276522 75883140
24607115 50369832
-63497182 -12283597
-57085782 -24578081
75298692 -28319335
97504718 32214914
4858210 -45210166
49595000 -39065154
68695737 92137674
-89678575 -74907927
45060263 -69917106
91020383 30347423
-91586492 -45564613
35140651 54597555
82910991 38027428
98388408 -62112456
99771763 -31843817
-48637349 -78603364
-34545927 -62738319
-31978331 22174037
43635796 70870061
78599518 40338742
91464627 64906437
-42379318 22654723
61365605 65094692
78745776 28613396
48265805 17979276
1883793 -29090506
-82221268 -14803595
-25381677 70412520
97441001 12754785
-97624743 51986905
-58089091 16720479
-37580651 -67952026
94995389 24052205
83656192 44593899
-45692576 79866799
-77075094 -12739460
-76420874 -18225154
28455702 -80329216
73917179 43592819
7995729 -37133926
91574233 18778819
98153920 -45777553
62360728 66871640
40889462 -72924658
5220650 7405481
-95832016 86277984
-87508072 91913333
-22165656 70208295
-73099722 65144635
-39307125 -23670074
-41441110 84084398
74642332 -247099
72243714 1078395
-99288671 -81846665
-78826045 -30172663
-19238050 91681825
91846577 17702972
-9044597 -28214011
2559684 -17496200
19257915 28089968
35766361 68287316
-62724865 -1150717
46790580 95674746
13669774 -15255748
60960080 -56540999
506654 -2788916
74186041 7787121
42135408 8328999
61057761 -14145233
15647527 9526037
83389971 7048385
-22687222 -96020132
-18453654 5936473
55736064 83696257
62811493 6556617
1305121 85758634
62191957 -36599848
65372795 21971652
-5232261 8298002
92096564 -64877325
62135041 11048583
16408715 50376544
-50315057 -53392365
-10443351 -77467131
-27482407 22914579
30225806 -34402033
-76416574 -30279712
-6935202 -40242589
60939520 16332888
-8995496 -69463025
-16933589 87951774
-57708326 51207604
-62716867 -99008605
46781204 -24204770
44986951 94921218
83747856 62065188
-25487542 -15276188
-19964007 -35176348
-81247956 -40333566
-53861321 -13860621
-56767620 -87463063
-8427328 44840254
-28839058 84189377
76233538 37253710
-79186741 -657515
-28532324 12119386
-3719127 -37593355
-9763221 -44080943
-99080390 5007283
75283182 -8593048
996058 76011979
-14968998 -95852183
57975692 7071902
70891532 93990470
37667553 -88119610
-93425715 -65506887
-48301605 9227843
-90396308 -28378162
52747166 45570143
89909553 50793167
23651030 -32396981
94318595 72028092
78259800 30958623
-47990310 -74877388
-44327955 -71950030
29044371 -23753011
78578967 92192717
6916170 48914520
804598 -11911240
-55162622 -93075779
77134045 -19320837
1689995 72801524
84790553 21818249
81814470 48790952
-18074828 34966413
37918555 -68962242
52974282 28449495
31002835 -60309206
69583529 24821754
51494088 -72939341
33631276 84460709
80328736 76556369
65886531 63822125
-62324251 79969197
-80437499 -52681339
-52649067 -22693776
-63759428 5512362
5022802 -7697137
-70496202 7539294
26862942 2747386
-91526832 27757445
89384770 76733719
51323793 90695305
-37131998 -40952966
-42115235 16130052
35974727 36773897
27689765 -54255771
73871623 46582100
-31885051 84762403
-35317227 46271490
37559817 -58206278
31977623 -47187065
-29541063 -78049694
-54276694 73654632
-87966524 -18992330
97572708 -24905548
-64686846 18807253
-85627007 86115862
-15396170 -28727367
55850245 36564659
-30563350 44591428
45340958 82371773
50203350 -26345953
12160373 11699490
45456212 -90100126
30070707 11487382
-31205532 38033586
-92319088 -97385231
35619299 -29989651
63739311 22153113
-88562052 45186806
-84357331 -39393604
-20408788 -14259423
-34509387 73332800
-4997941 -15134738
-28080735 95438697
-75207599 -83965128
11244919 10757165
40563003 6830302
-30941801 96014371
49231429 -79066149
-23905897 -21882238
61437325 49070825
12429028 -6642522
85005594 -55700993
42129507 64688014
-27700987 -98805089
-43754822 55495662
30794304 -13466529
42143091 -81011202
63196020 -17590149
43862706 -15039215
-47974276 -75270425
-96163722 92348257
18517377 -27026683
-70349217 -86917987
-9764962 19657668
79638076 -20782010
-32669875 -49770036
-35636609 -17109971
-36821206 -32872626
-33469774 45735653
89449460 -58852664
32406485 26981
56544227 63164459
-45807127 -44908816
27878686 15287937
13365120 905996
-8392847 11252671
-98349009 25769538
-87854843 73220817
49001849 3855373
73902545 -44773323
-54271020 66370066
71606345 71130815
19083342 -82118708
87463481 6162184
-11806579 18645010
64220648 -75229790
53829027 37905266
-58835852 -47507585
-77596624 -20963861
5310349 90272958
66295337 25420838
-77701131 -14095997
81988567 82657951
-24271664 -99242053
56344403 -4983765
-47944885 -10044297
11602268 54509704
-21166129 -27413900
-395522 81016332
64318838 -74211642
1123644 46561854
-74121661 -12331787
-34784660 94784939
86641526 83506718
95339666 1001043
-1835362 -34313161
-44369376 31677083
-64443656 57869127
57798302 99001047
67482275 2984368
-75235779 23065655
-67813994 72078594
-34292489 89943344
-86815159 -25948008
-94441026 -55415653
-80703492 55716978
34089234 -62686350
-74005086 -36586573
13861243 -78516518
-58111935 46736076
40874515 61159338
98246409 90286881
77476247 73362205
68608306 76344419
-19778598 -50746500
-6144804 33564237
-19764690 -80257626
-54232487 -51714750
-48858081 86650029
-82245221 -21584291
-95809990 -33923469
35115291 12643847
-98498824 14302047
-13291084 -31777807
-56967196 -62094415
24083272 57419108
-98195574 -24020121
-7783850 27210077
-74652461 -34944480
-189916 -22892278
-12157372 16179424
1066600 -88803842
63484743 51289738
44038230 -10962372
72804425 34542226
98236916 -80239283
81012281 36545515
-63860300 -83150611
60301523 -13050393
-32683324 83365239
16107130 -95998281
-70411945 53897579
-72144193 -83815686
-96600443 19737019
-74794155 76004431
-95030298 -33670512
28315934 -38152545
87822422 -76411931
39364896 -60149205
42832668 98325551
-85609064 -5503005
-78584626 4054615
5534451 -50601643
-18843383 -4201494
-81012375 14160195
60383682 62140968
50306703 64362258
83365842 48169724
7397415 47161360
-22171626 62480651
99785370 3688889
-35303840 64871974
11499628 52328144
70917736 -41644077
93821112 83016948
13810955 -53718231
47066538 -80095355
-14467951 -34272023
-22170158 -50965152
13896795 6258114
20716175 -93351413
-78701738 14222167
-49466496 -65689425
-67805659 15074526
-50095716 53692892
11860863 -3986755
96095401 -82201229
-70494082 -87241223
65753311 58228452
57053395 -15734583
-82625307 -57312721
-25018154 -77972041
58116690 28473489
74869897 7877397
62326145 -98240454
-52495060 -61195961
2570560 11032123
66915690 -90171590
21287891 79296083
90509260 13460486
-13257528 -38533665
72506792 76559180
41280867 -32775579
52854879 -40934473
-77065031 -57010966
-79383257 -62169495
40925411 3937234
-5399992 25563688
12502891 38039489
91635171 -35704713
-33832153 41902962
88741489 -81213609
-20491636 3675898
-48107043 -86308111
-49377193 -85045235
-7907858 80804498
28699954 73604371
20772850 25128981
-18815109 -83187035
96663922 74128315
-17800582 72720387
94637386 -15053120
23883196 -61524273
-17046062 -63078177
43896799 22693755
34985936 -46792173
27030891 -14912074
-74943079 -1869880
-55886748 -11619000
96874136 89427570
1887769 -54466293
-3660195 -57399975
-81547568 -50051866
-17190177 -41464349
34820759 98332777
-66994776 71250378
-35274216 -49784117
-68163165 24960680
14953478 58326788
20636919 -66158596
89933289 89634510
-19762438 -17181045
66126715 96566774
14133771 86796194
-86829919 -8970438
34326703 -50050093
-10772274 50592937
48080795 -2474037
-98028961 64627901
-26639951 -61361485
90889709 -31898043
-29934523 17349654
-89269154 -11600618
-17962279 -22597390
47548728 -41743700
-44819954 96332006
28337553 -69332169
87193530 -85354830
-78133835 -82297554
-97366310 49693630
16657174 7230927
17474739 41014984
68508562 -38539500
7509949 65122664
21131974 -79250578
-1339120 46312848
-78708595 -19037557
-77778482 -1455562
-5733770 13580914
-94766725 -83425294
52764944 -40662390
-98473419 84276450
-90322921 -48554639
88353418 -32272450
-15093596 54513702
-22658527 13490780
62333146 83173982
50765626 -44806307
73642386 12123144
89921715 20117302
-62224892 -88524372
-87223905 -66172564
-29972934 82062212
2693857 -21257672
-94293341 25000305
27216545 -36959478
50304325 9238327
-11179272 -75903042
-33526962 -90755139
-21392844 45156561
-18854388 -44941952
47466359 83203868
73398803 -16862499
-19269625 91817797
75573747 20050606
81865455 58723942
-28943649 -70317681
-98969267 53348936
54270080 32475767
-1422749 -37230628
90121340 -82204359
49064458 47454336
-3657608 -68455706
-77218198 -63699469
-98570842 47686988
68565270 64086372
86661411 77561086
84480482 7622260
96396131 -46158563
94836932 -3609367
-11078065 -56248156
-99184783 -25277594
37182982 307831
80545247 34388311
-47308520 90943773
68332422 -82501433
-66009898 -39003768
-41750309 5644533
-46606763 -13976425
-34705521 23670151
-13817308 -27117502
-20450102 9305261
-33546001 18667821
52646017 80949827
-88356268 49432272
-80972361 45751191
38113492 17847413
-20961406 63470187
40616054 -98565152
-94229964 -49578250
54291567 8061507
19689215 87151969
13629415 -1368576
70196694 16875112
-67270574 -861062
42449581 6307149
-50284970 -26242530
-13980075 82064351
78320109 30595300
-32687288 -72018538
93411420 10495599
75976543 -6748769
-27900213 59296327
21155529 -24568279
51088559 -62473864
72477197 -32675787
-59243773 63151209
32591980 72475183
88945031 -86932403
-81891395 -35094362
82772005 387103
97674404 -75913699
18102343 -34785076
-12550455 -64010643
48653981 26648573
61099144 50727105
-98548986 -94315808
-2633680 -19403178
96175493 28825811
-27462306 95464560
-59403421 27218555
16369592 66580830
-75760451 69879754
99642393 -93092627
-79077100 -12564478
-96684143 37548620
-12778755 79602594
96971604 -18729470
7226947 -64290393
-92626540 -79494883
-72821304 -95744500
92742870 12741243
-18864941 -88801712
16581243 67169678
-72384891 51260181
-83644133 -18404825
93561910 -13016273
91678737 -81690000
77575512 32511923
-3245674 7727693
-54596203 -3499039
82847499 -86667434
-7792376 -31905029
30569413 66457632
-79275667 -52731491
-37719854 9372005
5185680 20516887
-73422628 -920736
1797532 896534
-52015334 -19039338
73575767 -15060288
79828341 -98674524
5781181 -28171263
-86329477 -85574205
-7905433 -10527243
-48310096 85722482
70991438 69798659
91768999 35876356
-49672745 -51945761
99407811 6716138
92496151 -52905053
-80984955 -45263821
40180177 -94840692
-45345504 -69135075
63569272 -36579144
-13652260 58981612
60391406 -67203943
-9533713 -78240488
25272764 62450147
81277143 31691883
40224599 97025693
27187075 -96212645
29121350 68827124
-21950185 4399260
-82995160 -27160895
26788402 75517920
83432715 -41548618
-31473547 63856721
-53406289 -7964997
-16662761 -32555326
87599279 86791918
-60576987 642793
-55630001 -90418626
10944189 -79622754
97469057 47418359
82537184 81089811
34433712 -90970102
54035788 74188855
49376598 91022851
-60475903 -1401661
13256600 59374726
91721633 -73680553
-69657328 57114432
-35726962 35498858
27471176 40288464
-93240405 -57828609
-81017282 43167537
37209477 21917027
-82926198 -47456073
75052500 -7860197
-23649448 11019537
39927640 96168945
-67541072 -36272312
-70679677 4779699
-76423915 4374223
-4394721 81025278
-76779318 29343373
59731337 26562802
-20413937 88980249
36438293 -94816964
11916729 -20836610
-77137020 38399994
2822960 -2860213
11321207 81801711
77612776 -34931459
-89364622 49008024
10433859 10723913
61639488 36952713
97272323 78750096
-89355575 36569189
83453537 49541507
17030911 99153859
-22183534 17142408
-53359836 80268166
94308626 9479058
-90346405 65412893
-17002615 -6790835
-88141964 -47091942
-30298788 34855968
-15027998 59749429
89449246 -43887374
51291022 22945649
19710160 63642431
1395808 -7088633
89080779 -9911083
-43151145 45804160
48420734 -68786579
-5166937 -92394927
84274359 -64428141
-21076335 8660862
-22738769 -36442056
42053832 -29309926
65120201 7562530
-30232778 243414
7480668 36214672
86940832 84395225
62073238 78347983
68261380 -261794
-29301216 5691056
61815438 26939964
84169240 -77950811
-93142640 -38187550
-47442923 -76784726
-89227263 70900937
40952249 -90195965
33966457 85791671
84635354 26698510
-8278364 16925539
-9389359 -48600669
-45831835 -98420039
-41836211 -3409803
-48162835 59566433
10228588 -27894060
-84069347 -74438641
97762737 86716034
99676761 -66047664
-73233416 -20504804
-1896524 -68100653
-25760095 -63360033
17423840 -76261425
-8963450 22921923
42569386 -4866755
90539879 -69720656
-88858831 -76172136
99039288 42811585
-47767777 -26852489
10965066 51697344
83346118 25969601
-18391367 -1650196
-54633178 71887762
-98708499 -13089373
-94269609 -97925067
22240467 69206353
931730 -67211427
-82367182 -16580773
-69117756 -45366313
-15804069 30178097
29395890 -93692956
-41277891 -82727439
-51527074 27628772
-39428465 -76229029
-75326013 79203222
86401108 -12083349
-33819864 11273008
-12444090 -68003349
-53644515 73456326
-86870303 86797765
71770983 65241927
10161814 72408388
-70999492 -60528053
-28676915 73882233
63448494 48579844
-23861939 -3900503
82385711 71776823
51796763 -27867098
82534123 21969375
-80781692 4151474
19777738 -82830182
57892477 -19576361
-36766095 -70610601
-3664746 24164122
-48038260 -24983019
19483222 41993669
56706962 -83098978
54389206 -12549398
93671131 -8631622
-94264366 90889573
-65366248 -4720698
-41196011 -66220118
-94749467 -2221418
12479216 -42574297
-85119922 -82002123
62571759 -33957020
54870251 54139073
73705477 84201905
-91690139 27438997
-56507408 -65619073
14352032 21194685
24906784 -70757253
90642788 -7040518
-49515849 -82007993
-71275791 -87543413
-23566659 -24750753
47347007 -70992489
94453000 83846588
-84340420 -9907126
-49912895 -8606704
-7200904 63454272
-89663046 -63925365
-41034315 -62524742
79693336 -31640717
46124116 -57497837
-51792779 83116546
2804151 46361386
55568875 61434592
68268284 86311758
62324140 -35809831
-76440690 81727046
42519808 -32236735
-31133079 -47167335
80159233 -86844216
-75049044 -74354793
19447047 66012661
-63825799 -71034075
-36368943 -88423100
-50695258 -18282489
-97786172 59692819
34788459 93591733
46208031 -66190353
-95670010 77999741
-81419462 59834343
-12444106 -68981095
-12503312 32094564
-85027016 -35470325
-91608476 -61849870
33835631 38272167
34166422 -16422804
-38955264 73674302
-50177891 73400709
-23198917 -22520390
-37113891 21062214
12436787 28422740
28810707 22717397
63963662 91365904
35510126 893492
-31790242 518620
7600347 -67982011
13302646 48051351
-29829438 99767988
81583939 -87149387
60430370 85456776
-33402385 -80848720
-32299418 86829303
94613373 1741757
11552545 23224045
54901258 62441848
16841853 -84739794
-98748617 78222874
-73596364 46913029
80310330 -82049419
-42791452 67409008
-54628341 8216693
9251560 -3661354
-3977646 64944881
74226784 45856245
-97792160 -66537194
18492564 43555407
-19515646 -969876
88136396 522530
98524947 -51995933
-73234090 14205049
97238927 -70439109
-35062151 80915464
-91191354 -48576542
-63536748 39766355
88476598 -29781152
-99273010 96906002
8003410 87484458
5081518 -79444234
-93416410 -79288569
-40827958 9053668
15375959 -3010243
-99779142 -91941907
14147426 -79090024
30550893 -62205233
37222636 59490271
-68374270 -32574297
40077664 13745118
72481959 59499184
14281905 30738922
74942554 -14510472
-22387795 -86948081
401680 -25859435
-76415666 10446375
62497602 82201435
31998389 -23679302
56937896 80303231
50393965 77902352
-87395528 63972681
96728283 -77348394
45426834 27292098
13622939 -52581611
36154293 91072048
-53698298 19169858
24774220 47143786
-93636242 -23353640
-1730246 -27827177
82260892 24173838
-70647526 -4090377
97513977 -16597673
10906428 -67424958
-66364255 83825661
-48336621 -40906720
-21342598 -63610577
-67838370 -37270490
80402077 -13630951
90605363 -73651378
-44298328 -28429877
19735888 10742356
-71951292 -55863323
92352236 49125621
1052313 -78656053
3890197 -58482014
-23627050 86601019
-52979329 73585116
-17458047 -11048387
-79700293 -75121000
-90174001 -55859923
-73365729 23763418
24495961 61006265
-14209212 -34820708
46964964 -77477461
-41350566 -6200429
47535804 87333275
-18914730 23869364
-17022813 69765893
-1881991 -56593166
53217449 -18229928
-40513979 92674864
-11932200 94696484
77272059 -56083577
34543751 75534376
95982602 -75458091
-6474542 -88971948
-11637496 -43356714
-63428549 70313674
7333774 -43939942
-63634678 -31160526
-10575353 5115386
-67028036 -35903824
-9313555 -99489612
28493412 -3235208
-67048641 -51545447
-54161163 -89438100
-73416532 -97185394
95507718 95527342
-2655406 72854674
-82201608 5823026
-33398850 -79630830
82167680 -22282311
91190031 92874014
-27970898 -94565551
-99046212 4271790
4766128 85477918
-92029186 96049703
-39164628 70311000
39326832 17454672
-93078865 -75545889
-32596906 12845250
-86726687 -68187192
77674965 -6927626
-11572276 31456859
81585885 -57871061
-90093513 -72853719
47385934 90879310
-3848192 97600954
-24894323 -54849262
89266730 77687527
82562821 73449729
85111211 -74138715
-96799607 9146510
21007666 -97721988
53495653 15177231
29540724 44706271
-70255513 51239071
-83735899 -29624137
32505066 26970902
39557725 60360103
32394439 55512877
54572867 -88002698
19252378 -82973431
44664601 -74910794
81003512 -99917854
82132495 -27520853
2637716 -33128254
-8508574 -90784276
-83997100 30761155
95714351 -29473431
-84034756 14214814
43066457 79255355
35719169 34436436
-24890852 -37552529
