741
0 1 0 2 2 4 3 6 6 3 1 0 12 0 5 9 5 14 10 15 20 0 20 10 14 8 10 20 7 23 2 7 18 32 7 25 23 10 29 30 28 26 33 31 21 9 27 19 39 4 18 32 38 17 33 50 33 53 13 13 1 44 4 23 10 43 2 25 67 9 14 13 34 26 54 45 40 15 52 32 80 15 33 18 5 83 53 50 3 25 61 17 77 40 10 90 18 74 17 51 71 90 1 36 47 61 15 77 42 11 83 99 104 69 1 29 55 46 11 115 93 16 101 2 28 63 28 63 67 60 74 20 79 100 54 51 83 111 21 135 32 91 59 136 44 67 33 50 72 77 11 107 57 40 34 150 53 39 138 44 1 77 114 74 23 149 141 30 116 74 14 142 116 21 4 79 168 123 24 109 140 177 136 180 5 128 104 40 172 169 31 77 171 61 89 180 114 131 150 154 178 72 20 101 138 170 204 67 196 130 151 8 53 160 110 190 68 182 67 70 126 87 143 124 66 76 146 180 128 195 107 142 95 171 169 233 129 136 117 29 96 25 173 171 202 225 240 35 1 181 167 176 83 113 92 58 187 71 44 198 61 192 173 6 84 99 239 96 22 108 191 138 61 237 61 136 268 150 46 56 141 274 190 258 265 31 273 264 270 173 268 115 2 277 192 293 147 207 13 271 34 200 216 205 67 222 269 27 147 223 38 172 231 112 275 46 251 246 38 89 293 225 310 158 258 283 279 81 171 10 118 134 235 2 116 195 95 76 100 287 288 91 228 188 77 230 169 327 64 281 146 282 236 6 245 317 324 120 170 243 175 227 177 238 277 336 363 133 278 46 86 257 206 220 67 375 157 52 125 208 30 215 202 116 333 32 95 331 185 252 250 344 371 320 28 7 374 227 262 184 243 360 271 381 241 233 350 51 387 237 192 183 7 221 87 408 189 90 168 366 245 223 369 207 223 186 30 40 165 34 166 133 142 391 271 419 47 148 329 12 213 35 383 169 213 70 114 241 63 183 197 82 378 272 350 394 321 368 394 78 0 451 92 351 156 142 281 124 156 41 377 386 107 230 416 153 137 420 244 413 81 152 297 373 33 342 458 478 130 449 478 180 424 389 288 23 407 231 100 476 177 31 126 443 38 452 91 329 280 34 202 98 353 305 189 437 73 93 452 440 30 367 380 126 194 250 223 438 135 53 266 283 486 206 113 330 428 533 535 2 176 393 82 320 346 200 201 243 402 114 249 354 395 435 544 261 184 28 450 467 333 8 300 317 99 10 262 160 118 40 88 269 398 91 183 182 560 365 542 241 467 176 318 180 511 98 71 211 585 321 387 95 155 372 255 289 313 525 497 141 176 49 235 245 389 308 296 158 186 473 602 453 112 71 262 218 556 150 190 263 525 617 605 221 159 320 595 175 562 470 420 246 426 248 394 355 579 407 260 63 274 428 381 537 396 374 64 538 456 141 636 326 73 395 401 61 198 212 351 602 207 590 100 105 272 173 576 664 529 561 568 415 460 520 668 208 412 500 470 183 558 634 101 163 276 294 644 477 95 527 618 300 230 667 471 679 495 31 648 260 557 625 257 177 631 626 216 548 616 623 240 29 569 252 659 653 97 406 4 195 171 276 548 60 269 398 96 222 175 142 320 191 105 264 101 517 368 60 370 477 154 
22
11 168 438 421 188 379 566 191 299 425 359 206 
17 112 71 41 619 704 370 712 637 488 360 369 556 161 428 232 132 187 
1 650 
8 572 477 732 192 620 348 230 80 
6 240 236 272 653 270 534 
1 588 
1 618 
18 179 624 238 203 696 615 690 427 520 727 377 142 274 602 678 664 403 361 
11 45 497 46 177 311 448 547 415 267 277 152 
1 474 
10 85 235 101 444 337 522 40 6 247 338 
2 263 539 
10 62 218 500 291 529 569 282 675 565 711 
14 398 654 9 420 347 568 130 311 498 434 132 716 278 219 
13 455 716 46 457 242 668 287 131 356 658 686 570 327 
9 242 177 675 708 523 414 450 108 152 
6 355 163 627 474 138 526 
4 78 685 623 46 
13 451 529 573 636 148 190 694 52 368 250 289 270 331 
20 535 333 657 112 586 115 564 96 574 738 681 623 551 136 152 63 408 666 252 307 
1 418 
1 234 
