957
0 0 1 0 1 4 5 3 3 1 8 6 4 7 0 10 2 16 1 5 20 12 3 0 10 16 14 27 12 10 3 30 23 9 5 3 31 24 31 26 21 27 35 37 4 40 20 33 29 23 41 37 3 47 9 51 51 34 11 59 48 30 25 29 17 5 16 15 9 42 63 31 19 46 66 72 39 29 43 23 55 8 38 81 19 71 59 77 80 13 35 56 3 48 56 23 83 4 67 74 22 88 88 88 60 68 63 100 57 22 101 8 88 16 92 46 69 27 100 59 98 62 103 93 85 72 23 114 14 83 69 52 100 29 14 126 8 106 82 43 34 68 103 21 6 42 60 40 0 43 36 23 112 130 74 12 112 83 56 49 0 61 90 35 67 119 157 54 3 11 44 163 51 28 91 148 111 35 106 128 40 139 98 40 19 21 25 14 59 111 68 18 69 44 143 155 40 95 116 110 48 77 64 200 176 21 61 105 47 116 9 97 10 188 26 17 166 72 141 37 191 33 157 89 125 178 73 148 116 133 3 98 33 123 37 4 52 131 34 223 163 133 20 216 13 84 184 2 24 166 250 146 66 35 233 112 63 121 34 186 23 179 201 64 79 152 253 241 165 51 106 84 104 222 228 9 62 29 197 48 158 126 198 73 124 14 104 168 224 198 116 60 121 110 270 213 69 183 231 37 198 199 34 275 61 72 28 33 145 13 117 149 67 81 58 110 294 199 216 20 61 16 237 194 126 280 159 213 148 145 158 233 304 65 283 224 120 305 24 155 75 12 195 148 256 202 296 225 73 98 120 3 40 350 161 179 249 162 308 344 298 221 112 79 64 319 219 346 346 118 76 260 50 80 4 309 107 249 364 108 331 8 31 253 223 337 292 264 190 89 188 101 347 178 214 5 66 391 360 389 203 264 218 69 395 194 112 146 220 282 193 27 185 157 138 408 108 329 189 13 101 191 72 88 143 225 68 49 22 154 236 399 226 155 314 219 402 60 378 213 30 175 135 261 1 98 70 317 7 390 413 411 179 450 325 423 276 405 242 227 151 149 291 343 161 251 82 5 78 142 411 214 130 344 33 261 274 301 76 179 309 197 38 302 275 168 223 467 261 324 369 447 257 365 79 5 193 338 95 247 284 102 17 363 289 18 246 203 53 108 233 411 332 154 486 500 513 310 6 151 507 64 356 325 180 133 339 327 385 228 478 293 495 355 30 141 436 411 34 359 222 96 377 464 409 391 413 66 295 461 333 400 416 326 125 512 75 328 320 249 320 430 371 487 445 159 285 197 0 379 164 130 534 228 375 6 29 312 92 384 433 580 421 137 325 85 4 173 507 465 315 221 323 400 416 73 374 224 104 270 361 519 523 147 480 524 77 460 457 421 425 335 596 362 76 78 544 344 389 76 205 162 587 63 101 477 67 407 365 433 380 100 375 540 595 245 545 233 45 230 151 625 238 120 337 475 49 630 276 242 524 268 596 193 381 118 191 13 635 371 96 604 538 254 406 603 240 50 504 613 584 17 510 650 616 650 432 384 124 346 119 118 200 73 628 391 629 589 517 656 549 394 570 531 395 35 31 234 638 691 665 657 568 491 52 9 194 241 624 399 70 536 88 164 187 590 583 364 549 437 35 164 213 424 192 652 123 563 302 589 10 94 225 354 134 251 388 551 678 99 276 142 668 740 613 30 352 572 603 202 84 3 105 365 243 752 678 437 241 644 390 623 659 255 552 759 39 355 237 699 699 608 41 515 64 759 571 707 310 507 270 365 583 605 522 350 756 471 525 782 97 382 543 619 228 138 117 785 227 532 557 253 657 170 642 570 94 752 467 423 483 370 424 686 490 738 212 105 524 137 790 398 726 717 332 419 796 48 66 210 575 546 585 546 595 486 273 35 228 471 593 394 789 214 739 489 454 59 79 300 813 774 308 315 67 220 44 826 179 724 377 306 367 143 775 849 592 231 215 242 526 154 624 577 691 427 135 19 783 533 734 751 881 659 804 328 755 742 858 623 105 522 460 884 41 455 352 842 538 849 222 540 365 558 209 245 726 473 387 532 569 12 765 696 54 49 75 11 607 367 807 16 209 284 463 306 232 426 265 661 588 730 319 574 112 612 636 659 878 536 110 79 783 518 178 104 711 837 569 575 397 540 351 17 839 89 577 
590
4 255 798 668 494 
12 348 64 277 920 466 511 86 491 548 945 13 279 
2 202 554 
12 361 747 327 302 124 715 588 335 444 402 616 277 
15 320 173 630 233 836 737 556 286 25 886 393 341 553 704 860 
7 773 331 756 932 676 643 461 
19 472 496 26 74 269 940 715 844 813 290 617 653 174 211 182 857 316 176 487 
11 269 35 805 349 842 841 331 315 801 520 922 
1 321 
6 888 622 809 773 27 221 
1 223 
14 311 283 337 19 740 496 147 241 724 184 778 904 368 843 
6 421 844 505 829 817 86 
14 844 904 838 478 218 418 800 639 107 178 262 596 828 345 
4 5 293 633 112 
18 273 175 28 81 329 318 518 700 873 334 218 846 587 375 616 145 383 455 
19 432 312 268 109 905 932 421 169 702 51 589 341 784 401 930 552 259 496 272 
15 84 430 377 413 70 554 809 313 462 565 751 802 848 687 741 
3 235 109 899 
1 533 
8 821 661 602 649 509 105 77 177 
18 349 904 355 230 321 936 10 495 169 613 301 341 618 179 672 264 142 841 
7 430 223 23 946 158 659 823 
7 642 564 601 445 461 214 255 
5 704 774 450 255 307 
13 837 821 816 68 238 745 684 615 948 616 161 304 849 
11 788 235 953 76 837 446 485 274 482 736 747 
12 936 427 16 53 641 602 870 32 513 125 526 840 
1 366 
17 280 411 354 84 203 277 731 187 584 144 368 442 314 916 370 136 414 
15 282 230 17 557 576 753 423 700 527 795 130 46 422 74 128 
7 909 88 576 449 101 537 884 
10 685 171 690 453 563 374 418 575 149 753 
18 775 581 121 397 570 549 145 347 81 29 105 457 598 683 236 777 807 602 
12 319 136 686 904 628 606 282 232 879 521 241 906 
9 854 200 412 765 733 692 367 567 469 
8 479 513 159 612 950 527 379 92 
15 856 757 359 544 559 946 754 494 871 266 706 443 679 459 126 
6 194 622 211 349 492 577 
10 396 582 138 223 511 567 196 591 834 747 
17 150 697 192 876 346 471 952 616 670 855 35 84 587 908 356 718 942 
20 45 378 460 159 44 344 806 476 750 75 199 40 135 494 681 30 950 183 848 765 
18 553 811 143 85 254 628 210 302 928 56 72 334 524 152 797 666 479 501 
6 547 699 741 900 273 957 
1 565 
17 915 751 786 179 861 334 831 711 819 529 301 153 8 430 75 951 914 
11 826 849 40 544 309 837 888 590 218 651 93 
5 838 212 435 294 938 
7 453 313 353 411 19 427 157 
3 287 733 724 
7 143 247 191 425 298 926 237 
19 297 640 916 191 187 729 771 591 363 775 504 618 724 380 426 827 311 288 861 
7 890 581 354 794 954 813 490 
12 178 533 779 636 918 192 661 901 247 156 593 428 
4 543 891 723 936 
16 672 485 99 107 172 888 188 832 570 81 428 815 58 201 472 586 
16 115 496 843 809 939 333 607 667 103 650 326 260 361 747 716 380 
4 278 283 284 695 
19 284 47 227 264 715 240 750 618 807 490 806 816 791 561 753 343 304 562 113 
9 560 772 251 142 654 525 786 27 286 
17 493 127 903 902 365 822 531 708 399 89 853 777 58 894 492 55 53 
20 373 349 355 191 572 490 294 467 879 847 603 403 782 876 263 32 361 150 67 641 
18 381 405 640 774 660 570 298 209 585 170 285 556 62 327 757 76 713 354 
15 382 538 208 494 774 852 540 219 147 193 496 549 515 325 329 
1 240 
17 51 548 377 669 303 110 274 79 540 223 877 814 82 686 741 544 430 
15 471 883 772 680 696 67 492 258 217 37 215 521 132 124 156 
3 890 239 397 
11 386 795 544 745 653 599 98 92 631 759 650 
17 668 800 584 711 471 718 861 677 489 354 857 520 752 326 143 954 272 
9 540 256 642 740 3 296 221 777 358 
11 167 944 686 739 86 924 63 379 356 918 270 
18 648 470 644 260 498 773 612 482 763 52 21 437 731 325 53 535 522 720 
5 803 528 154 261 274 
15 684 741 481 801 103 86 863 904 145 425 815 780 661 155 671 
14 60 366 65 903 881 272 107 102 384 243 660 344 453 799 
16 710 128 177 348 109 59 145 700 657 355 929 855 606 746 588 297 
20 635 262 516 626 276 148 400 480 863 612 642 501 176 606 532 574 700 363 758 34 
12 393 454 733 790 335 821 650 211 597 719 749 792 
10 508 707 572 581 651 706 945 351 654 472 
8 438 761 511 892 485 198 407 639 
18 423 772 584 181 328 923 681 588 197 388 903 171 152 342 255 634 271 648 
12 671 275 854 781 229 137 651 535 632 596 190 456 
11 734 264 349 448 129 934 394 484 50 947 647 
17 274 838 41 12 912 497 572 437 60 244 89 125 776 76 588 631 193 
4 872 405 827 809 
2 584 422 
1 771 
19 76 859 19 823 97 731 660 458 606 910 185 1 306 825 857 729 209 707 543 
2 194 459 
10 163 902 825 553 195 392 800 520 778 860 
1 928 
20 695 942 851 170 449 25 396 837 237 471 626 332 770 141 670 901 903 352 546 508 
10 752 12 646 145 882 380 706 130 346 317 
11 559 205 409 619 807 283 21 317 140 854 483 
8 492 768 928 550 73 469 62 700 
10 443 201 89 749 636 88 873 127 708 44 
4 251 649 299 409 
3 751 103 441 
16 684 950 681 565 51 559 461 263 895 749 544 485 229 944 711 79 
7 21 249 97 617 727 106 128 
16 540 5 371 24 31 880 855 146 427 472 846 271 473 699 721 629 
19 649 411 452 561 175 539 35 934 51 465 134 7 751 899 385 746 165 505 153 
13 595 238 672 416 489 572 239 420 716 639 311 457 385 
3 309 789 74 
20 481 233 738 316 330 176 625 449 214 710 350 488 48 533 145 507 754 833 944 170 
10 513 2 285 684 878 190 746 279 734 903 
6 82 57 154 37 215 53 
6 630 332 649 791 495 226 
10 273 195 867 446 291 568 873 253 241 79 
3 391 88 150 
4 413 273 460 701 
11 161 898 197 121 731 565 556 16 264 747 230 
14 446 131 39 441 429 222 674 513 778 3 765 659 544 392 
18 928 819 126 392 43 341 414 452 422 499 696 234 872 115 833 410 119 301 
4 338 925 546 85 
2 9 267 
5 621 126 712 165 824 
16 368 163 266 54 593 10 564 700 528 149 542 475 393 923 868 932 
7 462 659 527 116 395 191 526 
9 297 188 503 730 577 119 485 922 535 
9 604 227 328 786 875 306 957 466 493 
5 363 204 81 357 572 
4 478 751 7 866 
10 331 203 301 315 796 484 934 397 703 287 
17 268 802 157 851 242 843 606 683 99 952 620 500 445 857 483 169 850 
11 730 841 564 930 221 679 121 5 218 250 282 
4 484 357 733 60 
15 477 434 286 946 655 221 199 71 567 508 657 57 623 764 504 
9 477 676 809 216 778 631 304 399 250 
1 72 
4 556 42 883 177 
18 53 30 640 937 783 365 434 680 287 509 475 81 263 308 527 96 393 183 
5 341 418 110 262 289 
11 860 936 330 536 312 532 614 807 459 790 98 
6 536 913 687 926 956 95 
3 209 755 360 
12 248 226 733 366 348 179 213 410 82 594 737 738 
5 957 707 795 812 32 
12 895 796 797 75 81 772 357 375 251 629 106 782 
18 20 554 326 762 924 497 746 442 46 679 718 226 537 645 639 112 647 338 
19 686 853 491 852 745 940 715 762 522 756 79 698 647 547 625 99 810 47 61 
17 780 210 93 360 493 485 121 250 891 909 850 709 322 480 785 782 342 
8 506 882 674 246 421 418 555 756 
2 266 148 
5 814 563 377 217 808 
7 275 604 412 515 533 190 867 
9 369 666 191 912 903 248 586 592 190 
3 567 169 162 
16 930 839 290 398 730 297 376 708 391 61 366 583 394 482 910 407 
11 431 67 319 885 225 59 587 1 219 163 221 
1 776 
2 648 888 
5 20 799 772 241 74 
2 682 262 
19 413 414 593 169 822 183 500 803 547 886 482 499 125 184 640 182 121 555 649 
20 33 788 116 637 605 517 252 781 891 155 527 716 429 161 472 344 187 391 425 157 
17 229 91 218 579 266 575 167 652 574 152 219 228 849 666 333 552 845 
15 228 938 594 640 895 355 242 31 161 144 92 719 346 617 762 
19 502 590 376 356 172 665 479 447 261 702 3 860 316 32 353 458 808 402 728 
12 17 314 384 403 406 670 309 847 799 689 134 904 
9 94 838 233 897 498 427 463 584 213 
3 223 315 227 
3 502 147 561 
15 649 846 268 175 516 734 624 880 411 310 351 7 720 852 59 
2 939 69 
12 379 565 227 652 83 160 800 174 212 780 394 22 
13 249 401 849 628 494 460 230 402 283 333 144 412 923 
13 757 928 847 264 363 862 505 359 759 78 43 798 810 
16 32 833 902 603 895 450 696 165 270 435 874 553 541 529 43 494 
14 892 182 379 577 939 391 32 261 866 576 291 829 722 957 
17 822 660 881 444 430 288 695 773 76 232 671 821 640 125 118 292 34 
6 775 304 878 255 591 824 
15 417 539 390 47 13 590 158 872 394 768 329 192 864 718 620 
19 831 464 951 700 596 630 215 822 684 396 629 301 72 302 69 691 879 77 367 
17 283 167 736 13 888 262 230 919 245 522 334 140 462 908 586 208 528 
4 883 707 808 48 
12 547 695 507 665 892 294 795 31 19 754 791 142 
12 139 469 564 512 679 875 864 648 177 174 870 277 
4 302 656 893 424 
4 755 79 721 231 
20 465 703 852 943 810 448 836 761 193 906 671 342 142 182 114 629 950 47 10 956 
18 614 432 19 799 756 790 707 102 159 117 842 312 203 216 400 514 800 93 
15 386 308 220 164 847 355 483 909 114 310 844 511 753 748 313 
17 77 367 86 444 22 740 865 725 936 462 497 51 515 306 543 853 569 
4 125 107 587 905 
15 609 762 796 619 789 212 52 603 808 512 565 288 780 692 625 
15 599 729 88 150 107 361 675 798 543 15 597 731 45 662 21 
17 775 154 714 476 232 798 497 933 450 904 197 97 309 9 773 84 95 
9 172 342 496 329 787 616 233 101 834 
20 249 638 572 107 772 248 631 372 696 164 826 167 121 617 399 927 132 451 172 842 
18 765 218 277 792 848 914 62 118 15 826 401 511 228 805 322 346 559 233 
2 31 252 
18 516 868 88 382 220 932 849 35 898 540 550 711 594 5 147 174 271 72 
19 540 193 136 90 235 670 230 924 101 539 354 566 678 346 175 335 170 681 721 
4 519 836 812 106 
17 778 845 943 416 730 251 711 676 945 774 789 652 367 935 913 306 409 
18 834 397 803 167 194 674 316 584 293 6 742 335 646 679 635 606 766 698 
18 457 272 589 741 445 439 92 955 730 728 676 703 552 394 600 751 471 951 
14 940 912 426 616 304 593 28 585 713 844 219 97 580 282 
5 809 896 340 220 72 
12 389 183 330 932 119 43 279 527 698 528 287 891 
5 159 108 576 1 396 
16 9 822 732 481 67 342 507 504 487 535 151 318 502 814 476 840 
13 268 525 127 384 284 882 473 680 819 71 904 358 370 
4 686 220 956 165 
17 904 323 204 468 140 157 439 197 12 482 397 623 325 599 290 68 136 
13 372 472 799 864 95 480 708 104 282 701 266 303 944 
4 701 811 590 27 
14 566 184 810 699 789 43 297 187 896 949 154 98 227 948 
16 742 7 750 571 160 955 754 322 883 67 433 819 329 202 776 951 
13 913 281 151 6 523 818 938 259 205 939 532 615 252 
8 227 203 527 772 338 936 375 399 
3 877 84 422 
15 15 136 599 680 746 216 315 536 12 840 724 424 957 873 65 
14 141 855 386 881 352 806 37 374 739 60 8 424 809 844 
1 862 
14 212 406 250 654 560 874 421 499 946 568 700 103 409 495 
20 648 612 115 402 302 150 153 898 675 708 336 189 398 934 874 80 219 455 367 821 
18 775 53 252 39 368 447 822 905 840 146 259 355 759 21 180 558 191 217 
16 468 783 261 200 382 921 513 79 708 69 362 231 106 284 515 137 
12 808 271 741 192 750 101 102 807 221 383 153 918 
2 174 36 
9 415 343 609 732 305 820 574 12 138 
5 947 51 772 202 844 
20 922 865 372 592 612 197 776 562 890 743 734 848 158 684 269 670 538 320 493 634 
15 102 226 185 384 540 887 947 585 390 266 242 890 616 171 787 
3 3 275 394 
14 160 695 168 843 23 674 662 741 440 732 107 422 250 806 
17 654 788 297 480 186 939 428 802 131 626 148 660 263 87 273 650 525 
2 740 654 
17 901 482 646 222 456 53 66 621 448 221 432 477 854 697 932 89 329 
3 555 11 707 
8 291 297 706 695 726 844 394 924 
9 539 685 394 946 872 96 383 283 499 
9 891 13 671 728 809 618 496 6 281 
15 36 723 56 651 636 727 525 764 674 253 526 556 586 128 661 
16 298 721 24 215 912 649 627 893 700 349 857 901 219 218 664 780 
2 902 255 
3 934 530 253 
15 825 454 124 425 117 402 293 321 667 110 428 363 153 33 859 
11 888 22 475 575 625 238 553 450 885 187 724 
3 637 590 163 
12 143 121 584 291 426 19 374 767 132 148 681 165 
12 140 54 556 669 123 128 437 121 707 87 497 746 
2 4 684 
7 277 387 350 461 602 622 439 
14 346 529 617 593 558 147 134 244 539 577 370 854 107 594 
10 212 732 810 720 375 866 225 448 451 167 
16 572 391 734 715 182 953 5 401 813 805 935 54 788 370 426 194 
17 17 501 694 51 446 297 372 431 126 936 892 248 243 455 865 22 357 
7 662 87 592 271 760 310 804 
15 613 257 578 878 96 330 524 790 243 348 619 562 341 109 111 
8 251 390 760 464 418 114 368 850 
20 62 570 478 174 812 444 562 52 304 123 615 448 138 270 376 584 3 489 506 944 
19 622 525 364 693 278 773 254 510 743 307 189 447 895 893 671 351 916 566 834 
16 653 122 271 508 215 625 140 858 6 919 849 390 431 496 573 155 
11 923 56 231 20 343 534 833 376 229 499 38 
10 585 265 126 50 259 849 98 525 640 802 
8 947 922 126 921 349 73 639 628 
16 779 356 114 184 626 211 92 777 430 810 413 286 389 866 858 423 
12 354 843 940 357 9 459 819 588 186 511 15 744 
3 714 375 619 
4 745 141 525 609 
14 772 877 591 768 122 717 89 331 389 128 683 38 499 245 
10 24 459 360 433 854 755 853 813 245 525 
6 765 312 740 113 424 417 
1 741 
3 118 570 243 
16 339 268 69 106 546 554 287 396 789 537 820 777 817 518 590 431 
4 720 180 447 726 
20 467 683 767 776 449 332 494 91 445 851 699 931 889 63 952 213 519 909 260 629 
20 955 448 920 149 639 785 676 66 592 301 354 152 930 503 201 188 19 142 309 265 
16 384 232 191 398 548 332 895 674 491 928 278 776 884 505 618 579 
11 30 117 200 38 402 256 628 237 441 289 932 
19 361 556 329 745 533 39 97 475 765 98 577 379 48 365 363 510 909 128 562 
9 68 13 249 26 139 497 544 133 543 
10 25 397 636 722 126 149 606 99 389 367 
5 290 367 112 460 125 
11 803 602 867 647 458 222 885 408 172 43 560 
13 102 800 101 29 939 143 333 274 803 827 485 320 876 
16 788 190 823 683 880 343 71 409 348 758 706 569 313 633 320 521 
17 52 553 182 332 546 238 837 81 82 683 864 117 818 680 937 414 500 
7 444 587 646 24 790 730 940 
10 369 594 200 761 458 638 908 606 797 87 
18 528 552 198 541 519 549 509 125 115 442 499 508 478 645 404 892 611 653 
11 417 391 505 147 377 46 175 489 534 802 635 
16 568 622 317 943 247 627 868 618 751 310 260 155 921 92 538 370 
7 610 756 297 773 379 357 635 
19 628 614 370 76 849 434 764 154 213 291 176 399 613 672 835 306 565 851 867 
2 735 762 
4 697 119 384 526 
18 412 309 171 877 166 229 945 363 639 649 278 408 68 234 657 626 630 812 
11 933 166 852 940 901 328 696 747 452 118 848 
4 17 646 699 556 
19 946 813 696 629 413 262 520 19 169 22 339 779 384 73 175 260 198 64 207 
6 840 887 453 373 271 289 
5 347 782 308 51 489 
1 423 
14 123 39 100 758 569 552 274 8 530 908 258 820 658 451 
13 396 519 442 249 524 131 344 540 766 939 893 811 713 
19 472 814 215 75 144 12 688 471 946 335 258 82 552 222 193 694 363 371 830 
17 261 949 674 157 606 501 326 855 817 737 13 773 685 916 624 221 35 
20 113 724 334 527 18 849 40 893 689 65 525 431 333 379 706 428 415 543 231 240 
7 884 274 400 871 716 953 345 
4 119 255 87 120 
5 331 716 884 192 120 
12 746 494 775 24 813 505 647 405 535 290 421 32 
7 943 512 953 120 644 474 253 
2 575 392 
6 265 841 456 462 924 451 
9 124 281 521 557 885 148 591 326 323 
19 33 257 112 948 553 739 26 913 44 416 715 412 875 311 271 283 353 842 165 
5 33 289 844 139 702 
8 95 482 395 634 376 12 625 688 
8 840 798 626 787 87 107 446 572 
13 820 867 211 672 104 286 957 902 142 357 358 257 285 
12 498 40 386 504 706 699 667 444 581 727 873 47 
6 203 174 142 753 633 816 
15 854 761 462 636 667 166 563 381 114 396 355 697 394 308 918 
9 349 777 263 862 669 587 635 396 955 
13 147 955 520 634 731 560 788 517 280 171 616 320 556 
2 137 845 
10 188 731 476 262 294 699 492 297 147 764 
2 134 956 
5 348 707 303 204 11 
2 143 30 
11 617 213 644 374 918 717 40 588 923 332 33 
10 338 883 37 462 723 543 508 711 651 639 
13 560 27 163 437 2 713 481 743 67 389 390 692 645 
9 126 749 446 602 76 815 121 269 824 
9 551 910 248 619 226 87 614 372 257 
1 833 
8 482 320 804 215 332 296 620 206 
9 98 230 48 492 242 703 521 684 868 
10 534 901 210 257 22 223 908 856 867 589 
3 59 192 442 
2 115 271 
8 139 58 326 117 841 462 19 873 
3 483 929 830 
17 297 554 73 790 574 192 643 177 477 203 429 818 7 575 279 776 139 
8 362 729 818 31 387 709 223 28 
6 750 941 334 339 87 421 
18 274 294 240 348 574 185 680 633 546 415 762 901 373 448 805 684 261 88 
15 667 444 760 50 139 343 690 732 463 441 167 65 392 134 464 
7 290 130 744 21 266 952 475 
14 531 819 863 459 834 216 118 507 179 544 252 50 716 110 
18 476 211 174 66 371 269 167 176 634 813 564 369 936 448 158 321 838 309 
10 92 446 825 279 799 882 363 611 17 468 
8 675 441 404 197 739 34 80 683 
14 616 762 596 466 358 318 367 499 302 949 311 672 520 664 
19 914 679 612 714 290 630 468 566 315 136 402 649 49 606 177 406 888 85 621 
9 403 19 896 231 217 544 937 157 8 
19 643 753 658 38 666 600 713 782 887 280 720 87 170 818 842 149 583 172 465 
10 208 485 578 280 29 445 677 373 694 734 
17 443 247 557 939 346 641 395 734 514 25 185 555 280 369 286 8 276 
7 819 499 853 273 141 817 437 
6 630 539 842 790 290 627 
20 659 878 230 443 275 649 204 931 742 786 508 552 311 22 339 248 389 673 48 104 
12 882 603 536 591 572 496 884 559 228 264 416 249 
9 330 122 400 284 781 417 385 76 647 
3 74 818 503 
13 94 614 219 400 755 628 650 595 86 277 282 179 603 
17 931 241 60 469 22 844 165 285 98 475 490 540 84 65 326 454 720 
2 787 723 
14 427 369 239 123 256 643 316 270 732 98 209 79 934 107 
14 72 406 251 402 492 548 954 722 808 309 874 383 885 876 
16 361 18 264 479 84 602 241 787 523 6 39 125 937 759 940 429 
11 409 445 499 307 635 356 616 726 411 160 537 
4 751 360 147 134 
15 429 364 893 304 464 5 476 168 589 443 939 616 701 955 409 
7 534 247 333 109 131 85 223 
7 763 342 135 852 32 898 856 
20 692 938 266 409 340 732 370 251 889 469 866 681 306 113 525 761 641 91 119 226 
10 866 800 318 550 901 222 555 352 304 677 
2 941 776 
2 901 539 
3 122 54 808 
4 199 856 483 694 
18 665 358 69 625 362 31 168 559 957 648 359 807 239 147 366 22 465 127 
10 215 678 605 704 862 924 577 828 155 509 
3 729 953 111 
19 731 542 628 331 880 321 673 78 71 942 739 211 792 629 906 113 939 153 60 
13 437 425 643 686 316 871 283 873 435 197 772 767 416 
7 651 812 747 486 216 720 411 
14 547 889 817 521 173 555 277 11 842 245 247 800 652 822 
1 242 
4 950 638 592 110 
13 488 471 907 376 79 721 567 424 57 940 585 671 352 
14 912 318 200 228 133 460 183 178 192 777 760 170 809 277 
18 672 791 185 681 274 453 178 642 532 151 834 152 458 7 291 750 802 877 
13 705 810 685 225 938 187 116 730 486 828 502 508 562 
19 139 602 425 204 951 824 483 793 407 921 44 326 87 489 820 788 48 659 421 
4 212 905 837 768 
8 930 537 651 732 285 544 432 898 
7 406 45 590 947 373 689 382 
14 299 895 645 615 114 474 624 706 742 552 589 498 235 797 
5 626 351 864 377 165 
15 538 451 75 215 720 867 34 936 558 375 420 725 574 954 613 
10 588 71 955 122 54 516 275 457 616 932 
1 701 
10 426 489 866 140 390 408 652 789 788 704 
11 481 249 785 404 155 569 836 29 267 74 624 
9 658 143 44 122 860 435 584 926 70 
5 676 651 222 588 63 
5 877 433 177 535 874 
2 836 435 
10 296 788 589 196 876 193 326 88 513 606 
4 296 92 556 774 
11 643 777 137 34 875 825 579 150 26 896 555 
20 54 320 492 51 62 141 261 270 41 589 691 588 769 711 55 152 938 140 387 606 
13 762 671 244 582 137 434 351 811 750 571 65 512 502 
8 367 661 432 105 933 466 464 463 
15 433 367 171 318 835 125 801 738 292 542 199 105 856 241 80 
11 81 755 252 862 526 189 608 947 97 505 923 
12 233 692 485 426 48 166 304 498 108 945 666 585 
9 489 790 12 564 426 784 933 343 284 
13 54 163 505 210 922 485 422 817 290 651 357 903 490 
16 927 661 530 818 662 360 318 350 392 141 619 187 674 290 75 291 
1 268 
15 421 823 647 304 941 931 681 87 303 159 120 186 868 189 107 
6 82 576 196 800 390 258 
20 85 590 236 319 630 453 471 37 151 438 366 708 774 231 642 872 419 823 929 76 
3 583 189 655 
19 344 503 559 2 556 102 612 768 826 77 490 386 779 29 890 394 655 128 925 
6 293 866 348 938 886 244 
4 455 899 470 275 
20 917 942 283 261 687 338 150 388 416 487 919 454 911 698 608 469 192 5 887 286 
17 853 342 478 136 221 175 819 814 823 547 29 244 496 403 170 239 601 
2 213 362 
9 315 663 833 409 787 265 56 938 266 
7 100 928 536 949 167 622 11 
5 181 890 205 362 501 
16 929 943 917 185 718 722 536 373 193 616 275 101 209 117 400 572 
5 628 931 62 702 651 
3 106 943 69 
20 71 590 580 102 853 193 205 314 24 412 932 497 2 722 172 652 728 332 512 100 
4 438 757 704 233 
16 919 190 379 434 293 127 748 573 750 229 652 256 665 388 576 647 
12 691 630 116 210 603 331 400 933 787 861 190 165 
12 70 74 322 496 233 663 178 402 858 433 538 783 
16 504 186 50 385 309 165 415 120 803 261 193 374 901 704 475 600 
20 423 941 381 759 51 482 335 555 16 822 180 565 385 191 141 670 483 872 67 762 
16 740 146 446 591 307 706 586 884 592 294 44 253 874 118 692 174 
12 672 360 739 828 439 329 334 654 897 63 887 410 
16 876 788 358 515 195 10 739 279 617 263 243 417 588 88 388 625 
18 295 488 85 522 673 513 698 388 341 337 549 452 280 763 15 398 917 710 
11 784 381 4 922 367 475 780 187 955 781 788 
14 578 86 617 231 486 22 800 753 569 625 326 78 685 64 
9 818 834 144 877 782 539 152 123 276 
15 104 634 564 115 18 542 349 49 501 653 343 641 306 178 390 
17 502 45 63 90 187 337 150 706 553 336 373 99 50 934 795 224 152 
10 235 192 765 186 530 479 543 537 646 483 
18 87 452 370 815 347 763 255 590 832 367 369 925 161 946 680 86 871 315 
9 155 276 737 333 114 771 724 482 672 
17 133 355 14 646 42 697 269 235 139 189 413 446 943 546 668 873 170 
16 481 800 760 610 360 545 68 685 95 266 658 529 710 703 355 219 
9 638 632 545 194 96 845 656 40 298 
4 259 741 951 477 
12 538 291 135 687 628 336 232 160 684 320 489 313 
5 73 419 863 691 167 
19 952 7 77 695 790 789 368 738 905 544 86 537 575 81 376 604 358 300 822 
18 783 701 15 359 289 554 802 791 39 471 549 90 300 483 189 87 648 466 
18 224 114 642 158 168 717 171 821 330 159 592 531 193 932 120 780 421 700 
4 780 97 781 108 
6 849 433 630 275 759 945 
1 600 
11 191 176 132 42 142 516 361 749 561 601 396 
11 540 319 337 328 635 44 783 696 203 269 431 
20 318 689 624 41 551 575 750 942 653 240 709 3 162 741 679 710 719 681 792 796 
6 725 113 728 229 676 349 
6 521 293 244 423 618 188 
11 916 35 754 415 920 134 79 427 621 637 666 
9 671 640 621 817 81 888 571 895 299 
8 183 630 815 406 842 251 772 941 
15 811 347 440 225 635 260 98 400 652 698 496 477 745 562 663 
19 277 57 205 440 345 532 899 379 40 294 702 295 237 549 651 410 957 278 428 
13 916 257 645 441 109 818 872 353 44 115 761 659 601 
15 58 406 214 669 763 505 163 308 510 353 299 504 73 921 651 
4 768 22 229 270 
9 19 573 954 464 405 854 300 698 356 
11 640 81 132 469 176 482 896 857 622 333 317 
12 236 142 797 678 694 75 830 807 911 227 303 307 
18 634 646 411 355 806 5 203 468 684 721 189 305 117 817 882 879 574 284 
8 261 662 716 914 176 148 770 844 
14 660 587 836 552 877 424 17 952 165 108 821 83 644 622 
10 346 587 252 27 77 942 241 522 589 376 
12 930 480 216 581 784 412 378 718 138 868 736 219 
14 644 177 271 149 818 76 773 629 903 782 233 421 391 186 
12 326 896 41 273 932 647 507 199 788 553 329 645 
14 101 315 612 912 444 540 779 170 312 769 17 642 56 364 
12 566 221 161 403 39 463 939 528 533 929 393 953 
11 947 798 287 657 682 104 789 297 436 945 761 
15 744 77 495 743 205 883 149 179 582 336 945 41 473 397 935 
16 170 23 38 636 274 210 345 45 350 751 788 286 791 330 782 665 
15 850 691 194 63 226 604 372 324 683 120 332 341 574 729 533 
18 702 45 652 36 384 570 333 59 793 848 237 751 618 633 377 300 584 88 
8 428 812 856 159 249 279 549 535 
14 620 541 270 1 888 84 383 153 216 645 379 347 155 107 
15 548 240 504 65 298 329 224 737 713 475 688 90 12 16 587 
7 600 746 288 74 266 372 843 
5 390 804 270 387 794 
15 706 208 490 668 587 86 111 621 633 838 431 257 362 112 645 
3 811 249 277 
18 933 584 67 440 246 88 612 648 899 344 620 259 925 47 790 75 551 698 
11 809 509 86 464 325 84 94 629 147 67 862 
15 509 74 788 655 225 508 690 546 124 55 140 296 866 792 459 
1 606 
19 928 246 749 420 860 396 118 409 627 439 827 277 538 432 875 877 427 38 866 
5 275 420 157 485 728 
20 505 875 739 786 626 947 318 432 654 589 863 257 177 702 303 920 382 31 674 236 
13 642 904 903 596 248 97 737 747 615 170 293 893 702 
1 280 
6 276 210 87 681 858 946 
5 286 665 788 84 580 
13 426 495 521 198 216 841 450 948 189 42 8 385 200 
2 201 699 
10 464 228 59 813 633 330 799 371 286 485 
4 651 942 180 955 
1 582 
19 383 137 558 117 222 244 949 829 2 238 64 288 579 751 744 530 188 926 836 
3 498 726 718 
11 23 948 820 89 167 446 744 346 247 391 673 
14 367 92 391 850 813 354 478 38 184 70 589 376 421 441 
9 782 651 153 216 618 635 516 574 312 
11 195 119 243 30 45 391 111 280 911 823 730 
8 568 418 721 136 38 461 232 578 
14 245 196 306 339 955 767 358 544 243 702 402 937 101 860 
9 609 870 173 933 928 43 123 637 77 
19 463 732 766 395 700 378 337 232 322 586 288 770 433 394 101 129 47 283 742 
10 496 256 487 844 779 307 468 37 690 16 
10 791 346 109 37 541 104 424 646 691 737 
8 251 372 550 940 719 597 155 38 
8 40 315 293 53 550 580 43 17 
2 955 55 
6 487 816 91 941 118 362 
1 112 
3 705 725 909 
20 695 479 794 489 505 283 302 492 628 555 292 589 3 415 953 527 553 82 28 755 
13 561 772 572 697 895 293 935 590 14 183 592 683 86 
16 716 599 373 637 836 682 301 869 537 899 946 844 947 187 874 202 
19 642 371 474 331 925 17 211 204 926 147 594 109 42 638 709 723 61 134 275 
7 248 218 488 812 132 508 399 
10 616 115 365 603 5 129 201 334 325 31 
12 328 276 393 537 60 568 507 583 829 936 221 118 
14 108 190 28 749 278 12 469 376 794 436 570 186 205 49 
18 866 236 506 575 181 10 381 577 720 321 385 810 731 941 476 429 604 386 
5 421 609 596 797 73 
18 295 587 595 669 350 352 47 213 744 10 296 86 360 732 716 687 574 249 
5 199 398 263 48 51 
5 415 696 683 465 496 
2 207 463 
14 450 128 725 550 293 754 516 842 13 234 237 529 319 695 
13 789 301 648 81 75 854 742 611 102 8 343 499 791 
12 929 238 364 841 48 515 324 832 35 956 52 349 
10 417 672 491 566 717 246 466 468 97 335 
15 448 537 442 40 373 750 794 941 482 697 186 956 948 858 194 
5 41 590 520 271 448 
17 9 479 571 759 899 379 739 124 380 749 128 902 167 61 392 656 146 
9 877 371 21 657 510 899 272 231 415 
13 275 768 619 371 932 302 906 696 97 288 89 433 208 
18 104 216 817 547 603 876 792 883 725 460 180 133 289 727 192 371 59 112 
11 377 831 361 393 203 20 726 207 397 873 759 
4 108 325 748 7 
5 520 146 523 552 106 
16 792 343 15 593 762 452 190 97 401 512 826 567 577 469 374 4 
6 441 494 129 750 899 702 
4 901 695 328 610 
12 337 788 253 390 236 133 185 47 376 936 415 39 
11 734 21 469 261 115 404 74 188 279 733 43 
2 265 137 
3 718 535 207 
18 415 888 247 878 312 449 458 311 124 169 916 403 299 159 629 560 760 905 
7 301 34 640 230 89 418 107 
11 175 323 739 463 803 827 883 49 530 814 838 
4 835 789 413 829 
17 280 102 263 606 487 575 811 333 752 64 274 771 341 816 100 891 399 
20 848 508 3 735 829 169 182 775 469 349 342 257 511 532 306 560 209 955 678 577 
20 882 946 920 706 290 639 416 232 624 664 678 734 330 169 744 142 603 228 631 287 
9 899 883 612 858 95 79 752 639 541 
17 423 564 712 458 915 604 160 638 207 247 263 700 580 42 805 290 21 
3 327 312 134 
17 608 828 620 77 447 211 270 455 537 375 632 306 846 675 105 204 231 
3 270 120 755 
17 531 127 722 473 795 67 87 421 260 290 459 169 688 492 923 736 215 
20 219 732 198 484 159 599 397 472 425 545 642 296 895 902 470 721 223 427 370 810 
19 806 539 887 657 890 598 865 624 732 831 107 65 344 937 562 382 683 862 815 
5 492 121 675 644 926 
3 914 550 610 
14 110 828 328 113 138 142 548 337 879 640 793 107 889 904 
