166
0 0 1 3 1 5 3 4 0 9 10 9 2 9 12 0 4 12 4 13 12 2 22 2 19 10 19 20 16 22 3 12 15 26 22 19 11 17 9 34 8 17 38 19 31 43 22 21 18 47 36 20 46 20 22 13 32 47 57 53 56 46 35 53 34 33 30 44 55 30 69 40 54 0 65 74 38 35 67 40 49 69 19 50 58 5 26 61 77 82 14 52 53 56 4 46 54 11 89 40 3 2 70 53 54 92 100 65 35 52 32 90 20 107 61 105 78 6 28 119 107 60 112 28 35 117 44 15 87 59 5 117 34 128 130 21 132 128 64 139 97 127 124 35 62 126 126 93 106 26 32 31 133 113 92 104 77 138 131 23 52 113 121 55 87 23 
494
7 102 60 158 163 29 62 38 
17 33 97 47 166 156 12 131 160 121 109 112 54 94 46 158 157 41 
16 78 152 133 131 166 96 114 77 132 36 92 39 104 120 76 88 
8 65 84 93 106 142 117 54 94 
10 57 69 17 30 47 26 107 67 28 130 
4 7 125 29 19 
5 12 22 158 150 132 
18 35 56 163 6 8 79 92 147 115 33 107 20 73 87 38 159 96 158 
2 62 125 
10 11 72 47 158 57 56 8 55 142 63 
7 110 69 95 76 71 135 50 
10 122 69 68 116 106 130 124 12 144 105 
1 149 
12 57 96 148 147 119 52 6 47 83 87 56 71 
2 3 108 
13 34 165 28 148 151 110 112 59 85 3 41 128 156 
13 53 7 88 135 29 137 163 120 81 107 165 24 12 
2 126 101 
5 115 59 2 63 48 
19 2 83 33 40 78 165 160 67 38 59 89 113 161 73 46 162 143 155 18 
16 2 10 157 88 123 7 108 53 155 162 22 126 61 86 27 36 
2 28 78 
11 89 22 10 107 144 58 63 36 114 117 113 
3 97 68 161 
8 26 146 12 145 113 121 156 144 
13 10 46 59 102 9 48 120 15 160 141 153 93 45 
7 160 99 17 155 36 98 77 
15 27 148 142 112 129 62 77 18 150 20 117 100 89 130 151 
16 166 80 92 120 78 115 14 62 72 124 79 131 97 66 77 71 
11 101 1 158 68 39 122 14 18 44 6 160 
8 89 3 8 74 23 142 130 57 
17 56 131 31 17 59 109 5 35 71 52 82 40 97 16 3 140 68 
3 55 149 133 
7 51 99 17 31 49 145 105 
11 7 10 60 162 24 48 130 74 85 68 37 
13 132 31 21 6 38 141 150 26 8 113 2 68 41 
15 30 145 106 14 60 113 82 10 160 117 7 107 88 87 132 
7 57 70 128 138 29 23 75 
14 74 6 155 28 45 111 41 95 159 1 120 47 114 32 
19 86 94 142 27 32 37 19 81 143 163 123 149 8 5 65 30 101 127 75 
9 163 141 114 127 44 51 152 23 80 
7 127 88 98 32 96 69 78 
13 157 160 53 152 122 153 56 17 111 103 109 48 105 
17 141 156 51 128 48 131 144 21 152 121 13 130 55 15 10 67 83 
11 106 95 107 1 60 3 69 8 118 63 51 
16 142 45 115 65 78 144 125 66 17 97 25 131 54 106 136 83 
12 92 80 69 119 161 103 58 57 112 165 4 74 
15 4 133 59 122 129 131 81 41 77 135 128 109 56 27 86 
12 91 15 8 128 124 157 7 116 68 71 16 24 
17 161 156 141 114 52 101 130 59 147 71 8 118 76 98 55 23 100 
14 66 99 74 117 43 100 101 61 122 19 53 57 13 15 
6 22 162 134 26 35 65 
12 134 131 9 91 64 6 157 66 150 70 49 57 
13 85 131 29 160 159 162 129 125 37 31 113 10 130 
2 68 40 
19 109 103 115 146 155 29 88 99 2 70 122 36 147 138 15 43 79 165 10 
9 45 54 38 124 60 7 69 18 57 
4 53 5 87 111 
10 114 160 87 88 157 79 96 3 27 165 
14 141 138 125 58 71 66 133 166 75 131 119 122 143 126 
10 8 3 87 52 78 71 104 140 56 40 
19 107 129 42 29 159 69 140 25 105 80 110 146 6 136 24 23 135 128 101 
1 28 
20 158 145 5 129 89 123 52 115 78 139 119 112 58 24 55 1 59 76 25 137 
1 143 
20 29 140 120 104 96 47 83 106 52 25 60 154 61 6 17 80 38 156 89 76 
1 117 
6 98 104 88 20 84 73 
7 68 49 137 36 83 100 108 
12 127 161 49 79 54 57 32 84 15 46 152 103 
10 156 121 21 151 11 2 41 67 48 152 
9 104 72 141 79 65 92 94 138 130 
16 46 18 113 82 85 142 23 53 27 124 38 13 165 105 80 8 
15 89 73 120 166 148 79 18 10 131 108 123 30 137 121 4 
7 100 135 45 101 75 1 116 
9 8 22 18 2 81 165 9 110 104 
3 16 105 46 
15 103 131 4 55 162 29 84 88 113 30 126 58 95 108 6 
9 147 143 115 118 109 66 68 50 102 
16 106 10 25 60 113 3 84 63 71 17 98 107 154 59 133 109 
4 42 148 14 86 
5 105 91 81 148 129 
19 63 149 40 119 161 108 91 142 126 115 90 42 18 121 145 21 107 38 86 
4 93 102 36 142 
4 85 122 71 40 
20 39 91 86 61 133 111 66 147 119 16 100 9 110 67 59 14 94 11 77 120 
9 132 139 146 11 59 64 164 51 140 
7 80 50 45 32 31 101 163 
10 16 1 159 165 46 140 66 158 74 52 
16 21 133 38 48 9 114 17 23 56 137 7 60 138 96 53 83 
16 6 150 35 120 56 92 135 142 67 121 125 15 21 2 22 140 
8 98 31 99 147 83 81 141 107 
13 67 27 5 79 155 46 6 52 164 55 123 130 56 
20 121 58 22 98 78 133 61 84 16 68 136 11 60 46 124 32 14 12 35 95 
1 133 
18 160 148 158 91 120 157 84 5 13 4 104 141 164 92 78 39 87 161 
2 70 88 
8 64 56 137 135 107 46 151 40 
17 128 63 54 103 112 9 141 161 81 129 84 11 113 58 56 35 159 
9 155 10 96 94 144 131 99 28 117 
2 145 34 
15 31 82 119 85 130 16 80 83 36 26 104 37 145 96 56 
19 136 109 19 122 108 48 117 13 73 148 24 160 161 43 34 128 154 126 165 
9 28 125 151 69 95 157 75 2 80 
12 27 105 104 109 90 19 75 82 135 54 73 61 
8 72 14 80 105 41 29 139 155 
8 114 41 2 105 63 147 55 13 
4 123 142 100 82 
18 146 56 87 3 116 55 38 161 140 40 47 102 15 74 156 5 63 113 
9 57 154 101 152 56 33 8 28 117 
2 36 45 
12 72 120 128 52 80 60 160 67 124 37 78 106 
11 123 51 69 34 143 120 24 16 61 71 1 
4 143 157 163 86 
12 150 139 110 115 134 88 66 83 6 162 75 55 
5 119 92 85 166 57 
10 126 54 55 59 19 152 106 98 116 57 
2 30 19 
16 101 164 107 70 127 132 102 97 14 155 117 157 72 27 65 88 
8 106 151 1 7 143 57 51 32 
12 81 115 154 20 37 63 6 159 56 158 87 142 
8 78 97 101 128 95 37 114 141 
16 9 140 59 15 161 93 11 39 119 71 96 135 28 124 115 123 
11 91 120 121 132 87 88 85 148 90 20 42 
2 120 29 
11 147 97 99 39 149 20 104 59 30 113 121 
19 19 103 32 118 41 53 106 95 62 129 165 86 133 31 144 51 68 1 70 
5 72 166 7 73 111 
20 94 109 73 33 106 37 149 154 117 76 134 42 111 8 63 66 64 57 120 70 
18 41 24 156 50 81 15 21 106 68 20 126 97 94 34 102 49 46 161 
6 106 163 153 98 139 4 
9 155 18 111 37 42 108 41 57 79 
13 77 132 104 57 39 85 65 86 16 94 18 56 5 
11 11 9 58 163 108 18 140 5 127 116 121 
14 74 157 47 137 97 43 115 166 61 103 29 81 99 148 
16 16 10 119 1 107 29 38 110 138 93 127 4 114 133 23 65 
19 121 53 81 144 25 94 60 73 5 152 64 2 38 112 153 39 75 92 145 
14 161 105 148 31 48 44 126 74 19 130 154 24 55 141 
14 9 21 62 63 166 14 3 49 83 136 141 108 58 112 
11 96 8 128 31 137 80 70 138 40 30 32 
13 34 47 55 86 132 33 94 79 29 85 74 70 39 
17 141 86 60 160 51 6 116 165 58 76 143 92 38 43 53 133 110 
12 22 5 94 162 135 54 48 56 25 120 113 114 
4 152 74 137 140 
18 11 58 157 116 89 57 52 126 112 123 106 93 59 54 29 86 114 65 
10 2 113 8 64 139 37 105 114 88 160 
9 122 63 36 76 83 10 150 16 17 
7 2 140 14 101 84 145 18 
18 51 7 153 100 124 84 86 157 20 108 125 65 19 57 78 149 74 48 
11 49 161 72 68 120 157 73 25 71 149 33 
4 6 122 20 96 
10 86 121 15 30 114 38 91 98 62 154 
12 83 12 106 139 119 155 99 25 87 67 135 145 
8 160 129 60 2 121 3 132 109 
17 134 135 112 119 150 157 18 117 79 2 139 74 65 22 138 3 94 
2 60 79 
1 115 
9 74 68 148 137 124 57 13 158 153 
3 55 44 119 
14 61 57 50 98 65 166 157 7 40 29 129 22 85 155 
4 20 28 94 73 
13 18 16 149 45 33 107 151 35 159 109 19 73 57 
1 98 
13 101 123 60 160 79 43 93 11 120 165 6 3 37 
5 86 77 78 111 61 
4 130 46 93 108 
14 88 158 112 75 157 57 146 149 10 144 17 72 84 43 
7 64 48 88 73 84 81 29 
12 29 86 2 13 81 90 68 50 40 119 80 128 
17 106 1 142 94 21 72 87 71 11 26 29 56 51 133 54 67 31 
12 117 137 51 19 119 44 147 156 125 5 31 153 
3 56 147 111 
3 9 144 119 
2 14 127 
12 135 10 106 15 89 156 98 64 132 35 91 90 
14 119 161 44 86 108 95 121 113 24 100 45 18 17 70 
18 41 133 38 106 77 105 43 164 60 123 113 18 64 81 116 32 114 8 
11 114 105 150 97 60 38 22 144 119 158 9 
1 29 
11 62 151 64 116 117 114 78 131 91 111 50 
3 78 154 29 
1 24 
17 97 4 72 71 36 150 154 164 87 59 83 67 108 92 120 60 11 
4 106 45 140 162 
1 146 
15 18 161 64 147 31 115 78 136 103 121 71 104 125 162 61 
5 65 80 101 72 125 
6 79 102 158 91 3 38 
5 28 44 132 68 46 
10 95 67 18 44 65 83 10 21 151 163 
13 52 3 99 2 111 57 147 95 72 30 131 117 66 
14 146 66 54 137 9 150 77 162 120 96 86 33 51 75 
1 150 
4 82 28 51 85 
2 160 165 
13 123 104 94 14 127 64 68 61 93 157 134 120 63 
15 43 139 33 18 54 11 76 79 85 147 93 108 114 86 131 
2 63 28 
11 32 131 109 31 62 117 20 56 99 59 88 
10 66 92 7 89 71 127 163 101 111 54 
10 36 110 43 1 141 97 22 23 108 80 
1 23 
4 91 76 162 157 
4 91 121 106 135 
15 145 45 8 134 144 70 153 166 84 9 108 112 146 64 25 
10 38 6 87 11 100 30 119 44 84 13 
10 43 71 4 109 55 40 108 112 144 162 
6 95 76 143 28 88 62 
19 114 155 92 141 56 108 144 75 126 162 130 57 84 65 94 53 111 95 107 
14 25 129 78 106 26 39 156 81 52 22 53 154 9 11 
2 135 85 
7 89 140 30 131 133 135 4 
9 82 132 109 1 62 154 3 69 32 
18 153 76 110 118 105 55 29 90 32 103 164 73 74 152 14 43 100 3 
2 72 122 
3 80 138 29 
4 6 61 20 129 
19 115 140 116 154 52 160 4 123 131 6 31 36 113 147 138 28 81 47 74 
1 8 
3 101 145 96 
1 6 
16 66 114 23 105 118 104 125 8 22 132 147 86 1 85 29 141 
17 10 37 9 134 143 16 166 142 77 34 78 63 26 113 104 92 164 
3 152 49 123 
1 17 
10 51 56 86 158 84 112 14 34 145 139 
6 9 57 118 101 60 146 
2 5 18 
6 149 127 94 82 66 137 
12 146 93 138 166 25 18 88 82 119 159 34 44 
20 166 98 46 6 38 11 154 68 127 155 24 9 48 57 51 161 44 123 76 146 
17 34 14 159 67 79 21 64 2 31 129 33 29 8 53 22 151 150 
15 20 8 35 140 28 163 111 16 107 88 144 102 2 63 12 
4 33 10 123 111 
13 156 127 144 57 70 45 7 30 124 54 114 25 26 
4 111 123 50 138 
15 123 103 121 162 122 166 55 75 28 23 154 100 158 16 87 
13 144 81 79 2 136 15 90 13 43 123 49 165 153 
6 24 102 148 12 147 36 
10 60 62 120 164 158 77 44 34 48 69 
14 153 56 7 155 138 132 44 151 40 47 23 94 61 1 
9 5 147 34 110 84 92 78 94 117 
11 7 136 126 70 150 140 42 102 61 129 36 
6 96 100 62 10 117 128 
5 91 157 73 10 163 
16 12 139 106 35 97 43 117 142 47 84 128 161 124 86 162 144 
10 9 136 146 160 147 34 5 73 142 92 
16 83 47 20 145 87 108 92 146 158 39 41 163 143 123 149 101 
9 144 3 87 123 70 19 80 133 140 
8 8 132 105 93 135 2 39 65 
7 132 92 103 70 24 4 42 
2 38 101 
11 138 91 120 9 161 12 152 73 114 20 44 
5 3 16 30 121 94 
16 86 77 18 135 25 38 73 35 12 120 3 21 68 58 136 15 
2 108 163 
4 32 12 154 114 
4 83 46 156 39 
17 4 28 67 145 37 123 157 33 110 22 23 99 111 143 114 141 160 
7 136 130 47 3 109 72 106 
18 86 70 49 83 92 119 133 146 134 69 129 32 108 71 105 161 66 141 
3 48 163 61 
7 68 133 85 76 80 7 23 
15 46 16 151 90 143 11 129 60 33 41 84 59 23 63 119 
6 19 54 114 28 67 53 
11 105 21 22 73 139 146 79 8 152 72 150 
2 144 51 
6 124 47 107 19 150 97 
1 110 
11 141 140 129 146 58 9 73 47 145 14 158 
15 4 17 22 136 5 16 73 163 113 98 131 69 140 37 71 
6 11 61 151 46 4 71 
9 126 124 65 123 129 49 84 155 130 
17 166 50 83 62 3 2 22 123 12 15 109 1 124 66 58 13 143 
4 72 95 113 107 
12 40 78 17 100 138 161 52 163 58 10 87 48 
12 69 129 137 40 109 66 121 91 162 23 112 138 
13 163 126 52 85 39 76 164 8 53 67 23 42 113 
14 47 166 14 28 136 145 156 88 25 138 106 64 19 92 
12 131 145 108 146 94 160 53 88 24 106 110 50 
6 17 81 22 15 88 74 
9 76 26 29 113 150 138 14 24 98 
5 54 15 104 130 44 
13 101 52 47 93 142 95 123 138 121 133 35 14 166 
9 15 104 60 64 139 107 48 39 129 
8 72 156 28 75 8 126 110 138 
2 77 114 
20 164 50 135 156 75 155 62 126 25 162 19 127 73 87 68 6 56 118 159 33 
10 14 121 86 159 104 154 88 94 69 120 
8 32 163 96 54 144 12 10 1 
7 117 120 105 148 60 25 8 
9 135 84 31 150 12 82 7 147 93 
19 94 137 50 25 162 46 121 5 128 84 72 63 99 53 117 4 27 82 120 
8 22 108 88 18 58 124 163 10 
15 151 17 32 23 62 158 1 104 107 82 24 89 164 53 34 
9 3 158 66 46 89 162 20 76 122 
6 110 72 88 139 164 38 
5 105 119 166 118 160 
15 47 105 137 85 129 71 82 25 144 141 79 60 101 21 158 
1 166 
12 54 21 112 80 132 140 2 119 93 19 72 84 
15 88 84 5 161 96 11 21 91 85 117 121 59 92 67 154 
15 148 14 78 21 59 41 76 92 146 80 32 130 48 28 64 
1 84 
3 98 151 31 
11 61 146 25 17 62 164 143 80 90 12 65 
1 34 
2 77 150 
12 125 121 21 142 165 145 135 66 20 96 108 123 
19 117 38 31 58 162 106 33 26 145 12 59 40 104 155 143 126 144 112 47 
1 10 
8 1 59 126 128 151 136 22 67 
3 24 115 121 
4 97 57 147 22 
1 69 
3 73 31 95 
12 72 93 83 113 131 57 88 35 99 10 63 156 
12 129 166 133 60 107 146 18 82 132 85 157 47 
7 164 138 97 109 113 5 30 
9 114 25 81 112 66 100 79 14 51 
4 66 128 51 145 
19 48 65 153 64 77 159 52 94 57 4 87 146 125 131 16 145 138 34 103 
8 69 105 18 5 137 44 41 112 
4 30 56 88 112 
11 55 86 42 37 45 136 92 89 153 93 83 
16 122 92 26 93 96 156 82 94 145 35 68 127 101 114 125 118 
5 165 100 24 131 22 
7 30 7 74 143 23 46 127 
5 149 36 166 70 2 
4 124 47 65 75 
14 153 14 102 161 99 80 45 29 30 16 104 67 120 7 
16 39 90 103 126 11 2 134 116 7 125 104 130 28 63 161 102 
4 48 65 69 131 
16 43 62 14 132 136 93 15 76 125 154 64 8 102 151 61 41 
16 121 81 153 105 166 57 79 69 83 62 42 66 37 131 123 22 
16 102 112 10 116 19 166 98 74 107 33 68 47 37 43 153 25 
17 138 164 8 33 79 81 86 143 141 37 35 30 154 69 73 94 140 
19 100 111 109 37 137 42 20 40 153 127 108 10 71 93 9 66 32 128 36 
4 46 133 67 81 
8 67 60 6 94 108 26 43 65 
18 116 92 34 153 62 91 102 139 40 106 104 10 101 49 74 135 82 80 
4 104 82 39 2 
15 30 37 55 54 123 144 62 18 72 50 119 76 129 161 135 
10 155 25 166 113 39 105 114 160 139 40 
1 52 
19 18 113 112 111 123 136 166 76 19 42 32 78 105 25 68 96 38 147 45 
13 123 69 95 57 139 102 87 71 45 162 41 122 8 
14 58 13 161 127 99 126 152 111 96 76 83 56 150 129 
8 121 63 54 81 59 61 85 86 
14 7 62 87 22 6 136 71 125 135 24 98 165 114 149 
2 9 49 
1 79 
15 114 86 66 112 65 84 115 24 62 10 14 25 136 126 30 
7 51 32 99 71 23 50 95 
7 101 59 63 126 148 42 115 
14 102 11 46 105 112 124 59 111 129 146 106 67 137 123 
15 16 165 54 153 73 131 91 161 143 80 59 117 81 20 106 
17 54 97 75 160 166 85 8 27 136 22 115 65 40 102 12 143 151 
14 9 134 83 97 82 33 54 131 93 56 165 75 139 149 
10 26 96 54 165 112 29 45 143 70 129 
10 97 13 118 47 155 26 19 40 90 77 
6 6 54 42 15 145 141 
17 113 117 100 107 114 92 91 48 60 51 70 44 49 78 36 166 71 
2 46 37 
20 164 113 89 49 101 69 44 75 162 18 90 110 32 66 56 136 161 51 145 26 
10 151 20 105 95 109 38 148 113 13 164 
11 42 63 160 61 17 44 97 103 154 144 139 
13 6 41 62 91 131 19 96 120 45 119 29 40 111 
4 129 154 131 132 
10 13 73 117 27 88 71 44 63 137 32 
17 26 85 43 140 4 47 45 49 100 83 60 41 157 38 139 66 148 
1 140 
5 130 7 50 122 73 
7 2 151 69 54 117 84 113 
16 155 40 60 81 103 166 165 9 116 147 139 67 61 6 136 158 
8 73 134 60 24 110 107 94 139 
14 45 30 130 11 109 38 121 5 155 24 82 23 122 113 
18 74 160 56 105 85 22 130 138 90 46 54 9 116 50 93 51 122 153 
10 96 109 46 89 49 38 154 103 119 153 
7 116 165 33 28 11 51 140 
17 140 17 56 85 7 115 117 94 12 120 67 38 74 149 9 159 118 
4 121 89 146 84 
4 95 78 140 86 
12 57 142 2 41 77 33 20 58 72 88 119 73 
4 47 92 48 104 
18 114 74 130 98 121 75 116 45 127 63 25 90 5 47 157 142 83 82 
19 50 51 22 131 141 27 157 15 114 34 125 110 70 146 49 143 133 127 63 
9 99 54 100 87 166 141 116 26 66 
5 148 152 133 58 78 
7 53 84 57 144 132 92 55 
2 164 51 
10 11 94 26 30 73 85 161 35 39 45 
10 77 156 147 116 4 79 35 134 38 114 
2 55 103 
3 7 63 95 
7 95 29 80 153 161 155 87 
6 32 108 25 48 155 102 
1 25 
11 45 8 108 84 56 82 22 81 131 49 154 
13 44 96 46 33 1 107 111 87 59 3 30 160 31 
9 37 150 95 116 88 45 86 68 134 
3 20 96 127 
5 122 145 165 52 108 
4 81 59 3 146 
18 98 72 110 134 102 43 65 33 68 166 153 94 95 163 39 141 133 1 
16 22 51 32 136 86 166 125 11 115 127 33 10 59 54 5 152 
11 154 81 70 145 48 54 152 38 118 23 129 
6 32 72 148 89 47 24 
15 85 14 113 131 123 76 61 102 66 149 48 47 89 13 1 
12 52 165 45 56 95 143 77 108 139 12 6 65 
7 48 27 157 17 18 41 113 
6 136 24 55 121 97 88 
14 85 2 100 123 143 151 38 44 154 67 8 23 51 15 
2 138 129 
5 62 146 54 88 52 
18 5 83 6 85 48 77 99 40 41 91 117 161 19 95 36 80 160 84 
12 160 151 61 27 164 146 135 123 88 161 159 103 
1 49 
11 52 72 121 91 133 122 131 104 32 17 53 
12 112 66 26 24 108 95 117 106 70 94 125 25 
7 102 166 45 34 149 42 5 
6 87 10 45 140 15 108 
16 119 64 43 122 139 150 109 32 123 141 71 47 87 83 159 27 
12 53 119 158 61 60 132 23 105 152 67 110 37 
11 69 73 153 93 122 65 63 135 88 148 78 
11 142 111 153 48 26 69 134 29 94 126 54 
19 5 64 46 74 133 53 149 37 76 159 63 72 118 111 17 114 67 130 20 
15 22 27 146 152 116 139 105 16 159 74 118 34 144 77 19 
14 15 61 122 43 153 148 88 36 6 40 140 17 160 146 
18 164 34 118 139 15 54 57 116 136 40 41 166 51 90 25 49 162 144 
7 153 109 133 136 29 131 57 
12 43 152 73 84 2 24 76 15 28 13 114 135 
11 117 115 58 161 52 62 96 128 149 92 131 
2 53 10 
8 15 58 135 141 96 125 57 74 
12 26 123 107 95 143 46 32 153 39 16 28 142 
10 33 138 107 68 52 135 82 84 20 121 
16 24 68 125 18 92 27 164 161 153 163 23 95 64 114 39 57 
13 90 40 94 65 127 108 166 49 104 115 114 130 98 
5 104 64 3 25 20 
10 147 4 144 82 117 149 128 62 84 146 
10 32 39 166 96 52 1 50 120 144 98 
11 84 117 133 47 54 83 131 76 4 111 123 
16 161 101 48 138 140 85 87 133 58 158 82 51 61 53 79 45 
15 155 16 79 76 153 43 12 2 15 166 70 67 5 3 49 
3 57 163 129 
16 44 56 77 40 87 119 156 161 152 45 27 16 164 18 104 106 
7 69 72 141 6 87 2 18 
7 83 149 113 52 45 126 93 
13 6 132 78 138 162 67 105 53 39 165 64 84 1 
9 144 77 141 54 111 127 22 6 117 
18 94 136 20 83 132 73 151 17 43 88 120 51 162 26 139 109 97 72 
7 153 4 69 42 21 131 65 
17 23 19 133 18 106 147 35 55 61 53 1 89 124 5 161 77 50 
14 105 153 29 15 22 46 82 77 103 107 146 6 20 131 
7 133 160 105 27 137 108 55 
6 22 83 62 97 92 81 
7 19 56 14 83 108 42 67 
15 127 163 122 134 145 1 154 3 21 112 152 66 17 29 116 
7 100 17 49 128 35 55 154 
16 59 116 32 47 152 27 39 111 9 46 34 22 87 115 156 36 
16 61 157 20 63 33 36 29 97 149 144 31 86 129 45 13 21 
19 5 19 133 24 52 119 17 75 84 131 49 4 140 68 67 113 125 28 145 
15 148 141 107 3 16 56 116 34 39 138 53 156 110 85 118 
4 27 18 151 129 
13 88 141 23 165 149 45 94 111 82 125 150 99 22 
20 103 124 55 77 73 123 41 17 20 8 28 63 24 125 132 126 159 91 164 89 
5 126 143 58 122 162 
1 62 
13 92 135 139 6 121 155 58 77 126 74 86 111 16 
15 115 104 8 62 84 34 86 119 91 127 158 65 153 136 11 
1 105 
5 7 9 146 28 23 
1 45 
8 158 82 70 88 89 43 14 159 
14 34 55 100 11 143 75 99 78 160 48 33 122 29 147 
7 164 80 71 101 120 67 73 
7 54 124 101 97 70 84 87 
10 164 62 108 16 58 131 39 2 67 111 
14 95 145 122 6 53 126 157 31 139 156 2 42 22 56 
8 45 156 118 99 91 61 53 2 
16 35 153 138 92 26 17 42 156 116 4 163 29 5 157 68 89 
16 52 3 49 67 115 38 58 77 155 98 112 18 74 84 30 104 
15 44 159 29 143 45 89 134 125 56 9 93 63 21 59 84 
20 68 83 115 87 94 116 84 33 63 67 6 1 158 124 95 39 146 36 31 52 
7 98 89 126 83 108 64 50 
19 110 20 148 123 39 152 130 146 151 131 140 101 105 8 111 42 51 138 32 
17 25 129 132 166 81 27 2 13 17 24 131 74 157 95 58 134 19 
6 129 79 36 89 112 162 
20 135 138 111 72 139 51 13 80 34 150 58 45 115 140 26 107 162 159 116 37 
13 87 101 130 23 91 86 79 140 94 68 163 80 69 
17 152 59 156 65 36 39 81 73 50 7 101 35 89 60 49 95 29 
2 158 86 
8 28 127 24 124 23 92 113 65 
