992
0 1 1 1 1 2 5 5 0 9 10 9 3 7 14 14 4 2 11 18 18 0 21 17 23 6 10 27 17 22 8 3 29 20 21 4 10 33 29 1 29 21 13 43 24 14 21 44 37 35 20 38 40 38 22 16 39 40 39 23 24 44 18 2 30 60 66 42 43 62 69 29 40 3 71 43 67 47 23 2 22 60 22 13 0 27 27 37 8 86 17 83 19 21 35 55 64 89 27 83 39 75 7 2 93 80 63 33 60 30 69 96 72 84 113 72 77 13 85 111 18 79 56 15 15 64 88 66 70 112 107 7 59 125 99 47 121 93 64 105 31 75 53 63 24 105 107 46 118 119 46 46 129 27 116 39 106 65 92 72 93 111 2 139 149 78 8 72 20 128 134 127 67 128 36 3 67 139 106 93 78 72 30 136 131 124 1 88 60 89 76 98 49 138 80 110 177 11 113 2 59 113 49 165 100 4 139 2 188 189 21 54 159 3 213 106 53 106 30 152 19 210 123 191 87 19 217 195 169 209 110 139 116 144 73 231 207 38 15 197 86 69 99 11 202 236 52 182 80 72 133 251 109 112 74 164 5 5 254 168 125 113 130 38 259 170 197 164 161 240 57 213 75 194 273 52 136 116 229 279 129 229 22 97 175 154 261 123 196 151 100 105 124 127 294 235 75 60 121 172 203 44 196 168 279 134 185 208 258 141 300 7 227 263 7 301 185 231 118 50 237 26 13 270 34 267 84 231 291 35 63 154 229 71 297 237 8 191 187 337 228 199 118 69 2 192 248 343 314 115 27 344 220 202 18 46 342 61 261 91 84 2 230 1 193 310 62 326 248 102 68 51 88 9 172 280 351 247 213 107 343 218 164 181 127 168 308 194 7 280 313 31 122 158 86 262 289 117 312 357 230 109 178 66 161 273 62 53 168 368 325 246 102 92 116 129 347 4 4 312 6 65 72 179 326 183 376 282 345 284 280 258 221 380 356 339 281 165 144 418 304 376 301 39 217 405 261 31 261 239 379 437 229 257 48 386 420 399 1 288 171 187 253 298 235 48 256 230 143 94 81 418 130 175 152 168 476 374 283 329 243 47 89 151 83 467 298 411 21 94 264 263 357 11 134 279 211 71 31 289 148 169 6 180 443 176 347 328 23 47 341 332 135 258 176 274 319 231 72 106 467 135 272 402 353 48 465 15 492 435 215 109 185 46 456 354 393 216 206 516 72 8 100 125 191 161 62 24 355 152 110 496 531 179 224 493 233 79 269 285 39 480 226 294 409 326 255 36 301 331 299 173 276 224 308 483 19 307 22 385 130 206 115 287 560 242 55 500 132 465 126 165 221 0 253 546 589 140 493 308 326 543 262 87 6 372 270 511 562 436 475 585 155 80 468 260 539 34 340 270 316 274 137 300 544 347 31 132 141 142 587 117 557 266 93 302 436 582 150 504 286 224 264 164 15 155 609 189 552 399 7 547 600 65 248 294 656 375 299 154 248 33 142 447 485 45 371 160 437 607 398 232 71 389 119 349 307 677 488 642 656 134 618 433 14 500 329 398 200 319 528 443 45 202 49 526 656 632 696 304 88 45 313 442 426 53 72 457 559 397 472 547 681 118 609 143 297 468 360 633 245 208 626 261 130 631 341 176 380 170 511 249 13 390 23 567 109 108 530 548 614 88 653 97 540 390 154 183 533 375 678 572 73 297 140 197 742 318 320 294 201 635 592 185 757 463 254 96 485 8 584 546 470 93 692 410 362 360 33 106 288 175 334 758 394 567 572 180 483 277 741 730 565 672 672 575 623 732 446 289 295 758 5 586 447 438 745 527 639 676 427 398 478 766 341 294 217 217 572 676 482 305 597 243 128 511 763 620 324 332 596 638 462 800 335 593 88 637 295 277 415 95 347 365 175 494 162 17 481 206 10 72 308 748 120 206 22 383 682 584 716 366 702 621 262 586 246 576 249 248 499 775 432 243 600 432 218 491 437 353 157 513 125 771 436 615 472 235 76 341 158 334 795 785 641 70 720 551 289 494 105 674 166 613 694 29 762 336 784 556 46 69 506 801 101 640 317 170 391 373 336 356 298 62 395 314 794 755 37 804 196 693 188 348 391 641 335 110 657 509 789 712 95 320 805 2 765 528 348 934 363 203 907 920 714 366 102 17 477 297 945 522 947 400 600 808 428 340 546 904 474 424 332 264 50 882 205 71 199 576 183 295 283 727 692 229 44 908 785 885 937 868 
990
20 474 621 105 149 875 137 62 304 694 507 24 687 401 424 140 951 58 395 404 489 
18 800 285 229 731 984 309 250 499 447 596 522 580 663 546 153 120 224 183 
20 142 184 520 672 940 412 578 159 561 649 986 195 482 252 527 876 924 531 539 449 
18 441 368 362 118 697 840 648 620 686 913 451 266 32 729 532 230 344 722 
20 982 456 602 679 492 526 129 36 108 674 505 943 720 893 275 593 566 461 45 644 
19 247 611 96 495 54 187 820 267 670 843 333 288 759 540 486 120 680 777 199 
19 433 532 578 123 467 285 523 828 476 5 747 980 981 690 257 125 272 90 148 
19 910 495 44 677 598 842 685 473 771 451 935 76 321 27 53 153 217 813 179 
20 253 879 159 288 375 365 71 774 804 704 792 485 913 456 133 975 298 861 213 710 
18 809 269 697 43 263 714 796 931 844 959 78 824 801 516 887 659 837 930 
20 299 15 369 859 180 165 894 307 525 179 797 512 271 665 43 445 594 422 50 729 
18 546 462 119 421 25 98 38 832 782 727 325 187 713 668 839 716 772 682 
18 913 513 816 371 199 342 194 584 562 578 510 1 617 311 624 481 370 557 
19 348 678 25 435 784 788 423 456 49 900 936 798 954 470 221 507 870 974 289 
19 820 307 565 773 484 506 983 207 439 115 498 266 396 657 50 18 862 539 379 
20 825 752 757 953 12 14 567 307 406 576 837 768 593 548 639 490 73 909 156 918 
18 783 250 40 813 53 26 168 780 518 160 702 592 1 571 953 805 564 217 
20 442 429 317 237 682 352 482 814 74 485 464 166 60 235 356 142 16 853 465 740 
19 264 963 77 759 573 490 485 339 5 455 502 800 349 548 497 920 881 94 689 
18 287 938 589 829 751 919 762 72 153 143 584 3 162 736 764 201 69 324 
18 658 172 667 746 253 533 373 157 296 31 972 959 304 131 279 617 941 804 
18 295 889 164 210 909 137 728 381 493 765 974 438 879 120 125 501 174 215 
18 367 951 548 197 850 960 714 653 838 45 381 271 852 610 539 343 625 27 
18 190 746 221 445 177 28 151 72 908 205 131 323 211 865 24 743 796 903 
20 174 854 875 106 429 776 824 667 552 835 546 894 666 302 840 138 367 635 320 498 
19 355 932 551 785 682 469 39 326 754 802 564 388 480 532 94 848 139 234 102 
20 779 255 883 337 961 567 262 303 820 306 66 77 760 897 597 680 308 526 711 714 
18 910 741 915 464 744 710 890 208 149 933 953 119 699 375 559 329 691 722 
18 310 394 980 707 454 853 402 95 192 419 650 36 58 818 126 684 876 630 
18 100 917 86 286 627 550 762 267 147 64 653 695 858 590 905 171 411 596 
19 636 233 611 504 168 22 193 466 947 438 988 17 56 222 923 537 758 931 451 
19 906 523 255 707 898 878 799 439 831 203 63 655 383 611 553 111 817 209 100 
20 745 91 691 642 56 711 833 205 531 407 896 278 308 890 347 316 782 944 848 93 
19 104 465 447 804 631 548 286 869 503 231 22 604 845 386 84 405 131 293 494 
17 893 555 264 805 636 492 938 799 450 740 331 375 218 973 415 490 890 
19 446 505 502 210 971 265 480 490 76 134 872 526 569 705 473 524 921 206 754 
19 752 433 17 191 421 800 146 672 415 641 619 796 169 587 292 32 700 193 214 
20 291 771 274 367 755 909 972 562 575 29 761 24 797 467 606 398 94 486 50 513 
19 741 360 973 115 676 357 879 93 269 424 260 538 772 802 193 404 371 49 586 
18 85 158 332 665 133 319 625 545 786 379 967 848 979 365 671 502 584 39 
20 543 521 843 97 926 278 30 224 61 835 26 79 420 82 69 599 223 728 965 879 
19 958 867 317 959 707 604 748 808 272 785 31 667 701 865 424 297 972 276 866 
18 445 90 931 20 785 938 315 146 441 375 452 629 492 272 819 165 975 962 
19 169 712 852 100 779 971 762 929 467 713 598 129 980 277 829 966 629 376 908 
19 62 304 939 476 686 568 687 576 300 141 478 988 10 137 836 710 556 227 67 
18 594 355 124 567 665 153 14 966 947 519 798 872 33 13 292 848 393 742 
20 448 41 163 270 269 221 834 42 816 795 843 23 259 246 332 442 758 608 267 138 
20 730 896 207 578 177 688 406 51 961 29 509 241 805 726 517 576 899 793 211 364 
19 285 423 618 913 708 645 466 489 584 65 668 591 192 296 641 29 209 85 877 
18 395 372 903 160 50 992 435 700 141 211 842 574 341 436 724 150 462 741 
19 634 758 210 477 890 576 316 289 264 432 458 662 527 215 392 27 456 31 799 
19 453 380 57 345 794 220 510 640 896 13 295 369 777 661 473 323 871 889 210 
19 933 118 274 252 787 474 51 665 48 870 45 300 116 910 151 261 296 861 753 
17 515 543 922 67 828 202 830 550 24 557 329 782 767 15 901 157 251 
19 71 560 373 511 179 245 654 289 232 393 62 216 741 644 482 846 728 125 320 
18 345 443 68 51 122 393 954 587 741 69 575 1 594 239 162 638 813 766 
20 207 588 550 41 514 828 474 625 46 866 739 707 553 14 554 666 183 947 936 598 
18 961 364 174 494 280 649 171 498 499 969 912 735 943 703 133 533 227 731 
18 555 439 313 291 267 988 461 484 678 425 534 234 967 527 596 809 500 626 
18 559 840 602 293 334 21 520 959 162 137 931 572 711 158 335 272 683 584 
19 409 959 174 65 863 926 421 146 908 873 384 366 213 950 662 309 316 455 17 
18 271 971 513 968 94 826 871 451 878 393 267 33 692 82 356 457 21 973 
19 75 546 312 301 923 179 478 344 141 40 147 284 173 488 642 12 562 892 951 
19 874 981 62 509 906 968 119 274 294 721 648 367 950 424 441 576 764 60 602 
20 140 3 737 386 688 377 537 601 425 463 815 145 242 25 744 26 945 155 183 294 
18 869 117 615 845 15 826 597 577 602 550 136 29 326 395 671 18 68 557 
20 181 565 69 911 776 380 12 483 738 279 38 854 710 743 909 100 882 836 848 734 
18 466 61 195 982 331 935 138 735 380 123 231 617 947 877 136 820 559 889 
20 452 703 336 455 659 496 159 140 764 136 633 841 937 312 931 716 295 881 243 747 
20 756 679 195 208 867 172 192 637 464 728 898 624 955 619 77 222 770 315 644 411 
19 360 817 646 1 252 433 456 888 45 632 778 162 756 550 712 186 528 255 147 
20 755 449 214 230 621 415 655 896 600 658 389 388 699 225 652 7 268 582 257 860 
19 419 911 266 516 667 67 798 616 128 744 233 473 948 551 717 262 245 813 357 
19 830 292 108 182 308 335 711 294 405 380 208 357 412 707 172 581 403 241 644 
18 667 435 827 88 593 844 649 776 596 141 4 983 123 916 461 930 311 502 
18 314 821 912 740 108 320 581 770 593 969 989 13 732 490 406 187 255 432 
20 111 130 156 398 757 818 3 765 948 763 165 162 465 140 685 200 90 153 414 253 
18 535 838 200 806 276 898 842 589 561 419 685 248 120 523 879 251 192 511 
20 466 732 565 498 904 875 542 916 864 678 117 40 848 840 270 728 749 891 616 611 
20 101 585 489 692 771 417 668 45 742 86 793 732 24 799 380 331 905 4 165 242 
19 764 94 163 23 779 977 198 102 462 818 119 837 753 910 552 164 731 249 97 
18 860 170 648 468 362 367 979 83 937 817 570 12 402 766 808 348 366 903 
20 466 64 983 235 339 109 811 475 674 406 919 592 123 241 499 272 502 642 610 588 
18 989 765 849 169 749 466 30 271 369 46 980 731 674 532 483 300 712 530 
18 774 539 600 305 826 172 163 635 248 469 300 38 872 30 468 674 133 418 
18 635 561 939 108 85 26 175 117 806 943 399 38 785 868 409 389 48 65 
19 517 623 365 976 988 104 263 180 801 693 366 368 672 454 301 86 692 527 183 
18 730 151 876 87 385 620 526 888 277 842 946 103 300 771 478 19 685 336 
19 409 638 229 241 381 627 632 121 106 706 132 88 583 276 860 294 188 963 271 
18 919 292 676 129 968 206 341 16 343 406 85 213 340 833 798 325 619 615 
20 672 170 670 308 931 612 518 621 365 689 874 284 585 478 639 893 370 107 162 524 
18 528 749 618 897 412 885 155 991 65 553 573 305 691 173 485 166 154 114 
17 910 503 249 237 730 737 876 18 433 787 791 45 364 107 802 493 990 
18 177 408 385 899 908 907 201 875 771 846 136 195 219 758 404 523 266 824 
19 374 93 933 205 125 945 688 121 151 344 558 222 247 284 496 450 432 146 510 
18 46 329 926 36 908 601 275 523 574 42 192 553 390 354 145 367 639 785 
18 715 29 197 367 12 807 718 33 963 620 386 25 477 842 568 913 328 20 
19 895 698 15 909 214 503 811 625 280 932 393 863 203 937 730 599 898 915 298 
18 792 278 280 972 275 444 640 691 108 697 786 816 229 507 349 670 273 948 
18 299 470 460 766 389 214 421 122 703 116 683 115 813 875 608 687 730 483 
18 626 28 639 332 350 405 392 473 42 867 829 815 370 277 358 464 25 297 
20 215 927 285 735 90 439 960 704 245 456 498 892 162 467 568 39 155 510 346 747 
19 597 239 619 344 987 861 499 374 580 536 561 620 601 395 603 741 747 262 926 
17 619 729 278 71 256 269 258 710 857 525 658 573 894 306 286 792 817 
20 919 29 28 766 273 172 968 38 335 102 732 194 607 963 545 961 654 649 97 276 
19 5 69 208 423 105 895 175 361 462 585 976 470 298 31 648 590 680 659 933 
17 346 782 533 605 883 746 225 530 990 392 792 289 173 920 624 274 170 
18 783 992 986 506 263 307 85 673 602 646 631 867 119 374 960 545 732 14 
18 232 607 167 505 845 396 561 765 64 610 231 251 67 129 159 695 440 94 
19 43 729 784 877 24 29 37 722 235 435 958 539 957 392 661 499 707 63 311 
18 865 868 620 101 600 938 215 472 251 196 27 608 614 502 81 186 744 657 
20 909 68 884 673 53 672 337 817 947 490 30 253 251 866 22 739 386 933 988 804 
18 707 918 109 532 25 600 738 929 185 126 471 129 850 345 990 215 701 876 
18 964 542 57 458 365 878 945 22 7 494 920 206 116 364 24 856 514 33 
19 356 368 407 480 601 434 932 948 702 439 596 122 790 426 253 503 554 251 430 
19 338 923 452 339 95 945 547 722 962 94 976 497 254 934 324 783 819 954 860 
20 359 81 484 128 7 796 513 809 965 773 19 792 294 63 193 652 760 844 735 274 
18 150 153 519 746 42 776 613 892 654 389 323 348 99 179 107 629 804 528 
19 897 424 260 48 746 203 674 789 389 149 124 763 620 845 956 44 756 237 780 
20 757 769 282 764 953 423 612 536 63 530 804 250 511 619 56 744 218 81 62 609 
18 211 982 733 843 318 699 702 280 221 115 838 597 946 793 215 462 365 977 
18 245 551 435 876 806 719 286 519 834 568 307 913 571 121 337 347 979 737 
19 268 686 73 623 189 905 436 978 179 145 103 673 525 163 532 921 762 539 643 
19 319 844 475 788 284 758 364 253 528 315 913 450 479 801 641 181 920 7 585 
18 906 477 428 383 34 782 228 974 825 669 203 419 251 352 913 571 491 710 
19 411 697 110 807 987 48 992 796 848 693 654 800 29 26 24 939 756 399 178 
19 719 133 375 654 875 28 65 83 33 468 8 316 939 373 509 342 3 565 417 
17 920 468 322 600 385 925 874 191 678 208 448 464 759 629 57 187 473 
20 500 605 904 285 335 757 941 393 692 175 201 435 504 174 104 262 675 651 982 17 
18 298 938 435 625 917 540 177 405 980 752 642 658 59 977 873 802 174 785 
18 580 213 624 276 275 541 468 428 927 476 706 848 774 318 25 622 286 573 
20 40 703 546 553 722 94 450 697 857 302 201 664 794 272 970 267 295 758 97 644 
18 485 320 45 530 388 141 277 872 544 183 565 429 178 201 430 505 574 740 
20 180 587 976 578 868 650 922 308 40 843 512 286 18 212 877 513 853 690 84 437 
19 681 879 45 542 774 694 989 203 558 277 585 412 132 310 731 444 624 227 860 
19 617 551 603 904 175 927 234 297 399 47 304 804 830 19 931 873 777 701 115 
19 586 197 472 195 487 325 969 805 287 257 531 70 272 690 887 708 99 876 260 
19 69 715 893 319 138 953 256 964 402 666 581 10 584 642 672 450 836 185 738 
19 800 866 146 591 227 914 165 443 260 243 108 65 590 138 272 395 636 479 955 
20 201 179 312 724 680 478 606 622 4 150 638 422 134 704 672 63 604 700 379 320 
18 777 815 464 803 390 238 647 51 544 150 646 3 436 21 143 671 7 501 
18 784 576 231 68 140 793 724 110 906 114 121 798 312 595 597 942 57 56 
19 982 914 932 711 181 778 609 94 11 621 929 101 651 917 846 886 895 510 527 
19 311 717 246 865 738 799 527 462 177 108 24 362 268 484 137 132 544 683 107 
18 260 770 462 37 196 818 615 81 35 536 173 392 387 732 351 298 40 697 
19 656 784 47 395 477 895 960 137 301 523 692 201 466 628 402 786 481 38 774 
18 366 906 714 48 63 39 116 151 272 551 807 957 695 61 155 201 133 583 
18 404 801 103 748 351 458 159 306 353 52 147 875 877 522 251 569 604 746 
20 265 469 110 422 318 571 314 257 988 970 900 136 785 899 249 309 662 214 558 123 
16 604 549 425 597 938 533 612 813 789 145 781 803 262 738 686 588 
19 50 300 761 315 574 662 177 129 305 439 217 646 738 832 266 60 514 229 577 
20 917 300 457 304 438 883 19 587 336 138 306 893 378 610 301 643 446 132 959 649 
18 835 380 148 210 773 891 979 929 637 212 643 338 3 554 162 826 98 123 
18 816 870 815 59 507 561 159 328 418 251 93 903 563 692 545 736 529 672 
17 587 244 224 458 687 634 253 4 585 685 439 447 610 116 251 598 432 
19 422 331 934 771 830 494 614 808 318 324 740 198 741 418 216 864 372 790 364 
19 148 440 21 283 645 605 177 152 32 751 304 382 563 580 220 13 991 770 886 
18 918 575 548 336 96 628 44 283 443 158 901 570 207 94 617 315 184 777 
16 747 731 989 601 887 546 848 781 950 641 672 985 35 975 218 935 
19 211 919 357 572 907 657 880 246 698 680 881 509 959 476 147 498 538 309 256 
18 852 641 619 231 768 32 324 707 439 862 949 121 20 713 815 469 741 557 
19 458 772 741 590 770 86 883 924 850 470 193 516 527 613 132 739 98 654 570 
20 78 208 807 546 734 371 588 220 151 406 963 475 735 412 294 965 906 868 540 646 
19 24 117 571 212 509 915 826 211 743 701 198 690 448 137 62 528 221 447 973 
19 791 526 333 944 286 242 214 623 783 845 764 635 428 177 383 634 641 415 41 
19 486 32 468 109 799 666 949 898 817 983 175 839 492 209 725 787 682 969 239 
17 837 828 954 141 661 72 886 861 512 826 550 74 306 511 67 257 358 
18 415 437 988 287 222 255 776 711 294 881 546 865 751 493 340 278 986 417 
20 555 981 936 719 740 473 214 623 852 383 230 697 50 758 560 980 452 548 409 344 
18 384 289 747 508 445 768 826 531 916 902 769 964 368 236 948 850 321 784 
18 19 21 718 518 88 905 557 144 419 490 273 250 758 216 886 695 314 87 
20 880 764 705 540 482 465 618 121 935 989 308 902 253 681 182 570 130 27 275 512 
20 874 877 740 154 660 546 337 223 866 732 111 102 168 544 261 410 710 240 812 791 
19 414 64 230 380 434 288 18 696 707 476 460 684 773 215 357 615 860 878 550 
19 749 961 171 579 438 325 389 556 90 431 141 142 737 809 152 102 528 373 400 
20 271 811 462 709 174 133 786 364 470 566 956 864 399 153 123 706 990 835 603 583 
18 654 864 255 50 247 872 691 209 812 97 300 159 730 335 416 860 224 250 
19 907 514 957 319 423 261 530 293 856 336 337 414 590 869 521 446 434 366 384 
19 65 397 861 175 900 796 420 742 970 441 189 651 839 94 184 695 616 495 318 
19 626 839 898 980 305 513 59 101 588 42 628 983 480 605 550 439 334 961 450 
20 171 804 951 346 80 273 324 148 331 452 136 654 770 329 60 826 638 302 413 828 
19 96 782 526 323 200 586 805 254 892 738 563 821 489 876 409 51 113 981 1 
19 665 409 545 912 6 731 806 3 428 693 416 555 528 458 649 113 975 660 719 
20 282 662 975 631 263 881 547 514 690 612 568 161 823 923 119 767 72 901 488 970 
18 968 800 98 466 923 222 64 38 379 413 263 663 141 762 313 431 375 188 
18 992 857 136 705 58 566 110 283 490 817 419 36 655 82 810 736 342 627 
18 631 94 711 359 190 675 86 902 961 506 835 867 873 311 493 84 586 354 
20 538 269 562 818 355 37 929 882 126 333 418 894 245 382 344 232 362 88 525 354 
20 663 420 757 822 656 634 675 247 444 562 116 971 450 547 279 61 633 255 647 84 
18 121 434 816 895 540 900 298 235 70 855 804 529 288 131 204 924 137 493 
18 706 921 564 407 428 279 974 923 668 130 857 698 901 563 619 769 333 661 
17 341 25 421 472 521 171 199 501 943 348 134 250 812 314 688 953 553 
19 171 385 866 740 242 474 572 195 55 675 324 381 63 621 879 279 251 483 71 
19 165 167 950 261 844 880 471 246 829 326 153 658 534 717 207 460 666 247 430 
18 250 633 7 850 421 435 496 123 486 989 618 75 607 616 906 176 63 444 
19 826 371 18 422 657 444 977 888 440 816 86 870 14 123 767 157 121 181 704 
19 539 977 220 410 221 555 471 688 488 972 626 296 632 64 474 68 326 597 869 
18 264 832 675 924 83 456 894 455 860 425 367 144 798 852 742 409 248 69 
20 42 908 685 948 364 151 901 32 408 937 881 986 804 442 923 591 762 837 237 800 
18 688 752 651 139 980 983 309 499 546 451 699 964 768 706 363 919 401 107 
20 136 343 539 816 799 146 516 577 145 987 828 619 860 153 869 466 546 584 297 79 
20 833 918 461 830 60 724 290 684 395 4 440 478 88 606 296 778 23 703 253 642 
20 51 263 570 326 305 308 30 694 906 335 92 904 568 9 850 780 740 679 248 604 
18 381 731 3 141 656 315 612 736 119 38 719 626 243 645 662 868 690 406 
18 356 551 122 961 264 985 451 639 809 150 423 295 266 737 5 607 849 830 
20 228 771 419 931 712 701 473 759 18 114 932 58 984 576 206 498 611 448 435 320 
17 281 819 979 328 4 133 335 626 220 29 463 423 576 580 215 504 275 
19 385 256 758 520 160 173 430 287 709 74 51 324 487 753 243 619 895 801 772 
20 780 479 338 357 462 533 853 958 117 870 570 427 89 95 370 486 376 668 573 984 
18 186 233 277 868 455 806 991 761 964 480 638 17 316 226 487 396 248 692 
18 925 441 652 558 37 614 512 691 362 9 984 961 647 712 324 822 416 294 
20 612 740 213 344 453 474 610 499 401 337 431 878 100 869 601 511 531 373 664 937 
20 274 656 399 694 684 573 369 330 894 557 224 331 951 411 289 867 805 798 598 586 
18 649 48 718 683 129 458 906 210 241 372 489 169 513 65 353 428 31 887 
19 44 975 131 590 965 512 120 678 132 796 738 184 387 347 345 804 239 76 444 
19 371 796 856 75 866 311 891 976 222 702 700 833 496 865 206 934 93 775 977 
18 527 291 908 554 709 118 770 483 146 46 351 635 935 976 696 197 673 800 
19 348 372 370 368 662 541 120 184 692 885 463 329 119 371 904 298 38 188 627 
19 495 941 936 759 489 917 583 252 474 560 265 439 408 21 698 481 518 846 396 
19 698 238 767 522 259 666 470 783 45 921 442 963 915 439 216 372 476 954 141 
18 503 111 171 265 395 495 160 254 421 40 230 300 760 239 98 88 246 741 
19 543 816 661 429 121 384 285 129 163 47 446 182 854 709 539 181 973 799 226 
18 172 104 551 23 645 896 840 647 809 584 618 965 135 250 98 737 847 695 
19 933 420 946 149 758 172 884 72 642 851 594 565 741 459 182 400 150 456 732 
19 163 667 190 452 382 786 970 784 241 929 192 677 771 972 848 959 509 146 73 
18 588 480 918 561 560 297 786 166 407 694 949 377 138 618 606 415 235 463 
18 345 491 246 51 125 137 756 35 958 941 248 888 379 139 278 777 780 390 
20 782 272 880 154 184 282 181 956 150 548 577 845 355 939 400 115 415 908 239 374 
19 390 7 637 585 648 545 400 120 344 955 579 386 187 11 581 816 950 778 288 
18 731 809 622 547 206 193 390 879 234 222 285 134 927 988 527 717 161 120 
19 23 863 954 895 145 246 541 985 647 142 302 481 814 100 423 982 472 452 872 
18 355 940 353 804 384 350 54 335 651 370 310 138 842 498 182 368 218 281 
19 245 407 770 649 612 254 301 316 643 914 685 161 148 813 206 874 635 774 497 
18 644 13 682 2 319 344 126 6 765 502 643 780 700 819 615 744 474 115 
18 641 295 412 397 381 926 550 843 358 770 638 810 973 320 756 235 474 182 
19 211 514 499 73 33 280 327 233 174 508 836 784 422 942 37 113 154 980 740 
18 577 118 875 444 632 455 967 279 97 750 562 261 682 56 425 192 126 617 
19 822 412 867 660 62 952 153 455 162 230 530 790 151 503 14 613 978 668 674 
18 763 816 876 243 580 925 564 678 27 881 214 217 81 22 752 720 45 418 
18 196 917 700 892 44 348 876 413 588 335 175 776 314 187 349 461 711 934 
20 240 964 385 630 683 28 221 721 369 112 518 768 502 293 688 360 71 955 69 431 
19 131 642 911 424 160 509 561 451 901 637 552 176 277 55 930 920 430 244 180 
18 371 425 232 826 217 472 919 977 402 571 43 727 839 396 340 14 468 225 
19 364 685 758 318 91 55 244 30 269 488 906 578 800 303 340 442 720 651 409 
19 506 774 247 324 816 624 973 969 925 392 432 310 476 548 478 683 599 375 610 
19 190 227 137 659 461 428 865 325 342 584 537 3 346 876 622 441 358 148 532 
17 207 195 200 209 591 338 554 859 505 179 247 965 768 733 936 697 443 
18 772 173 898 556 641 151 458 38 821 766 149 130 138 243 983 685 189 349 
20 118 384 473 97 313 523 467 511 195 92 312 526 321 985 124 762 235 169 772 137 
19 267 951 545 447 183 146 711 467 456 437 440 400 694 810 917 876 484 776 710 
18 850 598 941 924 255 782 844 429 171 862 881 388 492 110 801 445 185 755 
17 415 363 679 558 289 556 878 656 649 941 339 758 246 60 149 381 823 
18 541 673 848 733 929 175 683 776 498 118 319 586 403 574 976 513 836 109 
19 237 313 525 51 861 131 899 10 942 834 655 37 691 860 270 415 135 787 161 
18 846 231 987 13 234 704 35 207 100 531 648 843 904 856 580 986 265 752 
18 330 471 271 857 854 374 939 91 391 648 702 468 947 556 457 246 253 337 
19 685 393 13 486 696 225 380 461 255 843 588 320 466 361 41 987 627 340 907 
18 929 925 698 145 738 484 657 582 451 844 751 396 664 950 442 591 981 308 
18 290 927 2 917 625 787 908 199 178 610 623 65 328 561 726 896 12 754 
17 833 112 403 826 988 192 806 755 161 373 336 71 820 592 386 467 348 
18 175 492 26 248 732 267 680 425 770 435 870 222 295 472 712 240 179 890 
18 327 943 252 160 40 692 827 746 545 861 135 503 164 755 177 828 989 119 
17 32 535 10 93 672 654 361 234 721 163 457 641 550 517 124 29 701 
19 961 740 886 525 36 30 31 888 243 902 282 785 207 126 231 104 244 523 762 
18 152 529 455 478 686 344 505 858 682 227 558 316 380 575 294 391 409 862 
19 639 438 118 766 142 40 543 460 136 148 906 785 878 206 967 496 520 20 288 
18 329 458 148 10 750 68 269 454 510 934 137 328 561 353 295 890 75 226 
19 38 665 202 923 751 952 786 905 731 628 194 709 897 176 975 810 947 165 748 
19 960 969 229 412 101 26 119 549 330 362 110 591 476 989 163 889 58 44 563 
20 884 811 513 777 707 988 239 871 493 596 612 344 756 225 521 339 445 761 540 69 
19 813 498 683 653 769 511 473 225 263 559 449 325 804 848 562 509 189 821 582 
20 698 922 582 732 549 373 620 348 621 859 232 487 104 533 353 691 173 385 456 534 
18 289 803 141 572 408 13 561 167 339 433 545 593 879 146 25 613 446 83 
18 98 68 676 966 953 710 372 63 738 805 933 615 419 32 445 360 240 936 
18 664 403 622 395 8 967 547 271 625 859 220 349 500 696 817 502 908 577 
19 107 711 56 676 388 224 739 519 731 91 493 428 208 916 615 536 500 656 266 
20 953 834 496 946 365 453 798 884 412 49 743 484 785 691 92 438 180 369 712 495 
20 674 120 873 228 538 301 493 242 736 43 183 622 814 510 826 453 677 978 12 456 
19 456 79 517 299 881 884 743 368 466 344 967 114 628 833 562 857 537 37 751 
19 218 21 679 925 665 277 954 430 656 116 871 269 111 884 387 722 197 547 737 
20 817 559 113 265 869 446 147 73 485 624 888 967 862 275 977 986 236 796 990 344 
20 641 873 687 168 917 411 35 522 143 953 481 649 857 760 762 815 101 328 893 905 
20 206 724 386 243 707 142 646 316 129 872 17 539 589 340 597 231 592 841 465 40 
17 176 143 200 460 897 750 931 340 990 285 640 243 947 381 745 127 96 
19 973 12 876 68 854 143 905 714 922 139 805 867 253 953 479 613 411 174 396 
19 4 263 713 96 789 623 277 375 139 746 760 566 163 9 168 528 596 211 58 
20 4 393 669 848 392 411 215 958 783 374 814 837 92 989 21 973 785 388 341 840 
19 115 653 766 832 622 277 904 590 156 837 424 686 493 834 985 383 707 948 563 
20 629 860 859 9 621 307 73 138 361 469 531 284 941 690 497 702 376 263 480 316 
20 832 264 990 284 370 730 868 174 891 470 814 870 585 920 81 549 589 524 304 94 
19 326 497 381 845 436 50 936 367 915 434 735 411 866 32 616 689 833 727 380 
18 596 353 616 529 347 588 676 64 561 908 379 889 724 49 927 642 698 277 
18 134 111 983 472 909 332 241 183 542 308 891 788 879 372 715 640 132 499 
18 552 60 590 512 354 220 528 650 626 833 846 350 791 413 83 184 490 800 
18 986 965 757 502 422 620 226 836 925 867 399 14 621 312 153 664 222 323 
18 184 501 6 812 400 110 336 339 811 705 75 780 772 467 643 457 443 893 
18 467 896 244 905 964 684 289 174 740 919 250 693 792 185 171 52 315 73 
18 559 149 918 377 590 22 482 72 682 252 599 71 841 889 374 846 730 409 
20 674 596 258 820 526 301 463 887 193 55 469 570 331 16 482 203 428 15 148 816 
17 146 200 522 698 74 167 32 241 410 938 139 44 843 337 125 28 455 
19 92 471 226 915 574 960 237 786 146 363 85 604 90 56 880 937 429 320 22 
19 556 117 143 298 605 657 658 702 284 575 827 449 552 412 207 66 47 715 877 
18 222 24 103 41 416 801 949 928 831 333 603 583 575 255 22 19 408 692 
20 924 558 744 427 634 116 349 724 767 778 927 13 17 808 423 251 945 72 78 884 
18 694 719 77 780 126 461 335 27 220 183 861 887 467 789 397 216 288 664 
19 648 667 379 978 906 62 574 926 175 21 755 683 932 251 350 268 226 776 927 
20 970 610 718 212 495 911 102 447 508 273 80 35 214 430 545 33 914 840 562 626 
19 733 489 647 651 351 139 196 235 726 345 582 427 147 930 198 762 586 400 428 
19 300 142 99 755 552 112 518 962 636 189 736 859 376 712 461 530 878 560 589 
19 271 609 968 827 482 692 69 121 350 311 240 396 324 157 4 449 865 68 413 
18 872 985 340 32 516 725 76 235 449 297 3 184 506 492 624 240 650 931 
19 836 612 497 628 368 8 637 966 640 462 980 861 752 692 961 934 868 388 358 
18 218 176 46 673 185 126 626 325 15 747 962 505 960 331 280 49 578 986 
19 440 253 614 404 679 406 199 107 841 157 707 371 935 135 267 183 746 124 890 
20 406 228 915 196 172 268 972 777 858 218 778 524 862 626 869 532 498 269 956 285 
19 219 468 410 163 845 310 211 180 371 534 513 520 331 247 684 943 835 461 183 
18 742 52 892 409 988 230 687 88 858 516 514 380 448 908 658 442 104 320 
18 385 627 984 473 299 651 135 804 137 426 928 736 268 238 601 198 456 73 
18 12 287 295 961 787 801 986 61 966 75 85 400 354 92 842 79 852 937 
20 296 452 122 665 531 944 366 913 8 388 409 363 38 178 693 438 341 163 358 706 
19 448 103 538 795 835 924 742 305 803 258 205 45 876 956 10 725 699 521 346 
18 385 801 48 739 69 243 374 384 865 970 158 710 353 271 177 708 123 66 
18 576 414 520 765 131 122 310 533 505 890 263 604 178 72 771 108 805 91 
20 823 135 233 501 962 120 271 406 216 359 733 144 479 33 68 892 910 113 540 663 
20 295 369 108 582 347 375 197 254 11 268 86 814 854 252 685 743 17 842 62 687 
19 744 109 87 174 33 206 133 936 85 16 179 591 614 197 480 263 8 854 393 
20 601 243 28 629 406 943 661 202 165 607 592 866 510 222 972 302 334 804 985 505 
20 179 619 196 572 578 834 599 350 819 951 277 938 573 507 927 741 924 785 451 331 
19 125 256 113 556 129 466 602 788 303 969 90 722 653 730 621 688 783 708 361 
19 355 311 47 241 972 504 886 444 44 141 165 375 862 635 489 694 100 870 973 
19 561 148 956 43 26 103 773 619 924 686 578 434 177 28 520 22 519 21 851 
18 472 909 725 362 269 704 253 500 762 445 833 171 342 309 907 48 558 822 
18 25 509 451 787 238 496 168 807 72 941 62 502 466 968 698 40 725 902 
19 345 975 215 737 307 640 352 754 842 7 212 950 422 530 746 14 327 483 480 
19 263 72 638 529 583 601 755 323 55 617 663 818 910 100 528 244 644 183 558 
20 758 698 894 128 956 581 399 839 150 55 483 955 115 931 584 646 672 160 630 120 
18 206 481 704 769 442 709 320 935 567 902 656 592 658 418 60 492 313 737 
19 404 275 528 757 12 17 49 876 658 362 340 397 22 867 460 651 558 423 607 
20 870 260 695 916 293 344 760 225 752 915 145 616 399 911 628 184 580 714 91 872 
20 315 470 903 83 905 500 514 161 375 426 335 913 245 678 801 414 466 976 149 306 
19 627 965 662 822 573 592 507 505 487 191 644 142 890 52 179 263 589 617 159 
17 102 65 376 218 138 133 192 279 923 226 520 664 742 276 917 170 142 
18 137 309 800 543 485 450 886 952 823 325 458 83 216 633 601 511 27 829 
19 991 367 909 476 104 131 500 778 18 882 499 944 486 678 789 330 514 361 544 
19 628 754 443 193 914 586 59 712 224 54 452 818 160 530 932 230 106 153 939 
18 703 38 820 897 964 920 433 784 79 540 491 436 55 285 740 99 291 42 
20 150 245 973 854 733 675 197 317 269 271 213 45 30 728 274 439 709 614 629 61 
18 989 878 475 71 674 905 107 91 795 645 539 604 562 844 638 749 741 94 
19 511 639 61 875 822 586 575 107 348 973 974 275 836 581 599 574 68 430 194 
18 478 736 703 900 328 856 405 722 705 576 343 624 53 518 121 551 493 283 
19 442 218 638 658 176 581 437 317 955 221 484 817 357 487 197 757 8 548 890 
18 468 308 735 59 963 742 365 216 736 813 925 887 4 434 92 846 229 771 
20 167 79 134 84 542 608 645 522 11 286 372 909 685 123 882 15 721 504 217 705 
20 929 886 551 703 514 497 842 250 901 917 24 103 464 874 455 345 276 218 671 217 
19 801 233 323 874 290 479 345 549 581 30 193 672 499 540 720 16 908 318 602 
18 901 113 597 696 203 6 186 118 281 341 457 472 131 442 636 869 685 471 
19 756 329 944 935 1 903 915 787 460 553 912 179 92 358 268 187 258 814 447 
16 110 444 893 340 90 823 490 223 23 281 383 133 734 145 888 257 
19 239 611 542 217 247 721 914 505 962 966 774 412 643 95 808 619 285 168 768 
18 827 382 28 582 976 675 195 663 178 806 930 493 446 219 11 769 653 164 
18 846 971 460 266 341 152 98 128 314 415 251 931 769 794 647 48 674 751 
19 917 510 52 584 514 315 922 810 608 450 687 500 296 74 550 441 197 855 817 
18 224 144 745 822 269 689 406 787 774 7 550 728 175 956 977 195 461 891 
19 462 112 294 407 821 192 723 329 648 891 285 448 989 214 176 263 520 981 753 
19 727 704 784 906 811 720 116 539 588 503 298 337 1 278 256 33 638 797 132 
18 763 633 224 863 158 683 570 421 574 219 558 150 377 609 745 98 881 928 
18 612 538 33 132 638 973 421 90 497 18 887 51 274 52 531 484 690 781 
18 930 540 246 858 91 352 28 382 283 412 989 358 249 566 375 808 506 683 
19 305 835 633 717 525 663 551 206 131 318 4 922 352 437 41 647 173 58 625 
20 67 699 633 23 450 991 750 442 42 916 227 718 58 701 866 372 860 762 115 420 
18 891 542 611 244 687 841 101 669 449 653 955 667 446 304 22 398 677 925 
19 926 259 361 392 643 754 849 224 499 562 388 952 677 237 883 521 475 692 469 
18 231 400 920 948 97 725 17 548 628 152 482 478 843 318 198 125 408 620 
19 930 312 920 735 113 810 480 88 271 563 107 509 988 444 679 237 338 455 555 
20 303 429 887 903 726 781 974 485 777 25 304 925 571 547 348 713 676 375 908 796 
19 703 821 917 86 905 857 931 189 693 587 192 23 312 420 276 867 361 500 412 
20 192 69 795 484 820 935 578 892 39 173 705 59 485 727 746 708 95 179 3 702 
18 652 254 975 532 711 21 36 346 983 9 589 972 310 926 731 234 159 539 
18 435 413 342 109 170 115 127 273 718 375 119 346 425 535 813 870 297 788 
19 639 962 61 697 371 157 497 745 696 629 273 64 782 197 873 904 28 772 643 
18 594 411 885 926 680 432 880 26 142 571 882 595 917 889 869 864 820 729 
18 151 464 227 587 450 535 801 922 699 829 152 940 589 24 479 75 514 778 
18 947 404 225 901 550 953 193 890 136 661 4 845 485 908 153 650 503 309 
18 743 483 949 202 502 310 217 507 735 291 343 212 261 824 936 380 535 617 
19 910 585 660 147 507 342 631 297 358 941 354 942 310 741 733 553 117 129 234 
19 467 307 868 600 292 830 848 5 684 697 728 340 11 505 721 261 266 66 295 
20 642 716 746 75 644 144 837 195 851 346 980 782 831 701 691 287 42 188 800 724 
19 338 879 210 542 771 743 687 164 281 38 896 156 39 366 33 549 732 45 846 
19 473 243 869 391 985 125 116 811 379 215 77 73 610 78 920 101 883 549 81 
18 329 625 228 37 635 565 790 257 587 691 508 992 678 662 856 689 187 422 
20 203 322 117 576 664 199 513 128 161 759 567 121 716 546 923 691 753 127 340 865 
17 717 779 391 178 4 859 801 77 72 87 240 566 148 33 168 442 291 
20 285 8 877 889 660 51 529 424 610 570 919 143 950 853 289 910 395 794 913 971 
18 897 370 922 62 727 811 335 203 410 516 589 517 571 850 192 159 681 690 
18 339 610 764 422 786 522 193 199 782 673 1 962 556 614 528 575 496 322 
18 315 783 258 957 843 826 271 816 166 564 905 501 324 647 522 286 505 56 
20 57 375 834 385 786 502 753 492 460 844 724 412 606 974 145 857 294 168 555 644 
19 206 490 353 17 561 464 121 367 589 87 578 184 707 613 668 488 925 913 501 
19 139 536 328 606 149 752 97 360 451 487 461 40 205 431 615 403 505 363 268 
18 67 340 69 140 974 808 980 651 676 367 512 166 902 715 672 22 634 136 
19 335 308 269 261 903 896 786 256 724 691 355 300 762 39 732 272 177 909 571 
18 708 345 97 734 499 738 458 805 990 884 967 200 538 740 230 462 672 100 
20 364 670 612 283 834 692 472 128 864 753 156 799 535 302 973 102 756 416 704 969 
18 960 395 776 43 151 756 953 665 26 280 49 607 276 573 673 178 274 706 
20 681 205 978 217 66 277 693 124 648 534 453 946 517 13 679 949 391 528 411 289 
20 445 905 260 19 675 682 931 599 411 455 539 600 13 658 143 185 126 731 842 688 
20 666 430 369 25 147 408 144 899 253 706 419 240 505 64 735 972 360 745 483 798 
20 780 309 580 287 322 400 639 925 734 881 498 469 302 27 701 421 673 137 890 740 
17 223 945 523 553 660 423 838 760 309 646 203 133 879 935 939 721 598 
20 66 441 213 959 315 655 503 644 898 543 204 657 12 223 406 378 170 7 415 250 
19 270 290 378 43 418 604 7 415 580 89 712 237 47 644 303 238 485 990 98 
18 326 150 861 396 476 590 927 604 908 83 134 706 790 488 320 907 228 523 
19 148 154 201 460 85 83 677 871 772 139 20 359 581 983 651 446 130 567 643 
18 186 71 531 749 70 674 767 500 747 781 169 689 235 762 226 707 380 12 
17 815 546 771 436 884 784 751 377 542 114 21 134 863 668 349 723 420 
20 302 620 482 212 100 335 897 511 758 772 470 581 481 725 342 291 459 246 775 969 
20 607 416 724 262 497 612 419 649 650 341 175 562 653 600 981 183 720 503 789 517 
19 461 115 509 905 604 527 123 432 984 422 237 597 563 623 400 492 908 935 466 
18 190 337 182 271 860 36 445 941 64 642 711 109 47 154 334 643 902 274 
18 687 728 981 721 274 726 910 896 693 253 221 235 197 205 805 751 692 67 
20 592 858 676 318 299 657 803 820 857 698 138 767 665 936 726 649 135 159 907 10 
18 382 74 951 127 973 484 205 818 988 983 35 873 811 575 884 300 321 723 
19 423 749 579 733 804 456 944 779 494 39 30 133 346 326 890 90 432 172 56 
20 449 745 513 192 163 504 64 233 567 241 201 88 150 125 687 25 727 837 210 743 
18 277 463 727 440 365 551 700 125 428 716 295 294 136 362 89 30 516 184 
20 60 335 755 437 538 88 343 105 649 884 404 50 215 967 1 608 902 726 87 173 
20 957 109 428 358 229 822 964 952 941 885 316 160 494 615 352 649 292 532 555 841 
19 951 619 960 926 150 937 172 574 352 198 286 314 783 489 125 967 289 571 941 
19 186 117 58 857 124 983 954 972 742 563 467 151 744 878 205 50 460 171 199 
20 587 176 500 739 467 398 255 441 313 109 502 373 558 258 182 724 200 225 465 122 
20 697 776 947 852 403 251 961 478 208 51 598 114 829 939 903 688 887 695 606 983 
18 300 983 984 422 405 498 73 92 506 177 70 381 548 603 685 347 770 881 
20 564 546 381 840 353 705 461 82 952 539 305 489 463 517 414 756 448 764 493 561 
20 105 507 844 182 75 257 669 69 931 258 323 983 314 838 227 744 371 52 254 634 
18 684 18 950 914 141 73 781 417 478 408 827 137 132 529 406 102 723 369 
18 972 406 39 608 870 322 156 774 801 699 233 415 253 249 329 631 240 328 
19 357 971 703 291 711 800 437 86 62 367 260 283 407 373 603 457 938 778 518 
19 914 730 309 955 614 785 82 489 8 780 466 792 864 777 616 472 566 894 113 
19 303 49 93 829 35 332 128 781 403 660 673 620 794 854 986 359 521 538 584 
18 233 780 924 147 394 177 803 69 324 716 802 837 133 64 358 311 611 688 
18 693 565 643 527 847 195 87 588 535 552 751 401 467 927 661 533 725 387 
19 800 796 793 210 333 66 170 940 266 295 856 361 655 738 864 691 761 989 579 
19 313 200 33 118 691 864 508 467 90 271 977 145 692 827 358 292 309 189 978 
19 976 569 57 440 628 650 306 688 897 824 566 698 429 272 165 396 730 72 405 
19 409 798 155 834 935 100 396 546 356 235 242 279 223 281 446 866 701 274 58 
19 109 546 729 217 68 566 565 472 948 73 376 365 691 796 279 594 2 222 303 
19 947 693 935 763 595 664 504 907 452 654 477 835 524 340 956 97 162 694 259 
20 816 739 299 320 830 255 771 402 330 940 813 480 596 549 725 312 464 731 754 807 
17 227 147 332 397 886 314 846 299 358 984 539 861 722 888 704 768 348 
19 439 170 688 455 541 992 561 191 483 718 582 841 788 527 873 405 592 920 886 
19 525 455 79 666 296 966 62 139 541 804 299 230 978 221 881 546 136 895 865 
18 887 402 575 801 119 452 379 174 896 710 812 673 139 359 824 754 871 546 
20 260 469 617 75 191 883 223 342 578 799 233 287 827 11 567 388 885 598 460 461 
17 907 569 803 271 167 194 310 876 574 914 602 496 922 351 487 817 135 
19 451 556 937 605 500 53 435 101 656 607 788 9 174 819 721 852 401 638 554 
18 310 898 285 892 292 684 887 954 570 247 201 399 113 1 222 718 281 11 
19 480 319 772 193 737 50 855 966 860 326 660 302 412 391 861 864 356 889 107 
18 774 214 648 284 317 424 433 598 932 486 45 89 511 920 24 373 845 945 
20 817 24 876 244 754 687 622 700 601 774 633 575 114 963 294 676 871 829 423 674 
20 862 408 427 588 618 866 388 15 85 21 534 893 183 52 420 701 470 284 25 230 
19 607 23 391 577 368 879 518 134 912 467 219 56 848 643 300 272 834 264 438 
18 207 928 119 340 525 47 330 517 607 19 915 826 787 15 447 82 923 512 
20 394 462 288 112 702 380 562 500 244 532 206 102 198 355 329 896 709 926 598 225 
18 592 572 723 547 991 546 523 432 86 845 8 197 118 331 10 950 766 839 
19 525 165 166 985 759 41 476 491 270 887 975 770 278 550 546 227 763 444 155 
18 520 146 50 764 294 874 701 743 662 901 109 802 909 492 410 776 51 461 
20 901 167 740 142 949 324 263 259 712 249 268 212 477 851 219 316 449 265 373 893 
18 852 939 652 185 377 620 675 847 86 275 753 160 145 266 961 39 940 581 
20 220 188 429 933 295 503 394 757 950 201 837 428 32 440 870 888 422 302 255 627 
18 22 95 984 404 410 446 784 394 597 783 543 90 623 764 766 164 199 986 
19 300 796 468 7 112 136 277 779 392 417 15 22 503 895 928 645 208 271 988 
19 416 265 698 798 955 153 25 826 600 801 652 49 640 804 213 369 366 958 599 
20 796 571 342 921 291 213 768 990 15 830 442 545 141 474 903 68 359 612 989 740 
20 278 876 892 61 257 952 378 758 376 960 748 263 104 277 136 2 147 947 318 48 
18 897 963 99 452 135 424 160 25 802 435 847 664 826 648 175 207 56 595 
20 9 387 186 858 777 672 748 257 301 882 75 575 109 424 47 410 125 97 46 934 
20 189 26 629 591 921 966 977 896 616 25 168 508 958 573 836 898 399 69 824 198 
19 569 964 672 455 369 886 716 584 920 624 682 600 146 843 676 220 287 895 502 
18 153 567 469 807 808 328 239 724 737 133 753 987 988 560 676 886 362 237 
18 332 594 208 493 779 868 456 504 829 863 812 904 302 339 364 586 315 647 
17 667 592 650 65 983 423 8 480 368 673 89 877 654 476 50 345 74 
18 461 314 982 322 20 789 499 8 271 413 962 298 348 204 910 293 554 392 
19 981 675 754 838 555 926 666 562 525 722 589 818 857 972 732 348 440 815 314 
16 610 238 386 98 489 842 609 180 715 71 984 628 129 525 405 716 
20 867 252 173 877 57 413 947 400 988 629 466 846 770 203 985 17 284 576 803 490 
19 545 27 182 807 327 944 210 616 860 737 227 934 915 575 69 267 298 377 68 
19 251 952 314 317 69 376 241 290 496 670 595 583 615 419 863 590 529 428 413 
19 292 352 227 988 289 226 119 252 161 70 635 134 378 220 246 734 870 238 201 
18 231 451 137 198 666 914 83 797 369 971 215 151 700 860 121 131 99 27 
19 989 244 678 491 1 659 288 313 795 522 227 474 898 824 602 40 614 213 887 
18 581 200 54 440 814 949 912 331 305 50 748 512 98 518 109 33 449 503 
18 734 588 547 819 745 399 516 264 718 29 413 605 529 523 25 4 125 440 
19 294 934 690 175 906 632 902 952 616 31 457 897 781 466 783 658 171 505 563 
20 745 705 281 266 159 585 351 235 371 522 316 135 117 348 786 157 819 154 512 582 
19 452 226 678 208 808 147 331 666 378 897 764 524 832 578 316 797 876 649 274 
19 428 688 929 293 977 973 33 357 61 96 954 122 254 253 591 808 165 218 348 
19 196 905 769 34 77 147 462 635 966 713 198 287 121 251 346 410 717 653 720 
19 75 372 361 560 602 511 704 862 119 563 54 734 166 972 800 534 524 243 207 
20 130 989 319 931 386 886 7 990 412 342 600 59 50 608 418 241 373 705 321 264 
19 539 601 96 326 103 676 362 463 176 835 504 344 146 524 131 94 77 904 60 
20 948 476 855 923 160 744 551 257 326 626 972 28 309 155 439 473 810 754 364 285 
20 223 738 889 450 751 863 735 528 948 553 518 904 315 85 973 134 247 633 146 272 
20 339 552 439 855 759 568 691 145 790 841 371 913 707 962 726 2 714 447 133 809 
20 711 497 516 838 976 895 521 460 523 190 75 983 73 405 35 656 729 288 92 423 
18 356 937 176 813 447 351 484 940 234 266 970 799 344 14 355 35 976 182 
19 177 469 836 944 377 860 532 488 464 976 457 945 529 953 882 629 388 543 303 
19 175 749 117 337 497 210 961 493 149 15 778 669 545 261 422 937 724 881 920 
19 532 725 66 92 839 742 904 120 23 903 569 817 332 458 770 979 485 521 909 
20 755 903 943 973 141 440 900 429 119 796 68 357 372 211 736 875 644 567 347 7 
19 325 531 837 442 220 816 299 444 438 960 287 100 772 646 200 163 523 829 943 
18 254 831 578 655 113 232 942 933 759 575 345 720 316 26 318 716 875 311 
19 499 896 608 318 729 647 635 734 184 706 456 971 245 754 784 436 391 630 384 
20 649 433 915 124 501 152 118 822 543 255 458 946 856 862 173 187 232 377 188 475 
20 745 515 751 904 346 454 430 914 416 738 147 786 617 748 954 800 587 670 460 889 
18 651 325 475 811 104 631 558 970 149 385 35 229 29 106 787 821 966 687 
19 178 343 664 93 371 231 769 705 796 176 574 135 955 398 837 903 14 102 78 
19 968 469 943 631 590 967 592 101 653 848 645 282 304 80 188 729 515 186 86 
20 818 739 639 752 401 887 203 63 467 737 262 387 422 835 666 611 583 680 874 530 
18 427 496 79 510 5 908 917 213 51 611 452 875 89 184 709 779 378 166 
18 885 820 359 46 910 285 224 684 531 555 236 126 627 805 961 86 297 137 
20 829 950 817 971 921 490 121 742 940 659 565 875 363 387 331 405 624 752 436 879 
18 490 53 445 235 551 450 451 570 510 257 292 674 199 936 512 922 808 428 
19 721 622 550 940 366 220 380 963 265 229 596 748 896 728 37 970 887 572 444 
20 942 243 914 269 555 750 329 763 247 29 171 33 263 225 925 791 97 879 87 231 
19 403 377 666 350 466 570 129 370 184 972 469 858 941 772 512 534 164 218 69 
18 337 435 225 498 359 781 878 136 13 17 920 358 927 341 974 812 615 162 
19 787 444 137 782 723 728 623 927 283 649 282 984 95 57 330 369 83 531 614 
20 439 535 453 851 825 891 523 52 755 332 928 190 30 974 824 441 684 980 170 723 
20 930 516 255 1 253 221 152 6 65 376 211 679 821 584 533 115 777 830 296 749 
19 920 284 625 502 309 687 131 476 372 185 18 686 559 527 735 682 917 764 880 
18 557 674 765 447 912 105 13 568 217 894 549 26 210 804 402 369 380 498 
19 748 336 594 665 904 192 588 213 915 380 347 766 686 129 423 817 860 547 991 
17 948 980 973 156 28 149 644 248 689 762 372 297 584 434 418 754 350 
19 215 578 190 354 686 577 163 772 691 241 275 389 159 557 701 533 409 146 604 
20 45 492 368 26 192 611 171 291 436 404 438 501 257 629 954 626 516 289 42 735 
18 592 423 685 691 704 344 126 710 372 321 530 582 367 493 31 405 65 833 
19 115 217 902 547 94 345 860 71 307 20 911 207 385 934 991 155 600 137 609 
19 323 959 93 68 716 285 652 378 520 366 415 376 839 102 971 850 446 588 771 
17 727 593 983 633 546 829 314 819 96 47 899 474 717 264 117 123 834 
20 895 913 643 3 545 422 59 366 852 383 572 892 431 283 50 585 749 635 565 702 
18 572 780 129 193 922 74 146 801 182 787 876 144 80 329 903 973 53 884 
18 255 763 89 385 71 739 614 261 866 407 81 199 838 536 279 299 155 149 
18 114 753 353 375 41 278 718 134 3 261 445 255 7 887 659 851 832 889 
20 666 814 990 142 194 616 760 61 225 149 397 885 106 322 143 847 527 577 625 789 
19 953 369 639 680 116 354 951 113 722 136 28 383 635 431 954 932 299 209 229 
17 402 529 781 752 293 29 404 285 188 257 947 438 813 262 645 191 765 
18 421 952 435 79 850 810 949 327 685 880 751 535 870 78 913 485 306 397 
19 689 612 72 73 871 342 518 694 940 140 626 769 454 664 884 666 642 536 57 
19 821 166 537 587 219 600 169 176 764 813 531 415 327 274 657 218 192 201 948 
20 450 574 54 812 232 958 48 389 130 152 153 332 934 76 632 596 862 161 973 461 
18 625 269 892 88 135 295 594 263 177 764 242 365 358 3 756 660 284 254 
18 237 418 664 774 234 509 982 669 69 563 538 437 129 399 250 499 111 127 
18 172 130 885 81 586 791 678 430 255 575 936 350 940 624 906 550 183 428 
19 582 51 77 204 261 646 935 912 746 191 936 509 46 808 975 966 840 858 984 
18 767 484 33 631 283 665 254 868 446 252 531 501 904 656 855 197 535 407 
18 937 557 902 761 211 210 308 172 701 116 958 555 798 732 443 579 40 933 
18 122 292 233 882 236 93 431 756 443 185 874 702 174 733 430 979 522 189 
19 189 414 192 660 668 75 158 596 135 276 830 364 15 791 783 955 656 966 2 
19 605 537 519 664 282 871 83 966 803 844 875 656 409 810 208 302 764 556 235 
20 394 528 878 637 697 374 401 653 309 949 359 363 452 897 52 989 243 183 331 160 
19 815 597 800 253 802 835 714 357 668 638 137 54 514 125 966 446 206 11 315 
19 781 823 715 611 880 768 624 62 420 19 500 333 804 77 616 516 688 860 935 
18 157 216 246 864 781 140 45 697 279 166 156 788 735 385 445 227 38 54 
19 401 877 850 57 978 49 650 564 559 980 873 943 827 340 387 118 550 821 610 
20 904 143 925 120 870 234 17 545 840 954 33 192 428 712 727 353 810 455 693 922 
20 933 194 589 189 503 22 930 949 303 521 217 924 343 885 576 185 61 923 338 109 
19 491 896 605 971 903 898 404 857 383 103 162 227 939 390 461 380 585 225 608 
18 508 922 969 71 470 275 870 565 243 586 156 388 692 939 127 519 566 639 
19 422 614 243 516 447 633 191 748 721 217 592 122 137 324 124 728 292 982 335 
20 367 517 374 835 479 981 788 174 963 571 45 606 254 503 988 926 470 445 766 504 
18 922 977 588 616 812 635 884 183 861 438 72 128 537 515 795 235 373 64 
18 947 366 585 398 709 597 443 519 6 273 495 563 538 272 651 356 463 448 
19 334 637 357 468 471 416 578 796 960 659 819 163 47 641 317 192 75 456 988 
20 730 666 418 624 769 732 68 141 305 564 866 823 50 504 925 153 290 519 652 51 
17 448 168 631 673 679 947 283 555 717 524 24 249 932 700 199 960 777 
20 763 75 336 131 727 539 821 403 668 269 683 848 6 240 114 258 878 562 603 615 
20 179 712 814 752 182 437 816 832 142 690 578 173 209 111 710 750 682 875 908 80 
18 792 543 483 9 134 870 823 283 672 449 733 436 981 346 816 849 795 393 
15 348 943 612 102 107 533 427 374 365 478 460 82 407 898 606 
19 910 976 785 35 924 991 600 319 180 859 429 798 582 303 947 649 86 669 888 
20 870 318 109 978 423 918 739 287 403 527 41 652 964 466 958 561 213 102 514 216 
18 378 701 580 613 967 718 605 684 391 134 434 441 715 631 312 632 466 282 
18 626 823 238 34 465 954 110 339 686 714 917 879 816 319 579 222 974 745 
20 962 621 124 772 90 197 164 976 637 900 25 149 704 358 470 141 734 661 56 781 
20 207 194 773 68 330 290 216 6 737 931 912 881 327 438 27 42 787 813 99 829 
18 138 522 413 895 240 381 826 695 735 457 715 509 812 447 202 390 230 106 
19 626 123 463 302 895 421 299 11 238 506 790 308 55 403 821 595 639 265 332 
18 637 420 112 860 656 688 496 741 977 901 775 686 560 806 198 128 30 865 
19 174 104 657 621 606 206 343 49 697 20 785 558 258 881 861 691 249 979 422 
20 957 570 193 76 840 902 734 301 540 424 404 631 615 261 436 419 469 426 499 209 
19 788 828 63 842 138 47 13 534 646 355 290 291 53 927 209 510 71 756 864 
18 97 613 586 507 489 341 189 859 937 801 443 324 701 729 198 818 360 629 
19 453 534 459 969 129 274 725 116 100 318 695 63 531 504 28 794 952 254 553 
18 380 250 951 714 862 263 112 725 852 504 145 282 396 655 298 312 49 789 
20 635 536 145 583 70 363 190 239 878 634 607 813 132 380 127 143 438 798 967 846 
19 43 111 858 401 78 351 115 803 317 21 114 943 248 77 918 461 840 702 477 
19 474 522 287 616 588 475 532 558 467 452 949 53 198 973 189 591 283 493 929 
19 135 43 843 784 248 645 836 514 859 762 383 99 787 18 459 316 601 52 867 
20 883 381 529 747 693 719 814 626 958 662 924 694 7 194 91 414 601 759 875 951 
20 883 652 639 257 908 543 302 842 861 955 668 447 529 779 859 879 127 661 6 453 
19 274 728 866 394 183 287 80 813 608 450 887 23 711 931 615 492 934 681 794 
18 867 763 709 643 920 912 847 680 982 177 217 319 104 588 683 72 439 566 
19 601 429 901 63 686 932 163 34 5 758 348 695 954 525 9 641 441 459 681 
20 277 809 85 500 761 638 255 3 273 978 48 782 698 682 683 947 805 616 214 159 
20 796 15 873 748 687 344 302 689 238 523 547 946 23 135 363 641 515 508 815 779 
18 10 368 182 90 124 149 415 436 76 536 928 169 807 761 542 813 788 101 
19 629 437 454 849 345 129 512 31 187 492 754 495 54 945 375 100 83 694 955 
18 471 7 616 817 669 303 384 305 667 211 852 117 85 105 478 894 810 432 
19 463 509 840 945 506 785 731 654 343 901 113 619 419 308 312 678 671 455 824 
20 464 948 727 126 615 969 284 156 937 924 473 385 353 748 904 460 228 593 671 532 
17 981 696 904 638 20 650 612 811 849 669 215 623 233 413 467 245 75 
20 990 599 131 619 451 767 111 189 947 927 769 872 475 717 694 964 940 535 42 682 
19 781 980 172 247 48 452 644 199 201 9 550 229 246 600 624 289 653 335 671 
18 262 597 901 717 601 89 218 65 172 731 882 979 645 281 690 73 503 783 
19 682 313 803 767 865 26 858 204 932 869 821 662 289 698 470 105 272 198 861 
18 685 42 514 66 181 692 147 669 46 201 414 219 204 380 822 968 911 65 
19 220 20 817 866 730 825 931 321 470 585 439 694 988 294 425 451 510 648 706 
18 566 564 836 431 72 593 543 389 380 63 5 692 580 4 776 135 265 289 
18 231 465 481 908 332 324 72 269 423 987 92 381 810 884 359 656 120 104 
19 725 742 879 444 976 24 832 272 622 817 23 845 487 877 853 796 925 365 951 
19 745 991 510 255 333 300 884 755 8 777 955 69 459 243 114 843 18 978 261 
18 457 358 53 570 320 218 658 259 915 270 713 527 420 106 747 377 596 278 
20 962 718 691 115 273 947 831 400 199 64 480 252 941 303 313 539 731 144 53 889 
20 269 262 87 858 126 817 52 855 898 648 395 466 437 346 799 131 615 153 398 260 
18 59 766 773 343 685 325 965 629 231 199 912 450 304 458 555 156 318 7 
17 941 210 424 759 263 694 680 367 823 74 764 112 658 528 845 755 857 
20 96 606 19 401 62 174 410 757 27 98 161 907 388 407 235 123 321 886 667 386 
18 983 638 467 19 569 924 86 411 414 771 252 606 613 982 507 753 637 303 
18 917 652 570 318 970 167 117 282 348 353 686 836 35 738 516 303 273 615 
18 602 421 671 133 359 235 384 517 162 949 441 385 870 395 431 446 650 153 
19 818 737 751 59 978 672 403 918 183 687 635 506 358 788 538 219 18 191 928 
19 306 972 960 545 844 780 329 644 181 425 852 849 693 620 729 670 619 827 860 
18 201 139 118 854 633 40 227 331 728 583 494 724 291 674 61 148 315 895 
20 765 296 433 814 746 708 840 823 229 244 471 63 142 489 20 207 947 552 466 143 
18 200 448 604 527 237 373 613 586 291 738 427 111 988 820 583 310 626 222 
19 494 970 90 61 493 531 57 926 627 212 307 599 968 173 872 539 825 46 43 
19 685 720 479 164 818 828 599 627 957 686 892 752 520 441 895 589 130 609 860 
19 276 556 598 390 176 968 46 979 65 815 809 69 450 736 880 10 552 905 159 
20 830 663 348 447 768 47 483 983 531 510 523 758 592 404 155 93 679 452 890 448 
19 801 28 416 718 331 642 397 4 893 489 473 534 792 399 327 55 170 610 266 
18 336 645 919 2 427 560 556 189 387 736 550 29 470 594 294 712 941 526 
18 124 99 843 188 563 430 885 220 859 24 899 489 839 580 566 6 315 928 
18 220 417 101 716 164 606 411 660 519 297 40 910 875 416 287 133 876 553 
19 762 224 401 131 906 624 470 884 843 227 88 246 868 53 364 653 882 381 739 
19 65 304 453 514 955 963 83 958 374 45 656 300 509 824 812 428 772 332 729 
18 200 491 562 344 431 586 839 805 308 108 967 930 512 281 100 912 672 620 
17 84 505 321 4 672 446 251 191 517 554 181 632 765 533 392 941 349 
20 30 370 63 446 106 864 372 108 72 87 473 378 807 505 970 916 110 509 630 202 
19 319 442 972 680 107 172 81 47 94 218 195 239 814 767 475 988 139 33 220 
20 500 425 560 844 648 949 454 159 110 787 349 75 520 819 923 916 3 741 966 421 
17 253 506 364 315 754 736 164 100 130 820 491 382 257 789 455 515 317 
19 543 116 139 234 8 381 287 125 496 944 491 528 445 17 437 947 933 807 523 
20 338 678 37 9 685 170 401 559 125 499 868 135 675 558 653 329 800 500 247 793 
19 869 68 532 717 2 721 48 720 44 496 257 298 198 446 285 436 398 779 386 
20 558 909 753 713 548 115 441 395 174 368 934 187 757 75 366 182 823 9 979 281 
20 391 733 110 658 909 510 309 795 373 378 660 260 24 924 279 377 81 89 804 270 
18 977 270 850 848 209 75 362 992 960 760 168 156 176 129 194 356 349 210 
19 692 327 795 555 273 166 750 810 677 293 717 23 175 660 316 313 297 931 511 
20 26 556 497 266 763 69 635 867 172 8 369 446 417 146 553 930 310 503 232 741 
18 188 831 436 659 339 151 148 730 380 903 771 947 804 484 157 368 928 434 
19 68 241 570 858 463 41 509 536 818 670 386 84 701 562 593 784 948 609 811 
20 173 815 130 527 492 73 927 434 414 511 852 657 613 510 796 191 406 959 849 575 
20 353 846 739 40 594 615 884 315 425 487 508 363 274 475 269 472 418 190 955 766 
20 353 218 947 429 113 679 759 747 391 930 466 407 500 35 582 789 169 109 463 742 
18 710 220 982 27 760 660 609 762 863 794 395 546 55 940 360 113 557 858 
18 747 243 198 165 680 31 112 176 822 963 244 743 423 704 80 717 183 855 
18 587 576 136 952 293 328 158 599 895 437 112 107 530 295 904 925 21 572 
19 751 156 483 169 417 772 798 378 902 71 981 791 757 954 555 110 710 137 307 
18 322 132 451 699 96 417 834 70 409 249 906 472 532 694 129 722 925 882 
18 765 984 332 823 966 236 829 138 609 871 149 358 415 738 346 200 454 792 
19 699 991 757 380 216 155 386 361 566 13 644 243 125 738 972 581 198 476 559 
20 618 405 505 756 180 22 130 192 108 152 44 939 229 287 750 859 226 485 119 288 
19 343 437 232 624 548 31 494 847 243 51 977 279 797 703 322 924 776 868 725 
18 78 843 592 857 168 617 499 401 304 630 924 99 262 777 251 257 137 915 
18 399 603 590 490 878 161 26 100 330 674 663 475 403 187 11 539 675 658 
19 204 952 435 346 754 800 330 413 693 152 57 421 107 634 454 48 538 663 124 
20 10 634 399 895 43 667 869 709 13 335 523 12 140 719 73 571 289 605 42 318 
20 74 948 51 236 400 482 92 82 13 845 176 523 217 531 114 574 663 891 357 967 
20 547 932 298 617 189 775 164 959 118 42 39 167 180 817 831 191 237 497 225 510 
17 570 960 165 31 283 404 746 671 186 354 498 119 1 125 292 665 313 
18 184 320 636 656 243 757 955 590 539 280 867 174 144 425 248 192 127 549 
19 779 1 526 172 585 661 941 435 198 477 384 489 899 756 294 215 883 752 124 
20 514 942 724 152 187 581 615 331 986 87 182 576 4 582 47 11 427 702 78 868 
20 723 232 446 810 554 485 147 135 428 927 411 934 844 162 130 529 12 877 233 822 
19 425 332 306 418 440 119 752 35 984 604 823 509 981 132 134 292 506 950 542 
18 610 958 19 631 264 96 784 280 490 298 796 675 735 531 556 76 255 938 
17 92 519 756 610 879 82 665 170 468 130 48 798 334 358 847 371 389 
18 910 232 293 239 286 500 697 234 37 108 365 525 65 938 739 130 569 719 
20 825 35 989 781 902 503 704 378 717 581 710 403 836 204 629 792 968 986 63 778 
17 584 877 171 645 43 869 388 768 572 240 290 681 459 959 619 376 837 
19 523 436 587 576 951 308 354 912 495 442 324 456 537 965 461 295 871 401 220 
18 636 2 723 465 436 342 208 562 684 773 836 817 887 655 847 299 147 686 
19 947 932 64 807 401 140 192 983 865 555 416 773 601 279 434 469 446 239 675 
18 544 545 40 868 870 842 181 621 623 466 888 984 226 536 550 960 516 687 
20 853 325 259 777 400 930 723 835 884 58 971 680 706 677 882 263 963 595 199 669 
19 639 468 227 643 721 220 883 567 7 519 356 76 945 250 136 428 64 348 343 
19 465 906 1 400 223 607 469 578 876 502 920 330 360 750 537 227 348 476 68 
19 507 572 352 843 397 931 803 413 340 767 719 754 720 139 437 854 114 348 938 
19 724 48 383 766 698 761 795 563 510 702 481 906 963 276 745 687 637 783 1 
20 203 856 255 565 902 11 233 743 88 680 5 568 798 90 336 337 40 684 755 940 
19 619 962 291 27 218 92 753 208 776 124 381 191 752 726 577 835 192 284 299 
20 620 778 884 176 304 363 437 510 581 556 119 871 763 257 843 411 239 210 207 967 
18 444 422 247 475 883 844 786 135 959 934 46 585 716 221 123 171 971 257 
19 672 437 267 232 909 472 217 110 469 668 899 405 127 155 493 730 64 139 443 
19 213 972 633 732 25 144 661 985 498 839 779 320 270 229 585 178 938 561 36 
19 775 828 696 316 718 861 439 525 977 218 332 655 465 284 501 420 86 202 649 
18 506 150 185 693 242 147 21 770 222 508 351 683 405 365 411 939 517 718 
20 302 868 250 124 928 659 608 320 689 918 117 902 49 7 933 746 795 507 429 458 
17 964 172 623 209 17 339 450 383 572 484 127 899 886 325 202 176 141 
19 659 917 518 413 865 664 570 691 402 190 214 243 651 258 24 989 444 678 843 
17 880 665 492 323 802 110 31 279 226 16 401 954 678 558 945 664 992 
19 452 75 488 227 126 627 47 14 609 538 102 653 46 942 161 12 188 950 61 
19 962 238 452 887 456 585 288 767 901 807 497 142 88 761 116 913 780 276 740 
18 27 133 542 54 247 411 792 975 21 408 342 874 56 9 461 808 120 633 
20 974 294 351 84 225 667 744 474 340 297 256 128 404 191 399 911 509 949 396 891 
19 337 10 331 566 714 286 853 59 920 873 882 856 490 421 294 919 483 40 391 
18 592 41 885 262 862 648 313 922 707 947 580 109 958 269 600 517 704 30 
19 229 913 108 824 333 128 893 180 418 721 660 919 614 661 405 73 653 681 745 
19 69 516 305 88 445 361 893 201 480 879 581 457 417 520 685 124 194 624 402 
18 437 907 759 34 722 564 925 771 859 451 792 133 239 295 533 46 484 755 
18 677 13 127 192 423 967 725 837 562 366 588 114 240 757 460 323 675 80 
19 78 199 453 217 443 323 880 977 59 430 8 174 243 647 262 302 145 38 756 
20 670 635 402 606 469 121 60 463 452 17 732 348 170 106 164 832 316 960 77 240 
19 772 561 197 677 310 707 355 565 132 250 799 490 528 108 750 246 32 68 975 
19 39 166 36 951 328 113 578 240 251 383 682 602 215 506 324 694 375 350 787 
18 533 291 741 348 385 549 862 243 379 573 485 589 739 840 320 67 394 846 
20 384 373 301 988 931 491 394 838 220 683 225 820 197 214 77 200 81 881 598 546 
20 843 878 575 827 412 858 782 828 940 313 257 988 391 161 297 268 435 357 40 567 
19 714 431 767 565 130 407 983 390 290 236 437 59 235 650 278 9 255 444 383 
19 563 561 231 56 178 589 260 214 14 923 31 239 468 570 952 762 657 700 652 
19 585 841 665 545 885 166 892 383 941 810 242 527 798 420 650 784 99 605 202 
20 782 722 376 355 940 209 186 361 835 338 574 411 35 634 14 545 700 618 803 739 
20 441 972 110 769 224 300 350 945 929 471 986 445 509 821 342 28 654 927 102 200 
17 46 507 180 154 412 991 981 684 120 318 748 92 549 894 24 278 345 
19 242 90 722 939 52 727 976 283 900 964 717 335 604 923 298 960 230 608 342 
18 300 582 368 188 151 190 723 278 793 848 929 348 884 349 199 602 831 150 
19 804 696 621 851 712 225 426 280 318 732 150 19 670 356 924 4 294 342 460 
20 646 144 772 324 264 443 98 259 330 291 737 938 599 958 561 171 951 860 230 797 
18 468 374 544 448 777 792 320 457 602 545 610 788 29 308 588 375 569 400 
18 723 950 482 751 711 181 883 471 542 158 220 120 881 439 294 795 388 896 
18 863 498 966 511 868 80 814 171 48 502 106 612 513 926 130 231 131 578 
20 795 970 943 651 84 301 118 437 554 419 445 547 652 399 380 410 416 391 135 15 
19 722 182 547 806 683 969 395 58 211 174 157 882 70 278 758 816 1 263 703 
18 180 951 753 150 149 160 45 426 655 894 60 165 274 985 674 9 285 630 
19 265 796 339 58 585 700 704 529 628 940 95 816 611 573 158 755 609 561 984 
18 680 98 62 773 453 567 968 340 230 511 974 789 655 981 459 376 856 931 
19 421 324 511 398 374 813 203 688 904 65 525 230 549 419 986 323 697 71 579 
18 921 141 981 636 79 868 16 435 59 65 909 218 653 913 692 71 335 66 
18 3 758 684 590 910 836 543 261 167 121 649 36 635 766 62 484 992 859 
18 25 219 874 436 762 622 192 372 790 788 592 736 56 156 45 101 394 487 
17 795 990 246 743 554 632 124 380 359 710 496 848 464 661 201 827 758 
18 86 912 453 506 683 948 661 685 540 43 851 878 712 612 843 794 419 88 
19 296 539 875 115 967 299 522 308 979 397 808 496 219 899 255 576 94 924 429 
18 526 747 208 670 407 414 142 38 635 394 334 984 429 233 775 225 992 205 
20 806 436 257 619 599 217 976 448 896 491 137 909 459 325 883 989 502 660 26 570 
18 108 781 782 551 64 706 137 16 708 125 656 531 146 582 721 923 455 265 
20 127 554 589 557 916 652 735 337 957 435 681 212 869 513 882 180 619 963 325 990 
18 284 219 669 780 111 542 491 688 453 265 13 653 216 187 338 209 781 798 
19 558 468 846 224 850 831 795 947 453 557 291 215 447 681 533 825 19 966 919 
18 16 165 333 741 836 413 727 922 979 381 263 769 264 524 132 399 564 359 
20 248 531 718 687 805 324 894 630 713 903 198 540 512 645 263 547 984 346 703 113 
19 932 86 826 903 446 907 471 499 768 231 47 672 46 681 969 48 132 433 258 
20 106 485 650 550 164 625 275 837 260 336 571 934 257 791 745 395 361 543 1 388 
18 302 855 60 839 285 859 697 34 780 342 861 963 723 143 36 480 215 891 
20 708 693 26 491 217 389 468 875 239 399 408 736 246 479 91 456 176 911 373 713 
20 490 590 364 385 83 495 719 189 941 522 153 228 295 315 199 79 774 102 990 567 
18 908 766 199 279 644 349 139 598 366 447 206 521 820 981 385 815 495 805 
18 29 243 884 83 794 812 213 295 139 299 768 709 270 56 379 701 515 418 
18 833 671 252 927 761 444 582 319 655 752 424 416 766 139 517 943 46 929 
18 562 15 508 246 103 279 29 473 949 520 902 845 724 853 418 669 79 10 
20 941 961 225 812 229 516 699 974 188 107 143 845 826 548 939 629 483 69 429 691 
20 729 706 15 649 630 864 781 980 551 61 262 613 946 222 783 448 529 605 25 458 
18 180 193 664 293 673 24 210 62 288 792 331 189 825 942 148 188 835 111 
19 442 893 525 771 57 578 56 559 71 611 510 749 120 896 992 186 811 277 192 
20 31 283 338 791 392 814 978 255 788 874 298 959 267 618 400 94 388 781 527 448 
20 317 157 864 991 473 412 685 780 873 295 205 850 583 609 318 282 79 402 239 569 
19 822 487 299 904 102 828 461 798 731 457 923 773 568 216 716 74 985 675 510 
19 767 855 894 131 944 277 909 481 183 61 925 938 550 475 261 973 889 679 576 
20 845 627 567 134 422 166 440 648 852 777 388 975 451 90 980 180 207 597 872 923 
18 42 441 523 510 246 49 689 8 252 56 499 455 413 261 701 461 913 684 
18 192 267 618 542 466 531 699 134 70 350 635 944 451 761 169 692 212 206 
17 209 414 924 757 769 89 242 430 659 732 686 728 547 339 174 614 648 
20 752 39 433 698 900 599 750 867 407 564 751 950 652 182 879 895 84 532 518 359 
19 358 547 541 524 221 396 295 836 685 263 331 955 702 19 819 845 210 899 261 
20 356 616 685 973 739 510 515 795 265 394 774 564 512 884 11 757 788 477 845 55 
19 816 825 648 291 778 746 33 975 635 725 814 223 346 158 443 645 430 271 120 
19 843 398 503 901 849 418 565 759 941 218 239 928 969 874 934 883 251 818 933 
17 895 165 963 970 255 170 80 171 7 350 853 241 984 386 675 633 837 
19 418 991 409 905 86 929 856 674 666 260 365 899 383 534 918 258 129 562 406 
19 341 965 991 443 123 736 374 708 883 438 312 527 257 118 53 635 662 158 915 
18 323 12 561 585 534 463 334 485 75 892 299 943 159 652 197 752 52 460 
20 876 293 710 109 477 826 679 61 813 523 155 400 883 49 28 45 156 633 394 949 
19 972 53 761 714 292 782 139 440 203 99 684 556 182 382 990 490 868 100 945 
18 9 621 38 52 373 826 890 925 478 906 152 528 391 222 817 551 927 909 
18 116 451 335 495 37 261 723 619 565 731 778 529 215 856 39 17 80 462 
20 548 244 12 97 884 308 37 178 857 700 918 207 460 477 102 571 456 322 819 820 
20 88 100 833 326 633 314 154 592 975 665 428 806 910 658 266 205 486 264 730 798 
19 196 732 410 689 810 606 564 300 96 266 22 11 12 329 750 608 600 208 161 
19 979 843 117 346 405 382 303 721 931 397 394 407 7 212 17 793 445 456 341 
18 493 558 4 173 767 311 483 121 276 974 963 922 139 360 514 866 824 280 
18 294 721 644 79 61 302 177 517 286 333 312 479 306 845 89 186 513 359 
20 429 969 410 528 643 157 719 8 465 25 202 499 573 474 557 582 854 415 283 841 
19 500 99 850 294 895 392 750 843 630 510 732 955 765 658 132 242 576 782 5 
19 407 261 401 245 946 46 916 213 876 919 662 652 207 695 912 36 865 434 529 
18 128 55 265 443 847 105 220 472 534 612 468 215 423 51 76 5 59 421 
19 478 455 984 259 102 225 630 842 800 559 218 285 9 610 648 470 743 815 568 
18 667 625 27 333 521 959 944 279 846 295 265 310 395 39 9 272 114 123 
18 781 374 401 447 304 542 449 322 869 207 836 351 906 504 116 973 969 451 
18 567 303 643 852 459 573 638 491 273 262 679 609 218 226 58 115 625 624 
20 204 534 85 374 408 444 53 128 820 916 804 363 723 434 568 838 894 717 193 724 
18 730 621 344 821 985 150 873 786 898 32 805 787 815 596 932 901 205 885 
17 443 430 306 597 564 943 627 655 729 445 913 905 132 309 895 584 375 
19 819 373 751 454 76 607 658 418 660 350 168 445 944 579 319 196 959 985 23 
18 423 941 466 529 498 193 682 926 473 401 239 448 424 35 730 450 457 756 
18 625 323 201 958 194 533 823 419 30 668 449 839 976 444 517 245 205 85 
19 60 781 122 803 589 689 812 352 263 810 972 71 636 894 574 637 842 195 747 
18 203 665 865 298 343 840 833 34 314 480 94 497 229 509 478 664 199 31 
19 549 121 182 571 775 355 32 842 929 785 289 418 366 777 233 529 784 966 47 
20 298 673 4 945 121 865 681 649 574 519 721 661 607 326 823 505 319 249 408 570 
19 810 641 405 188 643 112 95 620 156 152 662 367 979 723 888 794 682 826 293 
18 638 628 934 344 495 880 903 406 237 204 449 587 691 855 683 264 849 528 
20 401 746 810 717 859 843 337 36 454 652 256 118 839 129 566 353 957 328 945 776 
19 641 54 17 198 523 402 920 666 314 38 52 252 607 827 59 705 693 649 674 
20 465 789 688 411 549 53 362 365 49 307 651 493 333 945 299 469 50 251 668 532 
18 706 266 946 970 777 28 434 726 713 398 579 561 941 833 526 475 246 608 
19 760 119 957 542 225 965 813 484 359 299 772 945 11 908 170 677 50 420 833 
19 619 927 807 731 413 774 295 804 574 579 640 434 898 895 685 734 86 385 530 
20 86 139 467 237 550 876 880 972 66 813 135 70 902 216 958 451 631 106 566 257 
20 277 851 595 558 671 858 271 93 768 761 150 838 881 506 132 591 265 371 260 825 
19 862 916 650 142 239 957 36 10 842 438 189 899 614 664 602 436 13 798 561 
18 925 261 16 680 17 372 665 491 419 931 777 156 547 271 679 231 797 173 
18 293 843 507 822 295 825 560 810 270 761 113 278 794 365 708 756 951 438 
19 683 446 428 449 781 931 326 196 350 688 182 47 134 841 759 37 899 589 166 
18 863 399 276 96 758 922 847 330 189 393 931 850 362 100 155 280 53 567 
19 303 944 862 302 689 729 306 140 51 846 154 805 317 706 429 740 304 707 249 
18 685 8 890 100 947 56 134 894 249 981 703 17 382 470 702 692 29 375 
19 748 758 20 162 584 922 357 335 511 667 260 203 573 793 390 273 905 84 281 
18 153 327 167 938 957 36 886 445 743 590 740 274 26 650 575 420 48 456 
19 970 849 872 57 263 117 111 491 447 7 102 896 287 579 283 727 602 578 52 
20 131 117 33 492 958 301 588 149 326 171 251 7 235 107 875 934 42 305 144 433 
19 583 900 881 90 697 189 522 926 824 816 455 38 693 801 156 879 984 957 897 
20 83 403 641 972 927 158 642 357 495 929 353 289 801 355 958 35 662 714 784 493 
18 471 628 825 961 348 418 108 828 782 320 62 669 403 389 577 92 99 373 
17 447 758 404 579 906 568 30 788 243 444 725 642 540 513 451 606 641 
19 205 595 766 869 605 193 491 117 864 414 72 586 44 367 481 812 510 345 758 
19 787 989 350 826 857 226 623 276 430 936 626 532 331 367 486 235 569 306 767 
20 616 809 130 192 241 779 267 906 900 313 790 339 663 636 723 283 190 219 788 601 
20 742 821 582 502 805 184 30 976 957 636 448 294 666 517 530 494 668 951 907 960 
18 193 553 314 43 988 265 524 458 445 503 905 909 585 366 879 964 675 219 
20 495 264 157 979 754 424 486 401 471 580 567 548 142 885 464 150 941 692 412 658 
20 768 376 75 51 316 393 25 13 15 624 34 577 776 515 389 209 878 519 38 621 
18 552 622 270 638 263 845 277 434 63 553 872 352 608 549 468 550 677 57 
18 267 862 767 430 69 431 25 8 133 770 309 989 929 924 501 152 55 779 
19 640 788 521 95 134 674 936 912 517 458 182 61 825 610 960 878 408 865 411 
20 704 961 358 880 331 221 654 247 758 477 723 449 742 620 664 202 825 780 916 329 
19 276 28 777 508 325 819 562 347 816 698 343 458 820 408 869 818 984 308 483 
18 445 331 574 970 542 329 150 320 37 345 842 257 977 860 846 461 205 979 
19 831 132 130 265 572 303 80 788 743 767 991 42 62 786 639 706 731 717 516 
18 105 9 446 815 125 744 49 230 745 724 659 973 802 246 451 906 235 251 
20 864 372 44 227 328 720 609 807 418 292 413 519 101 555 939 507 808 256 55 653 
20 756 645 863 552 180 9 599 831 367 83 720 252 559 746 50 255 196 216 682 319 
20 183 80 727 791 935 321 145 797 226 715 28 332 324 388 50 26 910 911 182 107 
19 169 923 212 771 426 442 450 247 824 237 602 652 238 28 403 2 813 553 902 
20 558 551 92 446 241 621 486 416 921 782 126 796 967 583 757 83 810 571 452 392 
20 800 710 419 644 69 538 63 585 312 797 414 223 143 704 975 763 123 252 876 433 
18 430 664 535 379 287 904 489 624 304 590 617 612 543 465 386 173 840 529 
20 218 399 74 479 236 678 921 545 163 156 63 855 609 739 53 398 406 269 495 60 
17 792 381 202 584 656 40 267 924 538 509 757 814 47 222 795 297 528 
18 224 542 656 584 497 666 625 471 910 934 561 308 6 386 357 852 110 279 
18 46 525 247 398 10 58 567 38 69 9 140 580 306 982 701 569 254 862 
19 471 440 955 454 866 875 50 233 198 835 264 217 216 740 821 219 524 741 511 
20 673 719 160 500 636 652 143 565 450 736 253 436 753 823 419 69 583 860 720 138 
18 102 857 24 363 924 184 262 887 103 628 182 149 569 574 432 744 382 487 
19 144 214 835 508 412 528 774 644 570 674 335 580 523 505 5 849 776 673 498 
19 587 196 266 301 677 55 801 318 804 695 192 757 3 926 414 390 537 680 470 
20 314 925 666 832 846 192 814 79 622 250 938 701 441 389 739 120 355 352 397 219 
19 484 907 155 426 691 700 446 571 599 561 328 142 167 497 573 376 95 131 202 
19 571 613 663 32 267 113 510 389 788 724 653 966 890 872 82 30 718 436 297 
18 18 8 446 239 859 770 352 762 353 268 406 909 681 419 575 354 731 728 
19 47 136 206 696 915 592 975 124 189 722 375 837 309 173 438 564 204 42 735 
19 248 482 907 146 951 102 134 6 804 941 658 720 382 300 639 321 240 120 729 
20 913 538 255 437 981 790 649 740 837 502 522 399 93 940 925 174 823 880 662 518 
19 209 235 493 90 785 183 673 498 989 651 549 643 505 37 537 98 520 725 948 
20 50 652 910 46 332 796 152 83 797 819 643 84 325 415 630 965 833 720 830 557 
18 974 953 860 229 284 454 227 731 667 136 945 272 354 248 69 201 133 609 
19 304 845 436 363 536 590 589 39 275 368 776 394 84 686 539 737 301 843 906 
18 784 931 265 615 368 544 582 341 676 711 489 224 672 448 835 934 301 477 
17 1 318 65 389 171 295 240 645 384 154 271 55 691 643 287 167 490 
20 127 246 917 103 714 283 692 611 290 564 971 954 355 670 648 833 732 707 992 541 
18 888 793 818 418 331 158 120 816 575 141 588 264 481 338 544 266 52 77 
20 668 325 976 923 692 508 334 23 814 107 769 299 589 168 834 820 885 543 912 395 
18 731 561 241 119 514 83 3 775 257 770 125 644 753 802 874 134 289 112 
18 387 906 903 292 220 616 388 736 702 636 281 769 850 472 124 657 416 189 
18 805 159 657 68 224 84 720 529 286 428 683 616 79 661 962 489 167 115 
18 847 58 503 708 64 92 588 669 894 819 887 476 919 124 635 531 637 814 
20 946 810 624 254 733 540 492 135 561 482 90 149 358 959 991 169 806 89 324 735 
19 380 202 315 675 599 303 421 197 149 805 288 352 516 423 496 730 622 573 861 
18 402 210 985 22 314 851 270 629 191 595 543 170 53 351 245 847 591 509 
19 70 939 169 142 587 836 728 795 8 402 827 913 167 182 247 894 179 689 720 
20 10 80 41 764 964 247 363 185 346 313 558 256 460 513 635 98 794 292 760 206 
19 47 775 91 219 926 990 361 811 438 294 293 265 698 944 920 794 238 384 755 
19 446 87 583 379 160 641 250 787 15 718 843 979 247 929 490 267 809 168 550 
18 547 34 279 368 446 42 290 298 740 295 665 923 749 655 539 551 536 381 
18 877 179 856 793 990 929 903 306 618 132 275 980 53 374 816 766 909 623 
19 914 735 595 619 669 426 26 144 824 659 195 672 807 336 213 92 661 590 518 
18 628 989 93 265 861 720 88 360 462 733 928 176 483 331 422 569 381 247 
18 872 838 434 100 703 270 720 634 211 704 917 487 244 576 159 157 624 250 
18 78 171 138 890 792 223 691 396 170 708 224 739 523 282 439 363 311 626 
19 193 520 459 419 435 69 858 347 200 487 988 879 411 942 320 595 888 114 2 
20 277 959 698 919 432 219 448 516 640 788 577 182 535 968 912 483 576 442 14 471 
19 324 167 281 722 516 521 197 760 872 627 752 879 758 278 835 577 279 852 873 
20 549 478 299 117 323 355 484 937 433 231 743 24 290 112 654 953 345 346 573 98 
19 682 405 683 552 169 958 547 371 630 923 809 347 493 343 816 251 660 672 21 
19 646 407 388 63 118 213 64 421 629 287 736 231 66 23 45 76 347 550 406 
19 804 682 181 40 567 520 557 416 425 817 41 584 340 614 596 402 108 686 448 
19 491 413 933 868 532 197 374 432 165 988 286 136 549 989 913 725 283 346 35 
18 401 191 839 663 154 659 359 245 88 99 578 435 2 974 594 113 495 64 
18 354 734 733 106 532 967 686 156 908 756 769 794 765 125 245 873 334 519 
18 826 696 2 930 386 49 782 580 262 102 920 444 281 21 833 907 923 857 
19 490 224 391 26 256 570 21 441 445 49 455 314 706 230 900 464 680 958 986 
19 32 342 345 704 833 356 181 538 515 189 609 367 149 280 914 571 299 888 938 
18 248 134 324 500 974 402 766 948 156 115 180 203 460 884 8 418 7 146 
17 271 707 242 781 206 118 121 659 186 33 228 752 519 457 803 825 669 
19 295 157 586 887 670 715 946 639 854 192 270 388 531 746 807 642 721 505 897 
19 351 25 753 647 458 143 428 656 877 903 325 655 464 819 146 393 103 362 853 
19 786 45 276 115 18 570 52 567 114 315 12 788 892 660 426 672 157 589 268 
18 895 304 822 268 172 416 334 777 329 892 554 706 201 669 853 396 266 732 
19 98 782 933 254 369 50 142 287 393 509 876 334 990 469 785 386 468 128 696 
20 137 372 437 667 824 45 802 861 76 322 241 181 713 944 25 922 986 656 67 715 
18 350 293 557 988 645 763 585 30 206 663 209 45 402 603 28 600 115 968 
18 386 105 145 589 741 89 333 545 97 82 133 63 478 914 653 550 874 237 
18 247 762 933 807 521 880 560 522 620 473 144 98 799 668 336 475 334 684 
18 34 356 912 671 468 624 925 532 525 61 48 68 385 634 816 894 169 581 
20 721 309 248 180 761 326 18 523 328 285 306 711 754 247 170 268 198 53 380 214 
17 624 205 433 857 531 191 790 300 920 563 156 874 986 131 427 327 908 
19 277 509 365 345 756 372 176 214 539 422 936 533 261 844 607 568 338 852 980 
20 484 340 667 326 25 364 408 112 814 444 67 926 190 690 715 810 410 119 306 816 
18 142 848 869 923 267 765 872 735 793 629 661 15 823 593 444 239 472 492 
19 865 612 413 951 687 948 235 774 402 15 282 184 440 565 784 283 732 991 174 
18 332 878 765 187 652 118 468 550 533 487 95 884 694 681 726 950 638 824 
18 617 372 588 924 872 554 549 561 923 639 829 859 161 791 365 325 512 926 
18 254 145 682 404 643 989 218 862 473 739 790 554 510 309 465 113 359 358 
18 337 368 580 181 256 805 624 238 674 394 507 866 458 632 895 544 514 745 
20 268 426 865 21 469 238 233 643 287 886 508 355 103 851 58 558 428 10 210 578 
20 666 832 59 64 515 529 14 94 251 161 481 253 906 911 84 2 653 450 432 312 
19 614 881 986 838 449 374 851 771 903 349 139 209 496 36 984 447 328 350 403 
19 266 932 359 710 82 122 37 913 326 910 498 395 686 12 38 675 125 703 748 
18 84 937 817 252 912 523 897 919 58 855 905 738 368 99 727 913 439 548 
17 802 335 212 198 71 347 271 662 26 685 183 467 453 342 479 748 853 
18 802 232 390 384 855 873 449 487 456 136 3 775 804 620 671 396 517 337 
19 811 872 194 914 172 247 775 517 451 493 406 279 206 329 91 669 105 855 962 
18 663 302 136 414 814 505 382 367 303 454 910 921 205 529 283 902 73 832 
19 704 598 367 836 303 649 91 226 573 492 88 190 878 341 544 747 194 336 710 
20 109 30 773 31 82 859 673 867 438 473 860 540 491 126 64 441 768 891 158 355 
19 815 360 896 69 827 82 665 990 736 262 19 209 712 899 406 4 401 73 920 
20 527 454 853 487 840 241 413 620 321 780 624 12 795 433 96 578 419 233 985 173 
18 627 835 617 475 757 54 513 74 611 314 820 634 977 703 802 500 420 506 
18 424 204 277 769 859 682 586 783 460 569 307 795 418 36 536 133 606 639 
18 584 288 243 801 596 502 795 207 802 534 409 429 711 80 460 189 663 374 
20 566 887 892 506 10 371 146 940 962 332 61 927 434 731 170 200 804 257 509 809 
20 253 780 878 651 859 675 942 746 388 205 57 377 858 553 350 390 122 992 213 991 
20 261 519 331 973 103 606 140 869 409 357 113 944 310 666 855 799 579 884 806 835 
19 72 171 687 467 599 581 875 88 795 755 53 661 403 850 958 858 712 684 851 
18 379 891 752 514 142 945 563 555 171 117 654 788 322 785 592 385 348 150 
19 840 439 454 510 631 99 69 440 137 790 782 511 960 13 434 489 160 88 659 
19 598 221 16 77 244 514 317 358 688 307 517 685 847 207 694 659 339 887 748 
19 384 590 55 683 224 195 597 287 231 121 531 546 289 830 49 850 143 656 633 
19 18 387 548 225 743 189 379 477 645 613 512 103 252 585 662 965 403 75 272 
18 403 110 117 6 425 767 935 930 30 400 335 613 527 260 946 636 926 812 
20 585 321 533 837 473 264 969 962 614 540 500 412 444 472 764 105 917 187 602 944 
18 350 354 219 875 815 792 497 513 496 107 499 839 696 197 731 347 445 646 
20 33 544 623 645 360 917 519 311 838 685 295 851 126 56 24 335 570 599 684 985 
19 127 302 10 650 960 318 923 617 488 882 444 262 365 18 979 257 679 268 929 
20 695 254 402 616 244 537 427 714 755 381 403 979 637 893 838 467 17 408 874 486 
19 441 904 731 503 322 426 484 397 81 254 903 948 650 61 291 954 339 571 50 
19 319 837 71 69 340 688 682 498 525 293 252 917 909 105 73 420 83 831 704 
20 158 587 57 737 260 257 82 202 197 178 322 96 596 935 970 497 161 962 465 940 
18 187 841 242 562 198 697 9 25 191 67 957 192 823 718 579 968 986 399 
19 201 148 582 961 356 686 785 681 767 254 979 693 336 366 934 648 856 707 59 
18 877 778 161 907 879 769 638 944 840 536 497 897 405 518 873 609 410 481 
20 673 753 475 381 711 646 424 79 822 875 134 655 649 906 813 261 427 245 221 314 
18 237 211 805 151 950 837 966 865 887 486 886 127 774 373 458 771 435 286 
17 675 258 488 183 616 157 924 30 402 449 607 40 611 681 31 618 335 
17 592 413 671 563 498 351 557 1 602 208 955 440 852 90 920 612 786 
18 377 329 976 92 392 175 399 623 393 795 463 208 6 789 168 561 348 424 
20 897 713 708 407 427 513 221 307 409 93 847 953 590 807 312 282 741 46 447 744 
19 561 209 825 96 405 596 434 135 179 724 84 774 543 796 174 654 237 856 567 
20 366 375 945 69 645 261 588 966 711 971 73 928 403 910 218 721 134 41 258 131 
19 108 338 692 573 841 857 508 205 728 743 111 859 431 871 682 762 81 584 598 
20 980 243 440 802 704 100 832 667 888 475 846 152 388 330 348 168 726 9 943 369 
