1000
0 0 2 1 4 0 4 0 0 2 1 5 9 3 0 0 5 11 17 19 8 5 12 19 3 19 25 2 18 24 20 10 22 29 7 24 28 13 1 30 38 28 19 25 41 13 0 45 28 33 45 33 5 14 44 28 8 22 43 57 31 57 4 38 49 43 49 66 59 62 49 36 43 3 41 62 5 31 38 66 63 73 51 75 66 81 69 85 26 3 38 70 39 19 50 67 25 97 78 25 42 75 90 52 63 36 24 107 28 104 66 1 53 82 100 71 97 80 42 91 42 114 55 16 24 40 50 82 51 25 43 73 120 38 79 113 91 93 93 31 34 6 19 48 93 9 64 90 58 43 114 73 7 144 119 46 46 143 42 147 88 131 70 85 152 155 38 49 15 116 131 158 112 172 96 12 111 154 98 89 76 1 46 50 166 148 29 98 101 22 78 134 131 168 180 135 141 196 36 24 85 38 73 186 61 73 65 171 21 199 105 90 204 207 5 130 61 120 159 0 29 10 26 184 202 30 40 112 191 227 29 83 42 145 227 195 179 200 137 239 143 70 65 127 27 84 162 219 88 210 181 127 122 58 63 63 144 170 164 175 104 260 155 203 120 19 211 223 75 86 56 232 117 220 201 166 35 215 221 241 233 257 133 13 34 26 125 169 99 262 283 194 98 126 287 149 269 161 72 67 234 240 122 163 156 263 9 269 150 101 214 2 63 141 257 183 206 286 166 161 237 63 132 51 105 55 318 11 53 60 294 33 85 198 242 223 268 319 175 81 174 119 130 331 324 146 50 269 317 185 92 316 343 13 286 210 171 170 5 49 214 28 271 296 159 65 173 349 161 350 55 309 1 217 123 199 348 140 200 161 16 343 60 74 130 304 161 282 57 62 62 265 346 13 50 136 202 2 244 160 64 376 230 213 20 65 405 104 100 120 268 71 19 177 194 25 137 235 383 126 260 408 21 126 55 158 51 283 104 145 60 149 127 40 183 361 143 287 22 431 37 396 430 172 386 75 71 318 422 92 270 26 75 327 400 258 195 192 412 277 153 136 56 2 389 322 254 431 370 67 416 410 210 82 27 392 290 320 204 226 249 56 363 392 2 39 103 196 246 370 50 467 95 326 343 153 261 439 368 28 347 486 452 235 5 388 262 485 415 374 180 88 440 242 253 51 62 304 147 49 46 282 468 151 492 180 390 445 115 92 404 300 358 414 415 439 19 132 329 407 63 505 299 37 532 24 127 75 305 413 141 295 241 457 79 402 310 446 201 61 2 12 173 460 396 229 10 273 357 449 92 331 257 131 72 168 526 477 425 80 61 78 527 509 558 156 430 131 62 313 306 66 414 532 388 569 33 458 546 267 537 210 560 491 519 271 435 113 286 103 103 177 361 612 168 257 366 241 269 35 451 399 36 26 210 615 493 46 141 215 590 457 7 369 157 344 45 293 167 144 538 1 583 195 233 417 110 378 228 594 251 320 652 280 586 48 643 611 172 22 652 657 498 89 426 562 457 116 13 276 256 671 511 601 617 593 159 126 271 532 322 96 632 587 435 614 333 684 528 347 164 386 197 570 486 478 198 239 76 501 352 203 544 45 293 78 486 354 326 365 344 324 250 588 351 574 114 362 297 21 356 371 572 682 444 637 563 116 378 482 109 443 270 654 90 512 296 13 44 29 734 358 52 649 388 256 149 105 13 25 395 132 159 148 449 463 493 84 127 640 115 381 745 762 670 604 484 70 496 606 88 227 84 139 697 696 635 431 484 462 454 402 28 773 666 773 392 552 219 784 95 376 580 132 298 645 227 545 748 794 640 483 436 719 64 73 752 596 712 32 110 235 261 179 85 341 635 317 118 752 98 572 112 419 596 788 152 169 566 485 685 72 694 159 815 16 102 492 300 44 276 242 430 42 633 627 73 523 330 197 189 264 52 357 58 54 185 478 273 428 43 24 796 48 653 119 711 351 239 118 58 99 783 764 461 618 311 400 447 295 277 483 421 44 421 189 185 170 50 453 303 513 92 865 177 657 556 206 538 21 853 721 202 785 422 585 671 545 139 812 757 542 68 376 856 155 430 141 0 653 293 188 909 420 468 39 869 656 813 623 414 394 421 486 773 215 642 300 327 104 484 689 597 927 843 688 539 86 281 948 381 424 381 118 845 137 784 27 745 305 81 549 644 132 39 410 329 175 643 926 924 417 88 511 34 842 422 605 470 930 311 860 698 719 441 111 365 502 177 391 519 474 692 989 705 391 448 363 0 696 
1000
18 912 977 838 958 854 915 858 930 762 891 861 864 835 881 767 846 956 847 
18 766 875 873 958 882 815 907 823 986 908 972 773 837 762 808 871 942 761 
18 965 914 935 801 944 930 796 786 917 928 800 993 988 887 916 1000 776 911 
18 962 755 763 960 901 968 776 979 832 762 875 896 926 751 840 805 868 873 
18 910 900 973 872 997 787 837 768 754 879 964 989 962 985 808 857 830 758 
15 979 974 933 959 956 791 876 789 920 783 997 941 890 830 921 
18 911 999 771 872 833 876 762 847 904 780 955 950 969 793 953 987 892 965 
19 773 992 873 782 945 983 887 920 796 823 911 812 846 960 849 785 986 836 814 
16 826 756 927 937 886 867 915 750 980 779 892 942 991 836 861 830 
20 965 932 926 860 871 829 891 838 861 857 768 846 874 991 754 888 916 808 970 976 
18 773 881 897 760 941 866 880 969 888 831 896 919 848 867 876 872 770 942 
20 860 946 979 900 999 838 918 892 975 980 965 834 819 833 943 783 981 797 776 930 
18 797 925 876 877 778 878 777 943 998 774 983 772 880 890 761 899 869 882 
18 984 970 821 803 932 866 853 995 797 906 877 796 773 827 869 874 951 767 
17 975 756 820 972 823 967 938 952 900 941 878 817 805 765 882 883 757 
19 949 887 891 938 817 912 794 849 933 945 924 917 750 806 906 793 785 913 941 
19 903 916 859 904 870 779 944 953 960 933 750 949 841 884 915 932 802 764 877 
17 861 765 805 841 916 998 885 756 918 968 851 831 783 932 959 960 889 
19 920 972 781 761 958 835 889 871 918 758 828 953 992 779 919 765 839 997 967 
17 899 945 988 862 859 995 976 783 767 869 918 930 775 989 801 764 967 
18 797 815 997 828 769 925 959 886 895 764 884 899 922 909 991 954 876 843 
18 866 816 924 827 857 860 864 895 952 803 877 912 776 930 901 764 873 937 
17 997 871 989 908 929 938 816 760 847 761 968 873 954 974 759 872 795 
19 893 953 759 888 973 903 796 812 771 840 875 869 936 896 889 858 872 760 924 
18 846 960 982 831 905 935 901 787 771 930 915 880 800 945 958 832 827 757 
18 883 757 887 836 874 901 798 854 910 813 951 990 867 918 987 823 817 994 
19 766 806 927 831 987 933 928 863 823 827 799 794 881 974 848 885 946 818 864 
20 815 818 964 969 770 876 929 761 877 919 812 866 811 906 831 962 819 935 813 901 
20 799 763 775 817 941 969 813 899 936 830 750 884 794 761 822 872 903 864 934 977 
18 862 997 760 931 956 900 981 791 967 922 796 859 882 998 932 829 798 974 
19 930 855 994 868 895 857 845 971 757 828 762 787 853 901 967 965 981 761 964 
19 977 813 848 853 998 850 819 841 751 764 842 892 868 754 823 786 828 983 960 
17 790 841 974 990 751 852 782 994 851 928 919 927 768 989 854 866 883 
18 765 959 759 919 902 988 949 819 905 823 845 930 754 851 796 776 847 989 
16 822 979 891 829 942 805 845 989 932 896 984 850 902 922 843 959 
16 965 966 897 942 958 905 900 798 886 778 929 786 762 821 812 986 
19 814 805 906 823 804 864 884 931 850 773 756 898 989 885 783 753 976 929 796 
19 910 778 913 833 845 995 961 955 850 788 927 853 968 912 876 823 792 831 752 
17 808 863 947 981 931 797 779 930 996 980 866 968 932 787 896 877 911 
19 988 885 930 855 879 816 859 964 807 881 875 759 901 955 961 941 827 845 791 
17 932 792 772 752 750 791 787 786 838 763 885 884 883 977 967 761 925 
19 761 901 834 918 757 823 913 845 987 799 925 795 911 880 830 958 914 974 981 
19 852 961 831 880 976 845 922 759 819 758 982 966 951 871 934 833 948 864 902 
20 946 965 797 858 990 983 855 950 806 775 764 893 843 910 908 787 868 961 927 929 
18 775 858 840 790 959 891 910 776 951 902 942 785 842 881 844 792 987 752 
17 985 972 848 932 915 999 968 853 767 971 805 751 936 878 801 909 753 
17 777 879 939 830 796 998 764 808 806 850 784 797 831 857 880 964 920 
19 785 904 818 861 845 862 793 880 981 908 968 962 806 896 796 878 790 760 805 
20 805 975 904 981 945 765 879 858 756 832 806 912 763 936 781 872 922 886 988 874 
18 835 969 990 784 945 991 830 862 849 809 965 961 914 890 924 777 950 799 
19 978 778 952 795 816 775 916 937 757 931 822 910 773 979 941 861 817 758 895 
18 954 928 968 813 799 908 893 935 756 826 762 837 830 775 778 832 947 889 
17 796 857 968 970 975 872 983 954 770 981 856 955 885 821 881 972 904 
18 768 976 874 892 911 752 905 855 793 953 981 970 819 797 869 762 872 984 
19 883 889 801 811 877 752 821 962 968 887 780 934 799 912 886 977 973 922 810 
17 851 793 883 771 863 840 947 927 799 881 775 818 837 995 903 805 759 
18 867 808 906 953 818 853 956 929 964 891 969 761 759 864 827 849 820 805 
17 955 848 894 866 993 876 830 937 859 784 886 814 764 882 901 887 892 
19 751 970 850 980 972 780 993 868 999 830 788 783 939 986 925 891 884 954 831 
17 786 793 914 858 856 893 836 888 969 896 923 832 751 837 879 980 797 
20 952 824 929 971 964 781 896 795 801 853 958 759 768 818 861 811 774 904 879 844 
20 845 868 863 778 919 964 949 880 815 912 811 862 854 933 950 775 782 809 990 924 
18 845 911 778 873 802 870 877 811 969 984 973 934 904 798 987 913 887 832 
17 802 917 797 907 806 877 778 903 764 933 815 931 784 880 861 882 943 
18 790 921 978 822 898 879 770 912 893 757 781 916 870 994 820 985 902 953 
18 935 996 919 828 788 936 835 863 763 777 900 786 759 888 934 962 773 811 
19 866 915 823 801 923 916 903 908 977 924 889 792 843 844 831 829 793 779 963 
18 946 807 834 913 891 802 890 808 907 819 810 876 889 826 750 933 759 996 
17 984 946 804 998 989 906 860 785 950 862 915 802 999 753 835 778 788 
18 876 847 872 932 818 875 984 951 894 910 978 919 955 849 828 985 971 979 
16 904 930 884 912 967 971 804 877 979 941 882 817 973 811 920 936 
19 777 965 890 826 994 954 859 834 888 851 995 893 802 941 817 844 921 979 949 
18 827 954 764 770 916 892 847 886 897 845 899 762 871 751 923 965 826 987 
19 767 919 966 975 858 867 990 829 848 918 999 843 933 847 815 827 912 769 863 
18 801 918 905 840 855 899 993 883 957 931 862 754 973 923 833 868 791 811 
18 863 871 947 861 997 828 825 769 936 824 812 906 756 922 874 928 948 761 
20 963 753 887 807 916 771 855 967 969 900 760 874 824 876 908 933 897 884 805 809 
17 913 944 771 973 790 861 880 898 802 859 869 916 890 809 899 773 760 
19 846 933 824 970 909 896 755 811 807 963 915 820 964 869 920 948 837 835 906 
19 815 762 867 897 999 874 918 782 929 882 985 785 946 907 816 794 953 945 961 
19 969 933 771 853 886 778 759 775 982 912 914 848 789 891 777 945 909 904 794 
20 810 851 865 855 902 893 853 868 811 796 803 960 1000 762 869 844 969 892 965 812 
20 852 881 923 909 976 956 899 879 782 937 965 807 912 926 964 876 952 935 902 985 
18 800 813 986 821 880 933 966 793 788 796 916 823 785 781 956 811 795 830 
19 839 948 752 864 951 832 1000 851 856 821 935 937 758 833 837 930 796 973 773 
16 772 897 758 908 921 913 879 871 884 967 797 818 769 752 989 972 
19 773 992 909 779 797 753 816 888 927 991 803 787 958 953 949 867 872 760 774 
18 850 962 941 972 921 908 929 935 821 815 868 984 828 920 797 804 917 774 
18 756 921 757 859 997 781 800 887 838 969 967 767 792 760 879 949 817 902 
18 935 824 755 895 817 918 949 750 866 943 892 837 756 778 951 767 906 807 
19 768 786 785 957 933 872 776 790 990 924 945 794 810 903 788 801 951 802 976 
18 791 823 942 855 955 969 806 771 943 926 798 756 842 838 886 898 973 950 
18 754 940 916 772 802 827 923 793 937 788 792 887 847 984 987 785 872 784 
19 960 814 996 839 985 962 800 853 862 942 861 766 925 956 787 997 912 847 922 
20 846 815 936 997 816 841 812 790 802 832 919 837 979 947 827 761 878 860 883 924 
20 764 775 852 931 839 933 790 880 877 869 992 798 760 900 916 924 944 881 882 864 
19 794 836 921 787 915 855 868 874 825 861 778 937 914 997 928 821 791 875 783 
19 880 881 788 884 755 916 842 769 779 831 795 864 889 767 955 995 913 936 978 
16 793 764 791 979 996 885 933 856 767 859 863 815 999 924 905 992 
18 959 823 849 879 972 863 814 890 901 765 854 949 818 786 797 799 995 760 
16 765 992 913 802 771 780 763 873 975 957 889 823 954 825 867 931 
19 902 777 889 759 972 905 980 960 843 848 804 820 838 774 767 970 979 765 854 
18 903 994 758 839 860 832 803 826 978 879 933 912 859 847 825 870 840 828 
18 916 944 996 783 987 830 876 855 822 867 771 864 760 795 828 797 922 819 
17 821 969 784 822 889 886 933 919 990 909 934 939 763 766 816 1000 945 
19 904 984 946 998 886 954 893 789 912 931 765 758 864 803 786 958 797 918 925 
18 929 938 851 967 927 884 853 858 758 756 862 958 839 807 819 848 942 792 
17 931 868 863 842 816 952 837 953 784 855 972 812 839 935 864 859 750 
17 985 923 944 950 810 779 868 853 839 790 901 800 905 789 978 977 954 
17 984 766 821 839 750 844 806 789 871 849 965 991 773 997 936 862 874 
18 972 780 929 762 927 811 969 875 755 870 999 909 840 949 865 877 832 772 
18 772 934 955 951 986 984 857 895 997 902 831 967 880 879 909 976 865 980 
18 982 849 794 753 891 779 774 860 882 930 863 824 881 940 819 954 768 916 
18 882 855 802 811 768 851 978 995 821 952 982 761 878 778 994 763 781 937 
18 894 931 786 923 865 938 870 802 901 990 946 769 988 957 833 829 861 876 
18 765 858 881 976 883 927 870 777 750 874 872 780 820 835 983 998 997 978 
19 751 881 797 898 852 829 860 856 879 982 817 964 928 858 901 758 959 993 930 
19 929 952 845 768 754 974 930 924 805 777 791 951 767 911 945 905 989 882 817 
19 760 926 892 945 959 810 850 893 921 802 907 752 967 946 765 865 789 992 782 
20 865 834 916 908 770 858 1000 937 890 978 775 906 835 774 913 934 931 814 968 952 
18 788 774 891 766 755 763 974 896 839 805 780 798 941 785 835 869 844 985 
16 787 797 918 905 943 946 952 863 937 758 927 771 891 948 991 799 
19 912 830 908 779 856 855 751 790 801 888 791 797 864 968 990 970 815 907 911 
18 859 759 761 970 850 912 834 864 894 771 785 977 920 937 887 913 866 941 
19 960 859 752 797 776 986 988 860 975 870 916 761 815 831 836 894 861 893 805 
19 936 791 919 846 838 866 898 991 869 822 967 978 829 758 981 881 803 989 894 
19 796 988 813 771 904 994 918 895 828 1000 833 794 854 971 959 752 759 977 991 
18 858 778 893 867 880 828 969 896 764 865 992 976 920 823 791 797 845 818 
19 810 889 913 927 851 829 946 926 907 869 891 997 996 848 897 809 813 781 859 
19 818 954 822 966 777 890 842 935 988 930 990 965 978 944 807 764 969 826 789 
20 825 865 869 943 924 984 851 787 849 957 802 887 779 948 946 890 883 886 855 795 
17 808 818 862 891 908 873 981 928 951 906 835 920 992 903 982 978 865 
18 969 754 974 812 943 983 769 973 842 766 825 827 795 838 770 801 924 763 
18 966 785 857 777 944 927 892 973 899 900 904 784 910 885 893 949 837 993 
18 955 859 852 784 927 757 851 893 948 887 864 989 801 782 940 798 879 857 
19 927 980 911 770 808 1000 854 881 926 863 843 829 942 893 841 940 945 786 826 
18 879 803 791 770 829 993 784 919 817 912 904 968 809 796 949 922 943 963 
19 896 982 962 974 998 803 957 979 751 934 893 758 936 960 904 926 964 970 914 
19 884 967 804 972 789 984 829 978 763 878 911 855 755 980 948 858 975 918 850 
18 838 912 822 759 992 839 896 781 786 893 882 825 890 764 905 835 813 988 
16 771 806 890 831 810 972 929 841 835 964 916 804 853 1000 876 821 
19 900 943 984 957 827 928 883 923 925 854 842 990 775 782 852 869 772 856 912 
20 830 975 963 894 827 818 872 920 870 916 848 965 768 986 776 992 960 771 800 782 
18 920 860 808 794 829 981 989 882 751 923 942 773 880 999 867 766 807 859 
19 934 849 913 908 972 758 945 992 958 814 900 816 807 971 917 930 982 924 878 
17 845 855 770 913 859 876 886 880 792 895 868 796 806 909 984 791 819 
19 978 779 906 880 995 956 946 859 870 784 983 768 758 990 910 809 865 960 997 
19 926 826 881 1000 905 789 891 792 948 817 992 888 980 753 866 901 877 900 899 
18 792 922 853 997 970 842 946 924 878 908 798 828 750 787 757 777 888 882 
19 851 954 904 942 935 766 956 957 813 920 934 964 861 755 973 991 941 823 880 
17 845 922 793 967 779 877 807 751 991 903 839 962 965 911 944 835 833 
19 940 847 966 935 897 881 849 812 992 914 827 869 764 938 867 778 893 864 859 
18 771 865 894 841 933 936 776 968 769 987 794 762 980 759 851 893 982 846 
18 964 896 820 844 962 842 905 823 753 904 798 785 791 787 891 801 777 778 
19 925 967 872 960 756 755 924 955 800 824 918 839 890 849 863 880 795 858 935 
18 877 860 771 975 856 993 826 806 943 864 981 760 946 819 876 958 829 759 
16 989 810 861 779 942 767 769 915 983 778 968 967 954 911 830 907 
20 818 816 849 973 930 827 981 970 874 966 932 939 974 785 983 945 919 917 770 901 
19 776 822 885 990 801 934 818 865 914 883 902 952 997 774 929 864 949 928 946 
19 991 968 757 997 957 762 817 849 869 859 846 996 912 874 761 782 821 774 794 
19 965 949 785 779 980 827 793 950 758 893 918 997 998 764 838 776 760 982 925 
16 882 863 987 850 861 956 976 952 839 791 857 753 961 918 772 760 
17 992 768 913 799 903 977 896 953 780 976 945 919 981 771 989 761 886 
19 783 950 990 931 768 797 895 832 798 860 823 802 926 770 948 952 919 888 995 
18 918 753 763 882 837 980 947 868 977 933 910 796 865 981 911 795 877 805 
18 815 905 814 951 921 848 962 817 939 888 974 946 838 987 899 767 786 935 
19 811 938 870 896 867 847 928 796 829 913 970 975 946 762 878 932 910 985 787 
18 821 971 786 779 935 883 823 803 946 969 954 904 759 964 961 975 927 901 
17 894 770 766 953 831 961 940 813 826 879 791 792 752 868 934 781 978 
17 963 851 970 980 800 937 779 785 990 959 962 865 950 934 856 956 825 
18 925 941 846 907 894 856 774 909 773 838 804 923 957 762 929 996 900 850 
19 774 918 888 843 838 976 806 935 913 765 762 852 927 970 848 972 810 897 955 
18 915 952 830 864 887 859 777 841 992 793 904 879 938 994 848 899 1000 827 
19 935 937 780 751 914 824 886 947 925 895 799 988 866 936 869 837 840 766 981 
18 908 960 938 961 929 925 888 778 958 811 880 768 813 956 910 853 773 827 
18 896 886 893 770 996 897 832 961 943 755 819 778 908 852 999 879 931 901 
17 936 944 836 768 892 872 993 886 813 938 899 950 785 790 859 793 797 
18 958 810 939 921 774 820 865 893 889 854 871 809 983 925 899 760 853 752 
18 904 817 934 886 790 848 998 995 981 840 912 834 922 867 939 905 915 774 
17 962 751 794 790 917 769 833 941 867 861 990 980 896 795 979 872 945 
20 832 937 750 790 781 797 975 983 961 977 787 927 799 827 904 919 844 864 932 929 
18 771 775 813 961 987 767 963 881 990 764 777 905 993 773 864 774 832 947 
18 775 908 883 826 940 803 851 900 842 777 764 796 855 983 939 929 802 864 
18 836 999 852 849 787 929 883 827 877 966 857 908 808 945 848 824 903 755 
19 810 856 846 973 773 834 884 955 1000 838 934 953 812 911 871 754 859 944 950 
16 963 844 810 805 1000 929 758 925 907 996 952 883 833 757 860 906 
19 827 909 889 817 766 971 947 879 891 894 925 940 778 869 963 862 929 851 754 
18 846 924 857 855 963 809 888 984 756 955 902 972 956 782 872 939 993 804 
16 963 799 875 887 941 804 854 960 869 942 823 908 899 791 973 936 
18 785 769 887 751 923 912 871 987 810 999 807 877 952 924 981 884 843 941 
20 778 902 795 929 820 933 886 839 834 812 959 796 905 865 800 928 784 770 943 782 
19 753 914 996 834 764 806 951 905 970 950 883 978 967 798 927 940 885 907 897 
19 924 901 785 914 926 994 888 958 796 986 904 886 890 789 983 810 775 808 948 
20 798 814 967 970 1000 815 846 794 781 901 790 808 776 795 971 897 963 933 947 998 
16 818 976 907 999 953 984 933 775 845 807 753 896 804 793 964 802 
19 887 750 922 844 826 785 966 941 853 773 822 833 965 876 857 803 939 786 976 
19 910 769 770 795 865 957 937 977 805 839 964 846 994 773 901 902 903 751 778 
18 868 980 817 879 780 933 750 793 898 835 945 937 917 914 799 948 903 821 
20 856 929 927 816 896 838 778 802 773 787 881 820 836 901 793 813 794 797 779 950 
20 857 838 759 820 882 837 899 787 979 960 926 764 852 880 980 930 783 935 992 868 
17 922 751 924 874 867 854 886 819 792 815 875 955 842 908 930 823 857 
17 852 890 876 867 935 795 905 884 936 945 752 887 847 821 863 923 799 
20 893 767 927 795 794 987 777 899 776 933 937 788 876 769 750 903 835 797 751 877 
17 986 837 941 908 752 808 844 868 903 959 821 782 853 966 919 815 974 
19 957 945 964 908 806 896 891 815 958 834 909 966 934 754 758 986 881 824 865 
19 850 865 962 821 831 940 932 792 922 788 995 867 941 760 832 966 911 750 920 
18 863 993 860 893 767 938 842 988 817 966 865 960 877 954 967 782 961 829 
18 945 984 965 750 898 928 794 930 815 855 887 925 853 834 976 927 763 914 
20 833 800 798 831 874 889 775 762 760 884 921 879 962 1000 836 997 896 807 811 860 
20 766 867 821 852 819 767 843 956 951 898 779 902 989 815 980 791 886 806 877 924 
17 789 988 981 918 814 892 802 985 882 750 966 984 768 868 934 837 852 
19 909 950 868 997 792 864 757 918 754 926 830 818 992 856 893 870 789 979 790 
17 859 846 985 964 798 877 767 936 814 868 888 987 812 999 991 939 978 
17 939 800 982 840 873 837 817 964 973 757 912 764 831 771 839 954 816 
20 817 955 943 922 858 976 938 994 916 925 891 888 843 951 946 758 806 754 978 772 
20 819 948 946 848 762 993 753 864 894 841 983 962 870 977 781 867 761 831 920 845 
18 855 810 834 804 872 765 750 771 924 937 869 983 852 962 950 782 821 898 
18 967 980 775 984 873 986 916 835 908 990 966 763 813 994 913 806 955 854 
18 900 752 945 949 996 784 964 934 780 866 845 863 782 899 830 857 773 984 
18 774 953 900 980 907 891 753 762 955 871 911 832 823 959 783 988 986 834 
18 988 828 867 884 944 940 874 850 836 952 762 844 849 775 966 964 752 843 
19 977 993 879 963 907 838 775 785 919 803 975 931 935 807 771 823 939 945 752 
17 871 762 963 960 751 816 858 817 973 905 789 857 873 804 760 868 846 
18 844 837 981 872 877 979 862 966 779 785 995 882 825 958 818 769 888 955 
18 775 988 921 810 859 938 924 840 911 965 790 837 812 759 956 865 858 983 
18 750 811 989 767 775 901 994 955 861 852 789 934 995 867 863 829 866 889 
19 985 881 804 851 923 992 922 927 983 849 843 880 808 898 856 878 917 816 986 
18 792 798 867 906 876 769 791 953 815 757 937 925 860 759 866 773 905 968 
18 972 775 794 926 855 767 988 750 857 934 802 765 963 824 930 999 771 796 
20 770 919 806 784 952 785 947 999 750 825 804 926 929 782 942 925 794 811 842 863 
19 781 956 837 894 789 851 951 882 897 844 965 768 869 857 938 903 935 778 904 
20 844 926 976 853 762 895 856 962 971 824 918 840 904 756 825 803 912 859 868 986 
17 793 851 991 886 842 986 945 938 997 782 914 960 999 909 980 836 807 
18 917 789 997 782 833 846 977 976 830 772 796 904 989 897 927 957 884 919 
19 759 973 970 998 992 867 974 997 825 985 888 917 832 921 804 802 859 935 863 
19 787 763 833 871 999 877 950 821 972 887 759 975 790 827 841 794 993 965 832 
17 981 979 966 980 877 968 842 778 909 815 936 843 896 923 822 900 847 
18 976 835 897 751 774 977 800 854 991 833 1000 809 885 820 875 998 902 859 
18 959 762 773 815 808 858 918 937 892 852 814 935 813 826 974 768 816 784 
20 865 920 753 966 949 981 967 969 976 822 970 942 871 802 956 818 944 954 995 903 
18 751 924 779 938 961 814 890 962 758 856 783 987 905 910 766 757 917 762 
20 959 805 993 900 976 941 848 889 766 858 965 903 930 807 938 945 756 877 764 947 
17 898 763 866 861 985 784 987 750 808 815 863 841 755 961 896 984 935 
19 952 931 790 919 932 842 851 841 968 831 763 808 990 827 921 895 853 887 764 
19 811 800 769 896 839 870 958 887 865 837 963 937 785 933 919 941 869 790 878 
18 812 968 955 878 882 785 996 887 928 791 946 959 823 825 1000 778 781 896 
18 808 887 874 988 914 891 954 759 968 889 861 875 969 909 865 893 847 781 
20 900 895 899 801 802 850 785 922 848 796 979 758 861 769 993 999 936 791 916 816 
20 964 996 956 866 848 754 868 945 816 828 775 817 818 837 890 751 895 849 774 830 
20 871 970 987 762 944 827 902 771 879 850 853 755 758 972 927 839 880 953 923 774 
20 901 911 788 820 880 865 936 775 871 849 892 893 847 758 772 938 971 930 968 859 
18 982 966 865 953 894 958 809 910 813 971 948 880 951 985 863 965 787 862 
19 950 853 819 863 889 975 979 751 974 858 815 989 786 753 769 951 945 755 972 
19 772 971 848 992 931 812 775 929 948 824 904 792 841 830 752 973 757 957 873 
19 959 868 941 884 879 806 925 850 937 924 916 921 880 902 860 865 973 802 845 
18 795 986 788 911 774 779 905 871 843 970 770 842 762 775 956 923 864 930 
17 843 781 934 814 800 869 909 971 985 893 954 883 864 921 930 794 760 
18 754 967 812 987 999 874 759 772 803 850 968 899 778 852 757 934 847 877 
18 982 910 915 977 907 770 987 840 788 843 789 946 864 871 833 967 846 927 
20 916 975 877 799 774 819 896 991 757 838 759 980 924 855 930 793 993 835 972 967 
15 885 830 764 989 811 893 901 878 784 832 868 759 785 908 929 
19 786 832 910 979 976 898 851 831 989 999 858 800 833 998 894 884 835 815 787 
18 907 896 765 911 882 802 884 772 898 920 972 832 923 969 841 886 948 786 
17 769 815 848 854 907 942 896 973 845 954 847 979 809 832 921 894 980 
17 784 965 933 881 944 832 990 824 856 819 974 975 827 770 757 810 804 
17 900 982 826 848 894 842 850 898 837 934 913 798 807 906 950 959 972 
20 935 968 812 829 753 860 917 892 794 830 965 981 927 837 909 788 889 761 831 813 
18 875 834 760 889 758 985 999 843 751 931 809 870 986 990 897 883 967 802 
18 919 971 760 956 780 901 868 950 774 881 905 989 813 861 776 879 769 959 
18 764 752 897 919 872 845 794 833 756 911 804 946 982 813 968 758 866 923 
18 766 872 939 796 978 889 993 949 941 833 893 824 781 834 815 825 938 811 
20 912 999 973 939 987 790 993 769 763 827 764 835 905 848 934 893 837 997 958 967 
18 961 796 909 941 855 759 836 956 872 829 794 856 843 939 840 771 984 776 
20 882 988 831 961 873 900 779 824 842 944 782 899 895 830 915 756 858 823 983 860 
18 877 778 875 860 995 961 910 808 782 817 869 982 927 776 830 907 761 924 
18 987 892 778 916 977 898 994 756 828 894 871 830 814 886 837 930 784 970 
16 787 889 894 969 783 800 945 948 994 751 942 998 877 758 755 906 
19 844 824 821 762 819 996 885 993 786 834 935 969 994 781 869 830 772 792 825 
18 769 846 961 906 839 881 752 998 889 794 966 963 786 844 992 938 896 928 
19 917 847 988 998 939 762 879 867 919 815 887 810 863 835 783 953 789 808 858 
18 877 819 863 799 809 941 812 871 927 774 803 826 821 966 996 955 883 815 
18 790 760 922 799 983 935 988 876 947 891 917 894 942 750 905 840 756 968 
19 770 939 895 879 974 945 886 873 788 752 983 962 871 919 995 797 901 774 970 
17 961 987 977 924 943 857 921 800 950 856 795 946 863 822 865 905 885 
20 865 900 975 803 957 919 826 988 837 943 926 811 946 901 914 881 953 903 977 788 
16 853 942 834 970 974 941 809 868 957 894 895 987 824 981 837 934 
20 874 886 810 840 940 923 794 783 858 966 856 759 917 762 763 797 991 788 758 847 
19 921 777 907 989 988 898 870 949 839 938 761 774 902 916 851 959 911 814 897 
19 888 878 885 916 825 983 803 792 845 802 892 847 877 972 934 903 987 782 930 
18 816 789 819 822 984 985 986 953 948 925 788 935 849 885 899 880 936 830 
19 830 949 954 859 991 976 919 777 760 993 938 848 825 793 751 823 769 847 873 
18 971 972 877 957 937 952 779 836 807 948 833 803 950 881 915 832 808 876 
18 776 951 915 937 789 985 913 879 809 988 877 768 963 774 825 823 954 930 
17 897 913 931 909 906 951 776 900 804 854 825 797 789 784 768 785 889 
16 782 897 934 914 790 972 857 813 955 916 889 982 907 967 835 999 
19 779 879 825 954 765 861 884 789 792 905 876 877 943 931 793 951 923 924 965 
17 887 760 878 872 751 850 939 943 941 995 965 981 759 920 946 763 977 
17 909 853 888 859 899 969 904 854 795 920 782 953 800 792 942 849 958 
17 965 813 884 799 917 796 907 856 916 966 985 818 845 986 850 939 961 
18 865 895 918 830 750 774 885 858 912 812 910 957 944 901 773 761 955 827 
19 854 790 839 905 851 827 863 935 809 793 870 898 779 958 891 865 763 885 752 
18 862 931 942 773 973 854 870 954 938 808 872 863 885 783 838 920 906 915 
20 972 898 835 849 891 762 856 962 934 807 810 873 900 929 919 875 809 889 769 921 
19 923 753 991 764 845 942 897 930 867 840 809 832 813 906 882 830 782 755 842 
19 806 818 791 956 831 994 890 843 869 942 802 824 808 991 937 810 820 980 983 
19 785 916 985 981 964 889 786 937 939 984 780 815 799 813 805 900 886 796 893 
18 830 952 915 862 855 995 877 948 761 998 785 968 885 980 919 942 967 822 
17 979 960 797 953 821 995 759 966 762 856 832 976 847 985 780 818 788 
17 918 866 855 945 829 983 827 891 766 755 874 779 917 837 928 950 926 
17 857 759 896 937 925 800 834 772 954 914 782 811 885 767 817 984 796 
18 934 805 931 811 994 782 816 985 998 771 798 946 865 850 757 963 895 785 
18 777 874 992 969 920 804 980 864 916 942 832 908 824 851 977 935 877 931 
18 774 820 754 830 843 955 880 863 853 991 965 826 827 779 773 969 838 777 
17 757 858 919 876 773 939 779 754 942 821 993 859 952 905 760 794 986 
20 750 756 906 994 879 993 763 961 999 826 845 877 898 960 905 988 783 970 863 840 
18 800 968 977 982 831 911 940 895 798 768 817 903 805 806 853 834 881 803 
18 939 840 803 789 750 754 818 909 778 808 947 787 929 779 820 943 769 882 
19 898 809 959 913 937 773 802 770 787 823 861 966 794 998 956 900 761 967 832 
19 758 767 962 914 938 882 833 780 845 846 888 821 789 936 951 825 811 940 819 
17 756 989 761 951 963 853 824 811 922 962 959 849 776 825 867 823 976 
18 765 996 894 887 982 947 889 932 848 951 908 832 976 817 864 851 810 783 
19 785 998 996 948 988 939 756 934 762 839 888 940 916 970 799 975 780 944 820 
19 940 920 938 954 770 935 951 967 828 896 769 949 999 838 887 755 860 970 996 
15 963 959 750 958 977 979 815 933 954 789 925 795 797 793 961 
19 962 952 799 848 788 892 800 861 983 986 946 991 996 863 770 836 790 969 908 
20 760 874 1000 767 773 854 779 828 836 797 916 946 962 901 992 801 886 922 825 863 
19 883 767 952 967 918 800 910 926 929 941 980 837 878 887 785 814 936 771 799 
17 829 862 807 780 765 794 783 922 893 778 792 871 816 751 797 986 920 
20 780 787 923 765 768 947 972 797 973 934 845 847 922 838 865 873 904 849 846 894 
20 760 870 989 776 752 928 833 829 769 761 932 803 816 836 798 879 996 937 824 763 
20 799 863 850 955 754 757 913 777 885 842 990 945 770 858 951 815 874 843 813 766 
17 776 777 858 836 872 902 882 755 820 856 1000 928 793 962 955 822 801 
20 823 853 826 785 850 990 896 841 771 954 934 996 793 875 763 885 916 772 779 950 
18 800 808 769 853 787 821 812 838 895 862 918 822 801 842 864 928 852 783 
19 859 773 937 908 814 976 963 904 997 972 800 974 984 871 968 831 781 753 921 
18 809 977 772 918 915 955 909 786 870 880 776 753 790 846 983 818 801 856 
19 826 794 855 851 989 845 850 790 976 844 822 842 982 893 829 799 957 906 798 
17 894 862 853 903 923 889 971 799 794 820 843 940 982 808 975 892 964 
18 968 767 801 962 785 866 826 788 755 911 772 877 890 750 912 795 766 956 
20 788 885 934 964 789 871 767 792 933 852 810 760 945 778 876 786 774 992 966 982 
19 765 810 950 970 838 879 849 834 912 842 967 873 804 925 830 846 805 855 986 
19 939 875 825 802 778 868 885 986 932 806 996 753 988 969 843 901 764 877 934 
20 876 901 787 759 814 830 939 793 853 973 878 836 907 923 815 915 890 997 986 773 
19 955 898 868 779 791 884 812 848 782 832 908 942 804 927 776 756 938 877 896 
18 773 759 873 969 983 879 836 750 877 909 885 904 861 934 956 837 912 1000 
19 999 927 777 1000 876 967 992 794 913 982 943 952 751 917 845 957 993 860 843 
18 951 971 864 938 950 929 897 974 890 832 762 888 978 852 930 882 807 975 
18 914 874 881 846 778 857 780 906 967 799 836 833 790 753 923 795 783 936 
19 884 911 914 956 818 828 807 778 961 847 987 824 902 838 941 939 825 826 915 
18 852 791 971 866 873 788 936 751 859 843 925 940 886 883 923 860 972 910 
17 986 913 942 819 905 922 909 881 965 984 803 890 805 823 873 830 857 
20 913 895 904 818 951 954 948 979 776 782 990 899 949 922 909 996 770 937 966 859 
17 790 869 771 818 922 970 988 860 874 940 866 762 960 952 826 923 815 
20 886 854 973 819 880 820 904 983 802 932 922 844 970 889 982 822 881 873 791 760 
18 889 946 993 837 914 951 892 910 959 916 760 876 757 811 950 864 791 936 
18 836 822 903 936 925 874 787 763 999 946 916 900 886 973 895 929 990 905 
19 991 857 825 913 883 950 933 996 947 905 920 778 796 939 881 919 965 835 865 
19 796 918 950 981 939 818 878 902 760 815 777 819 1000 956 791 765 873 903 937 
19 923 810 786 871 929 852 853 878 824 815 900 850 984 940 760 934 832 955 997 
19 758 969 869 803 943 863 764 990 750 950 834 798 785 890 894 753 843 873 867 
19 982 861 971 761 836 906 833 808 838 949 830 983 759 845 898 981 920 917 942 
19 995 959 866 944 963 884 768 787 809 987 946 805 797 921 828 980 755 834 814 
20 815 921 874 957 814 925 769 853 806 779 970 776 997 786 945 916 792 860 941 892 
18 873 756 994 863 973 772 971 826 750 883 862 773 760 894 908 944 778 934 
20 937 978 934 788 787 877 785 774 890 977 875 804 897 963 904 912 882 883 889 936 
19 962 926 875 806 782 827 784 901 884 863 835 896 866 828 952 911 890 988 927 
18 986 771 786 785 852 928 824 859 988 835 765 983 782 812 770 834 857 753 
18 845 791 860 982 784 920 804 811 986 917 939 979 770 814 831 753 886 921 
17 784 837 900 839 800 769 901 759 921 850 992 797 979 855 852 930 806 
20 867 750 990 882 978 839 878 849 966 755 908 922 752 765 754 881 789 874 812 920 
20 844 756 947 845 786 803 779 814 956 787 828 974 767 910 925 911 937 918 884 851 
18 802 787 911 997 762 774 941 827 818 885 982 927 792 828 990 979 835 867 
20 908 965 866 811 804 880 882 906 869 764 983 839 805 930 765 931 941 785 990 952 
19 894 919 809 863 797 934 933 998 866 845 956 760 794 752 844 872 986 974 971 
20 974 858 966 890 808 753 851 816 999 968 916 831 888 948 991 935 755 868 771 825 
18 808 887 843 971 977 903 756 870 845 838 867 865 853 935 827 876 986 812 
19 769 790 807 999 955 998 864 836 954 876 930 782 851 849 842 967 996 863 767 
20 827 955 782 907 821 912 919 843 994 945 997 866 893 816 801 913 828 868 773 891 
19 962 871 877 755 848 924 758 970 958 971 984 858 986 960 959 804 906 762 913 
19 796 983 919 896 848 929 898 878 986 961 904 968 773 907 844 803 954 800 757 
18 776 931 772 860 900 815 899 885 800 781 841 809 890 957 759 902 933 788 
18 762 807 834 931 936 884 948 799 787 900 893 882 866 873 864 769 858 859 
18 954 922 756 871 804 786 966 888 959 773 989 948 877 759 980 830 852 833 
18 835 898 831 904 822 998 927 801 957 755 783 991 752 878 820 908 965 814 
19 786 981 971 965 967 794 902 780 848 846 924 953 798 850 927 991 838 932 839 
19 791 928 804 870 975 938 818 768 939 911 780 779 932 844 945 836 788 814 920 
18 849 892 829 977 828 777 752 839 785 855 863 991 833 794 824 770 761 775 
19 844 849 984 765 980 858 753 800 866 821 905 911 981 1000 951 996 973 837 761 
19 861 839 993 948 817 952 853 918 815 879 870 809 925 838 791 859 914 971 795 
19 869 902 824 868 893 880 806 753 765 786 818 809 918 976 754 826 810 930 816 
19 905 764 912 861 962 860 858 819 863 793 840 818 841 825 961 925 862 810 804 
19 755 847 793 885 862 958 823 915 858 956 796 863 966 762 889 957 931 961 893 
19 778 972 766 838 775 893 826 819 957 934 852 805 800 799 786 844 857 810 765 
18 944 872 858 891 955 892 958 797 834 863 756 928 879 998 752 974 753 871 
20 942 846 924 776 813 948 972 982 891 877 892 940 823 976 953 852 923 816 963 834 
19 887 954 875 798 936 796 872 853 990 770 782 781 878 868 785 755 874 962 917 
19 914 953 838 841 931 765 960 943 774 939 934 883 946 863 752 951 773 751 869 
19 759 840 758 768 863 989 806 890 828 790 849 919 913 891 884 914 930 979 987 
18 892 806 813 820 799 842 879 829 991 925 752 847 898 946 832 882 834 959 
18 992 934 901 952 940 863 833 991 981 821 954 899 750 858 949 948 944 783 
19 999 998 956 900 795 921 844 755 756 971 785 770 953 818 833 905 864 963 992 
18 954 798 952 951 963 928 870 887 812 981 803 922 853 814 832 772 926 921 
18 827 917 899 908 807 897 892 896 938 851 810 914 945 894 812 980 984 882 
19 968 854 780 804 862 971 826 878 937 778 791 794 976 805 1000 905 952 908 934 
18 853 785 807 820 997 869 771 814 987 858 864 949 915 968 884 961 842 885 
20 880 861 771 966 901 917 798 870 902 980 858 863 992 964 860 797 951 978 784 782 
19 984 955 936 768 941 900 986 907 859 894 921 868 872 905 880 983 766 906 812 
18 799 833 787 793 756 997 901 954 963 900 798 763 836 927 779 868 866 795 
18 822 975 894 802 972 981 857 901 913 987 877 870 786 765 888 979 974 895 
17 794 849 840 890 831 982 790 987 976 952 866 984 785 772 960 860 934 
20 854 833 857 776 945 835 846 763 988 848 813 810 760 887 931 958 844 911 805 797 
18 789 894 769 956 882 966 903 864 887 935 860 797 937 819 958 913 849 752 
18 965 800 818 867 912 973 924 992 806 936 920 915 830 848 902 969 917 823 
20 875 977 923 993 778 870 917 817 984 938 939 989 759 999 843 798 797 961 756 986 
20 798 834 868 996 758 811 928 917 814 892 938 842 783 961 937 765 993 825 904 912 
19 853 920 884 930 752 779 876 759 899 844 895 769 908 958 871 879 984 778 782 
17 862 772 990 780 930 820 998 920 906 964 896 894 764 771 929 811 918 
18 975 970 901 832 816 938 823 750 888 971 864 844 954 956 876 806 753 854 
17 780 963 993 893 765 809 815 952 757 781 976 824 794 823 994 947 905 
19 983 914 759 871 973 762 984 954 761 872 841 820 993 970 884 785 853 962 838 
17 902 755 788 924 809 850 936 851 919 781 763 792 890 866 825 906 800 
20 763 919 820 754 911 764 788 762 816 849 872 888 847 981 991 931 845 761 785 971 
20 849 864 946 911 922 924 751 760 810 891 775 855 897 832 779 907 772 753 925 840 
17 936 960 771 979 831 914 848 825 762 860 866 791 910 947 938 763 830 
19 804 843 758 825 878 951 979 846 994 760 827 863 890 996 915 849 906 801 862 
19 847 906 773 878 750 886 790 817 992 755 954 937 870 940 965 963 927 822 948 
20 785 786 948 979 847 920 816 968 757 951 867 826 878 854 921 918 812 883 791 874 
17 918 863 769 847 954 956 904 887 908 949 883 766 876 920 858 855 861 
19 891 897 842 887 937 955 811 835 922 755 863 978 791 824 943 806 860 899 807 
18 910 847 951 969 782 902 958 830 962 933 798 884 826 997 863 803 936 894 
18 871 875 977 860 944 765 762 790 804 900 983 816 971 839 753 826 962 792 
20 850 807 976 762 996 884 927 978 827 971 874 901 1000 756 809 932 916 925 816 823 
19 913 956 852 937 873 781 768 900 876 914 828 862 776 884 940 761 988 955 780 
18 776 863 768 965 903 942 934 984 800 917 848 975 973 796 825 954 882 861 
19 983 968 884 989 850 841 857 851 790 813 986 885 962 969 869 959 980 961 976 
17 756 859 883 982 861 906 1000 799 956 813 942 801 998 870 775 763 804 
18 961 889 920 890 916 775 803 876 761 854 957 972 800 887 864 992 801 774 
15 771 939 867 839 767 891 794 866 896 856 751 834 818 821 884 
18 833 805 970 896 939 910 966 855 902 765 879 845 987 945 915 808 934 881 
19 862 994 945 855 752 872 758 995 808 821 806 850 951 846 829 852 883 875 853 
18 846 797 913 768 860 804 806 787 754 799 788 791 833 774 927 819 851 766 
17 808 828 982 948 849 752 764 941 977 979 906 797 772 954 940 901 791 
20 983 818 855 941 961 852 945 934 912 949 762 897 786 963 771 875 859 832 952 910 
18 839 937 994 961 857 788 798 992 984 910 813 840 883 760 989 981 912 956 
17 820 792 831 787 980 793 819 918 771 847 988 889 849 835 778 783 815 
17 893 948 857 898 902 870 913 976 833 843 930 790 874 901 880 754 908 
16 815 988 992 786 894 942 794 969 834 811 792 974 797 979 769 824 
17 813 971 768 869 824 857 846 862 912 874 879 964 850 956 876 820 867 
20 750 857 981 842 875 988 982 835 860 819 796 948 933 869 970 964 785 998 756 968 
17 964 762 841 805 985 769 938 755 931 753 914 792 939 789 969 801 976 
17 947 781 940 932 959 962 790 981 991 849 775 857 925 760 869 836 906 
17 848 841 838 842 894 970 826 905 997 878 801 951 854 804 785 896 750 
18 978 885 868 981 754 897 789 944 834 829 920 807 812 865 805 937 914 950 
18 860 811 795 903 894 791 841 794 823 905 758 752 773 943 928 880 820 938 
17 801 987 765 983 840 793 877 955 863 853 920 906 841 991 961 783 867 
19 945 757 874 920 885 850 944 952 795 776 901 832 761 996 833 937 752 1000 786 
17 957 778 970 873 857 862 888 814 790 792 987 983 934 803 899 959 823 
18 754 939 911 779 892 984 908 973 817 989 857 980 860 826 816 975 833 841 
17 813 800 904 758 952 976 848 998 887 825 930 862 912 943 869 855 983 
20 863 901 930 919 943 923 978 824 763 937 762 898 853 866 830 854 838 783 758 952 
18 753 818 942 788 838 782 901 830 878 931 883 776 759 817 813 996 799 750 
20 960 780 816 799 839 848 907 761 883 918 967 944 892 922 829 854 884 801 867 841 
18 970 775 893 824 899 862 751 997 770 753 882 989 907 864 979 964 755 881 
17 763 833 864 807 752 775 759 921 782 814 839 920 812 838 820 970 912 
19 764 772 770 819 924 797 783 867 858 963 890 915 933 988 993 763 793 781 790 
18 941 987 775 910 973 762 833 878 820 763 900 854 760 839 960 813 804 840 
19 889 753 833 762 894 787 855 864 874 789 887 955 830 840 957 968 815 963 909 
18 986 815 971 795 991 933 755 874 889 779 820 897 840 806 880 842 760 775 
18 996 778 982 936 864 909 780 919 995 810 879 966 993 774 900 990 887 983 
17 908 972 871 888 934 885 771 891 968 915 798 884 998 899 797 935 840 
18 870 779 833 984 979 932 832 954 799 983 780 939 798 941 873 915 906 893 
18 818 783 991 895 881 857 825 779 758 988 879 757 778 929 817 781 780 931 
18 891 772 966 789 965 956 978 828 779 990 804 953 812 874 755 786 764 833 
18 860 759 999 789 824 856 865 973 982 807 781 919 863 838 753 891 800 932 
18 858 809 949 791 871 913 929 876 884 860 770 782 950 977 831 799 899 895 
19 884 878 932 920 942 785 891 983 996 773 988 979 859 817 926 844 971 824 892 
15 822 804 886 948 872 928 845 826 777 1000 895 765 923 870 980 
18 910 930 943 956 771 957 914 765 767 966 834 815 908 778 823 819 911 958 
18 789 771 791 898 825 866 798 860 831 877 885 964 760 840 914 808 780 886 
18 778 836 967 879 922 812 930 937 906 771 943 752 833 766 809 917 902 781 
19 831 776 778 899 792 963 914 902 997 881 906 999 882 774 769 934 988 813 861 
18 979 964 803 854 841 769 809 786 820 945 883 977 892 990 824 752 886 858 
19 909 952 874 825 987 850 917 795 865 912 792 769 864 818 936 819 879 846 958 
18 987 952 949 831 810 937 935 856 920 802 788 756 908 844 804 787 964 897 
18 899 776 797 889 957 763 840 948 770 750 888 825 751 848 999 808 782 771 
16 835 876 752 995 917 761 924 930 806 859 906 821 816 940 854 889 
18 827 991 877 836 870 889 941 974 769 965 805 791 905 879 967 792 825 787 
19 889 893 873 909 759 766 772 812 960 786 980 899 762 850 846 936 838 804 764 
15 804 932 976 964 847 802 867 910 965 922 782 975 955 807 987 
18 986 758 803 897 864 812 751 823 772 853 918 796 814 752 800 970 799 829 
19 808 851 768 882 871 885 860 757 914 977 826 916 968 843 900 868 913 966 964 
19 824 791 934 792 778 921 875 947 937 958 954 889 992 963 977 865 950 981 853 
19 994 850 928 932 774 756 916 942 911 813 864 920 965 976 914 934 897 978 834 
16 761 899 874 943 789 758 838 870 967 925 845 919 975 818 894 802 
17 762 754 994 892 829 940 768 857 794 956 838 943 901 868 825 922 982 
19 785 943 905 982 994 794 928 803 840 855 999 781 856 868 846 964 886 894 835 
17 947 783 941 900 874 863 776 886 950 859 840 984 870 773 820 973 834 
18 951 938 799 942 782 929 949 920 845 822 853 861 988 911 979 754 906 753 
18 758 923 813 926 797 855 915 818 985 752 868 970 949 908 805 998 788 986 
19 773 851 939 805 876 909 879 978 919 750 942 837 818 922 853 845 907 990 793 
17 863 880 821 935 810 956 864 968 774 901 980 862 874 983 849 750 904 
19 911 828 781 981 907 834 917 806 816 810 838 941 969 791 808 784 780 872 756 
17 881 978 926 811 840 905 909 844 880 841 860 990 911 904 969 803 970 
17 985 819 750 881 829 795 848 987 902 954 869 843 870 971 833 916 964 
18 918 877 814 880 819 833 856 988 886 798 951 772 757 762 876 941 982 884 
19 992 831 825 915 796 973 885 985 844 819 927 757 942 1000 892 964 806 772 957 
18 769 978 922 998 854 815 773 764 961 774 879 853 929 925 896 897 972 846 
19 865 797 917 802 898 860 852 818 990 828 791 985 978 784 940 781 758 914 869 
17 992 796 803 801 861 826 921 986 807 993 863 935 875 827 898 943 952 
17 948 941 950 771 858 872 985 774 971 907 888 963 990 802 846 946 913 
18 804 934 867 815 763 974 861 848 977 981 884 989 926 983 980 765 819 971 
19 901 777 859 809 850 984 846 871 841 886 836 967 829 762 752 825 914 933 853 
16 843 784 885 823 992 820 934 916 902 908 814 776 963 955 926 864 
16 927 786 833 961 751 831 784 811 977 851 765 994 908 904 939 808 
19 831 827 760 935 860 904 897 932 788 941 877 856 908 833 755 994 905 919 938 
17 875 889 793 925 907 992 956 804 838 886 753 920 966 817 947 843 971 
17 995 821 910 912 940 874 981 916 829 842 893 806 911 784 783 988 982 
17 961 916 932 871 867 937 809 891 805 956 860 836 895 812 993 815 897 
19 903 965 842 808 755 807 792 846 757 836 969 753 839 862 882 924 796 923 947 
19 910 923 761 881 920 882 899 978 809 972 976 999 871 859 884 898 956 968 851 
19 922 981 867 858 865 991 930 937 756 945 811 962 938 880 961 783 976 989 812 
18 761 968 832 831 830 902 975 793 924 826 906 945 897 944 770 798 815 850 
19 935 783 937 780 855 968 865 753 886 961 967 890 992 759 930 916 955 958 928 
18 978 945 860 843 824 941 995 808 878 825 779 883 836 799 847 875 888 999 
17 942 766 965 945 790 883 990 821 923 804 758 829 826 962 879 773 875 
16 1000 904 926 991 891 927 999 922 950 792 968 826 837 937 823 860 
19 773 813 964 861 836 984 856 898 938 901 982 804 802 850 751 917 841 786 780 
18 841 876 914 861 808 912 819 785 750 974 758 856 986 879 916 951 984 989 
18 944 827 922 892 984 947 975 951 912 902 838 787 767 772 882 839 981 961 
18 847 889 932 954 824 785 927 975 998 808 959 855 846 851 978 911 842 943 
17 978 783 754 836 762 837 927 1000 915 987 960 817 944 844 822 781 777 
19 885 874 911 839 835 840 945 831 962 951 787 825 863 926 982 984 954 891 814 
18 945 915 958 804 907 991 835 970 760 796 934 773 911 909 844 990 834 892 
17 935 849 883 796 829 968 898 873 833 830 820 756 960 815 976 963 985 
18 788 918 925 952 856 962 757 942 923 928 767 905 859 978 876 938 950 915 
19 769 821 995 997 800 822 792 856 996 943 919 858 750 843 848 866 793 766 761 
18 977 878 817 821 948 903 788 839 865 846 830 914 893 906 861 838 965 985 
18 993 974 814 793 966 965 931 865 921 777 823 831 852 824 945 957 901 812 
18 901 843 790 830 977 811 759 949 903 908 854 868 886 947 872 937 795 819 
20 978 899 802 881 769 820 873 799 900 860 801 972 970 825 924 782 835 821 856 985 
19 809 987 944 852 933 891 921 883 872 821 800 768 896 871 827 828 798 975 900 
20 777 812 977 861 979 958 758 836 980 921 909 900 955 842 954 924 789 846 814 845 
18 762 799 983 938 945 785 814 826 949 838 828 796 811 772 890 886 836 819 
19 828 897 816 893 908 807 793 822 800 926 834 936 891 951 768 856 889 882 838 
17 915 897 989 812 791 776 976 907 978 958 911 960 912 756 830 876 768 
19 836 922 912 812 824 890 989 846 990 883 905 778 928 803 889 925 919 809 981 
19 974 820 784 806 894 769 852 886 913 849 897 762 876 910 868 891 893 841 797 
19 873 893 854 942 778 967 816 810 775 908 819 835 934 834 984 911 833 872 977 
19 838 846 942 892 914 995 897 960 953 766 788 782 754 826 924 970 832 965 830 
20 807 990 978 872 948 844 753 998 761 847 900 834 899 779 950 783 756 823 852 919 
19 838 772 884 976 864 975 949 780 890 799 964 892 770 968 911 823 929 951 781 
18 826 964 905 867 767 916 790 806 831 948 970 750 906 991 753 752 953 911 
18 867 999 899 856 814 831 995 998 833 948 958 826 965 873 919 815 782 783 
19 952 981 777 820 990 955 791 813 928 829 894 925 838 859 929 772 764 819 991 
20 790 851 862 904 896 834 842 771 822 789 791 905 806 856 801 820 759 923 776 967 
18 918 824 964 895 922 920 917 783 860 797 846 881 758 989 916 787 856 829 
20 934 855 790 816 932 794 979 917 830 795 753 775 877 989 992 802 778 820 927 891 
19 760 849 903 951 896 842 822 976 933 857 776 973 967 959 835 880 990 941 801 
19 948 767 790 888 953 995 903 792 853 863 755 782 937 789 857 945 898 828 826 
19 814 768 994 947 872 894 925 997 900 845 896 939 777 781 799 840 769 833 818 
18 833 876 919 807 912 825 816 819 798 979 894 891 802 990 932 962 896 869 
20 878 907 857 922 815 848 788 971 919 814 908 854 827 921 781 863 884 750 895 986 
18 997 872 830 882 861 906 783 940 834 917 885 876 838 751 934 948 793 905 
17 817 811 988 827 877 822 860 819 808 855 840 963 806 974 993 866 782 
18 971 838 819 774 972 988 872 942 900 851 844 750 794 758 752 913 963 861 
18 915 981 892 938 972 986 881 879 994 930 962 834 947 781 761 835 896 956 
19 941 911 787 888 970 847 993 971 989 881 849 901 850 822 810 903 827 843 757 
18 907 903 997 855 882 818 935 932 939 898 971 832 920 989 753 822 798 863 
17 915 924 992 944 927 933 928 754 968 1000 887 908 767 812 959 982 871 
19 959 848 854 826 932 831 947 939 903 960 940 802 929 931 969 890 840 811 896 
18 917 910 994 761 886 811 769 812 858 956 921 944 920 785 907 942 950 779 
19 827 872 768 775 784 752 806 993 769 762 989 761 836 959 850 933 947 977 897 
20 950 991 889 881 933 963 938 829 792 817 802 799 952 970 977 762 975 932 890 908 
19 800 876 923 984 783 838 767 897 896 988 936 890 787 844 854 919 963 931 871 
19 861 949 762 943 897 839 893 905 959 995 769 999 972 978 813 976 778 877 869 
18 879 974 756 819 851 772 800 940 893 883 872 801 902 970 762 907 903 850 
17 790 935 937 997 865 984 845 933 898 879 869 797 943 913 762 975 777 
18 926 861 895 946 857 993 943 829 986 945 955 940 974 773 983 772 1000 934 
19 917 887 873 877 844 929 775 950 949 903 946 992 800 900 961 980 982 971 941 
18 772 832 810 853 758 894 899 809 804 980 906 937 979 795 799 777 933 914 
19 840 910 997 862 892 933 895 750 849 834 981 863 880 930 974 875 865 811 860 
17 861 809 834 955 848 810 898 880 897 863 987 975 881 754 979 843 968 
17 958 903 793 841 835 817 882 937 953 888 879 866 985 963 852 785 856 
19 841 983 804 963 786 784 815 769 875 857 876 862 802 829 993 904 752 905 951 
19 766 831 934 845 867 760 780 968 983 866 826 774 853 967 840 911 893 751 870 
19 941 878 848 808 834 802 879 816 952 783 852 956 895 995 867 949 778 918 990 
18 880 812 820 968 867 929 985 952 834 841 939 975 990 801 979 977 956 769 
18 902 771 890 811 825 878 976 760 927 795 962 875 800 965 922 928 753 950 
19 894 942 931 967 775 948 803 921 987 805 974 869 842 780 997 802 982 970 827 
18 890 844 761 944 866 869 887 841 800 977 852 892 821 803 822 966 956 838 
18 857 891 870 819 925 932 887 987 804 947 885 905 752 775 934 858 998 924 
20 793 886 852 834 826 910 835 931 784 850 792 830 774 841 859 897 908 954 838 811 
20 793 884 823 901 762 894 751 879 852 766 976 836 907 946 851 853 763 999 961 940 
18 757 984 782 960 976 933 891 780 989 777 832 925 859 875 916 791 781 895 
19 774 803 831 992 849 771 913 910 996 965 838 763 876 916 791 792 917 830 929 
18 826 776 837 836 851 963 975 996 958 843 859 875 885 823 889 824 858 814 
18 866 795 827 960 864 919 889 794 939 792 783 814 862 880 776 923 922 886 
17 998 905 972 835 850 769 926 944 793 889 867 772 807 963 895 844 951 
18 991 844 898 918 966 814 805 768 982 818 951 954 905 859 999 964 940 1000 
17 864 956 759 943 861 869 796 820 798 750 891 952 982 912 783 874 823 
17 941 878 787 922 976 891 963 898 853 899 981 957 819 801 824 994 813 
17 856 815 982 894 981 938 968 818 945 872 996 805 758 841 976 928 837 
20 863 789 784 930 854 831 917 792 806 780 967 750 915 998 972 810 852 949 920 961 
20 950 975 985 796 827 787 788 937 994 803 929 783 867 852 880 901 754 988 940 809 
18 879 980 869 760 778 864 827 941 967 961 775 834 971 824 884 804 817 856 
18 865 802 783 863 900 861 811 992 819 914 981 866 853 886 792 964 915 867 
20 887 779 977 986 903 798 975 797 877 810 787 771 754 752 873 954 864 808 775 889 
18 798 897 771 793 977 825 867 767 935 892 843 903 904 816 781 784 833 872 
18 757 907 761 783 855 859 813 981 828 961 877 803 910 894 784 972 996 929 
19 958 842 785 938 955 969 820 762 953 751 789 764 813 981 984 790 841 947 777 
18 852 883 847 856 824 937 871 953 990 828 836 914 881 862 778 924 813 955 
17 990 991 778 861 808 777 869 961 852 864 831 927 859 940 850 981 956 
20 961 991 881 932 822 850 969 778 865 824 870 857 750 976 866 877 757 978 912 817 
19 846 900 939 834 798 761 887 915 763 905 833 790 785 999 923 958 809 894 959 
17 794 760 902 832 837 774 968 896 912 916 925 852 833 1000 853 893 928 
17 946 765 863 813 990 949 988 811 812 872 772 973 933 991 753 917 928 
18 991 850 880 846 805 897 753 975 875 919 909 779 938 860 932 976 814 925 
19 926 778 903 971 991 908 844 867 777 993 811 803 817 833 861 791 921 980 904 
17 872 965 886 900 769 976 992 940 941 835 778 837 863 752 997 968 753 
19 949 994 916 972 856 798 755 971 861 862 834 809 838 831 960 997 830 933 999 
18 816 857 922 874 766 912 907 860 758 968 881 879 970 900 867 974 849 810 
18 949 976 809 928 880 946 775 886 793 796 758 811 960 910 853 899 795 825 
20 751 976 770 923 984 954 775 950 894 821 870 997 892 895 764 946 939 958 914 955 
20 953 856 885 883 900 923 845 767 990 957 886 939 940 842 847 907 994 763 802 915 
18 801 771 827 937 990 811 953 763 787 843 799 970 762 873 802 948 863 917 
17 862 955 953 759 903 806 865 867 995 896 875 952 984 874 812 809 913 
19 981 941 899 803 810 974 935 775 753 958 760 798 969 898 858 782 759 910 859 
18 752 939 943 750 830 953 889 996 973 898 988 956 952 937 923 803 985 928 
18 858 839 989 979 944 905 787 861 810 788 754 764 752 843 916 986 833 892 
18 874 931 941 791 923 779 930 766 964 905 958 903 987 944 778 856 880 764 
18 881 939 900 952 987 871 775 994 802 957 782 794 902 921 992 793 869 942 
18 755 935 919 908 966 871 920 880 998 987 783 765 953 990 758 894 760 887 
18 830 775 800 854 957 926 844 888 867 802 826 917 827 797 939 992 821 907 
18 967 919 867 846 929 927 873 944 948 774 936 856 878 903 889 860 877 853 
18 959 810 857 908 975 887 955 941 896 819 958 784 899 945 900 839 880 933 
19 806 774 835 941 885 931 841 827 968 845 862 811 809 942 999 833 906 826 886 
19 900 853 873 936 847 759 751 801 773 942 781 803 769 789 785 808 934 937 884 
19 903 987 892 840 850 793 827 809 999 798 894 810 862 897 937 828 870 911 980 
19 814 800 990 980 790 913 797 909 953 854 991 792 812 903 850 933 923 801 803 
18 868 865 848 995 939 815 975 757 986 962 756 1000 912 828 937 795 983 787 
18 971 854 866 805 909 876 814 852 982 988 934 978 942 846 818 913 861 780 
19 999 826 840 985 976 827 914 792 781 791 804 930 955 853 848 820 972 835 844 
18 861 958 802 779 791 918 990 961 851 782 882 841 832 770 876 818 889 878 
19 900 826 862 988 757 989 792 911 889 815 760 922 914 961 805 882 769 759 845 
19 921 791 841 828 896 858 964 954 996 867 937 899 769 987 855 913 949 957 785 
18 969 777 968 914 835 768 863 911 918 921 770 873 955 951 811 910 786 893 
19 797 984 935 759 884 810 887 793 823 916 900 937 874 852 777 946 799 893 772 
19 766 881 769 956 990 836 924 789 859 828 764 814 878 887 933 753 992 882 951 
18 832 998 883 935 927 781 752 755 992 875 812 768 965 868 922 888 931 795 
19 977 949 851 825 911 956 944 937 813 996 797 808 827 873 805 892 817 1000 775 
18 865 799 971 966 787 983 953 835 809 796 904 891 852 883 781 761 784 805 
18 787 973 867 837 911 886 793 972 975 976 875 940 821 774 906 843 773 788 
18 876 811 809 863 940 786 812 929 869 864 990 918 887 857 810 833 967 928 
18 827 991 915 904 895 953 944 853 762 840 761 933 822 797 885 952 975 816 
20 905 904 809 834 895 924 915 757 826 956 996 795 968 898 951 784 928 874 777 916 
20 776 946 851 860 794 868 972 760 916 957 857 855 964 935 981 908 983 942 791 870 
19 786 833 794 787 985 904 796 777 920 775 949 924 956 848 874 809 916 859 844 
18 901 893 969 928 838 892 842 778 921 915 977 834 982 828 835 971 980 898 
19 885 777 851 959 804 872 957 944 859 848 834 973 988 924 810 903 758 915 831 
20 974 995 893 881 911 845 848 898 950 789 867 945 912 852 754 793 752 985 815 779 
18 873 869 888 895 826 981 833 952 766 753 926 813 875 993 844 788 983 957 
19 834 951 938 993 930 844 885 818 833 931 792 816 866 987 982 994 977 852 772 
19 847 813 873 856 792 947 812 871 755 882 791 998 997 752 952 809 842 826 830 
18 893 874 913 889 809 854 891 849 774 787 813 877 936 756 966 837 870 785 
16 903 874 846 983 935 761 999 790 757 787 796 823 941 824 827 807 
19 962 780 979 955 897 963 786 960 922 766 927 769 846 864 883 999 757 907 764 
18 826 873 851 908 755 832 948 762 809 920 854 902 971 934 879 911 954 801 
18 798 831 929 996 779 799 944 955 777 943 851 945 870 995 767 828 785 973 
18 916 935 762 771 914 752 885 849 909 994 922 799 821 812 997 772 796 813 
17 944 909 960 860 759 792 796 773 946 768 753 851 817 979 978 951 999 
17 1000 883 913 801 846 767 765 951 895 981 939 833 907 927 970 845 814 
20 926 949 910 932 871 921 930 821 797 975 973 946 988 790 913 962 763 986 812 892 
18 782 984 961 859 817 969 907 766 931 946 973 879 760 908 835 966 836 775 
18 774 927 865 848 956 777 975 946 829 954 895 854 918 910 996 831 995 842 
19 755 769 816 931 913 852 878 866 775 901 929 777 984 981 851 768 772 992 759 
15 842 811 758 988 770 984 920 796 765 825 939 913 999 885 960 
19 945 826 829 918 837 777 858 855 978 790 935 980 761 774 757 898 979 770 789 
18 808 985 781 832 804 915 926 938 791 852 896 844 828 843 761 774 990 785 
18 972 902 885 956 872 766 799 967 823 949 921 855 833 773 840 995 965 936 
18 883 905 768 992 960 863 754 934 987 764 800 834 850 833 776 932 805 795 
20 841 835 912 800 788 999 945 755 750 793 895 937 886 763 880 952 861 779 998 901 
19 861 955 803 864 769 866 868 909 827 932 766 788 924 806 768 904 996 925 993 
16 926 793 754 951 933 767 918 990 920 998 840 1000 939 832 828 995 
19 953 870 805 982 815 915 790 860 785 905 977 994 846 750 871 869 935 787 928 
19 770 806 911 997 989 839 785 790 847 837 899 821 922 927 955 986 943 762 937 
18 844 755 773 943 766 830 889 874 936 863 765 800 896 902 946 836 881 792 
20 797 878 761 934 863 831 898 763 891 836 995 999 979 899 981 838 925 779 970 822 
19 971 920 980 860 818 765 927 815 984 875 877 830 859 825 904 986 863 756 957 
18 958 866 910 824 820 757 805 778 783 771 919 841 812 823 980 987 991 906 
17 880 961 905 870 769 807 857 823 972 930 884 936 869 790 992 882 996 
19 852 777 836 861 941 867 913 899 881 919 821 798 762 902 754 782 956 922 811 
17 792 965 918 866 896 888 925 841 810 990 837 778 750 880 871 754 910 
17 817 910 838 849 899 870 916 963 809 818 978 864 869 934 827 875 951 
18 752 946 837 812 898 813 797 987 973 782 830 923 970 990 788 931 997 769 
17 835 879 917 963 999 993 992 895 886 1000 817 973 777 980 900 953 792 
18 967 766 875 979 871 862 753 957 906 987 778 896 799 823 836 905 943 897 
19 790 892 993 983 769 814 816 834 756 866 957 994 978 868 974 760 829 848 936 
18 806 994 980 894 862 964 844 990 905 943 768 807 891 778 769 832 757 808 
19 915 772 879 831 826 780 834 955 908 999 853 755 977 872 934 774 881 817 865 
20 967 799 995 759 900 969 836 775 754 922 896 772 851 822 876 828 854 992 821 753 
19 959 766 986 844 911 987 876 939 842 995 963 981 835 780 883 930 856 953 891 
20 978 928 902 847 801 788 959 892 946 783 751 838 829 822 920 820 923 814 819 991 
18 765 997 940 809 904 967 866 818 820 990 949 790 994 832 822 824 958 941 
18 953 779 853 955 940 786 870 834 846 906 762 914 951 752 865 954 920 874 
18 794 817 842 831 799 893 981 870 917 942 862 848 828 827 752 785 918 786 
19 870 963 936 992 794 914 926 962 891 793 772 877 916 930 945 905 938 882 927 
19 994 774 975 980 908 825 790 854 777 885 881 845 896 764 863 873 928 828 751 
20 962 860 774 882 773 942 976 957 840 777 891 996 859 754 985 811 885 915 890 820 
20 888 763 911 995 935 896 931 968 798 813 845 864 794 846 814 805 757 936 918 970 
14 834 858 795 919 755 961 963 763 830 892 803 871 812 866 
17 787 872 837 887 828 863 921 902 910 982 911 913 855 810 975 826 847 
17 911 766 762 825 888 859 915 949 893 761 883 997 971 950 958 992 865 
18 845 899 868 969 753 841 970 876 875 984 922 952 786 881 792 865 917 963 
19 943 899 798 823 870 931 852 844 984 873 907 880 848 909 804 967 944 874 772 
19 966 843 797 844 970 768 805 937 878 777 929 984 959 907 893 804 900 902 841 
19 906 751 827 870 794 773 991 766 753 908 859 1000 800 856 899 986 868 914 770 
19 824 894 757 887 922 945 990 923 897 795 982 859 807 812 965 948 900 885 778 
17 954 842 974 913 889 980 753 818 787 834 785 819 830 776 770 929 773 
20 868 752 759 835 914 799 911 959 944 769 987 817 863 890 985 760 968 970 963 899 
15 901 854 800 976 883 893 964 928 927 896 803 799 816 922 987 
18 938 862 878 899 772 755 799 994 977 841 807 866 815 854 752 844 786 857 
18 786 977 973 941 780 765 999 890 864 814 950 981 922 841 773 982 878 772 
20 864 783 892 895 762 932 859 860 950 796 807 867 905 758 853 910 955 805 786 969 
20 863 961 987 896 965 773 774 823 991 839 792 865 899 971 855 986 934 877 972 901 
20 986 750 802 936 788 767 927 786 992 842 917 902 998 822 929 776 823 765 814 878 
17 1000 969 801 922 888 945 853 907 872 829 885 838 839 937 927 762 996 
17 870 943 846 949 908 990 828 995 893 904 818 896 911 887 860 842 763 
19 843 932 759 893 813 775 922 841 871 849 916 847 880 752 895 964 941 979 959 
17 784 992 803 860 854 770 937 930 919 851 847 965 920 931 855 817 821 
19 882 858 980 913 821 839 789 949 965 897 843 945 785 912 884 812 895 896 933 
17 876 820 907 821 852 777 973 927 803 800 998 870 828 964 968 997 763 
16 761 878 869 914 949 753 764 967 760 827 923 910 993 823 793 840 
18 897 923 952 962 780 988 837 895 807 960 971 776 891 842 825 783 992 874 
17 950 799 898 791 777 943 961 970 815 771 827 912 833 775 987 928 865 
19 852 838 898 842 976 840 949 912 752 798 940 945 969 932 866 836 923 971 786 
20 811 981 924 768 883 921 989 912 988 889 919 837 938 831 751 757 972 934 869 970 
17 759 925 874 941 803 773 986 970 940 811 879 818 902 903 979 962 924 
18 889 895 784 913 807 951 782 791 881 872 948 988 966 896 940 861 780 836 
19 840 873 893 802 923 784 816 888 821 780 909 824 882 826 827 854 963 793 910 
18 750 991 795 952 764 954 856 994 753 987 768 963 808 789 790 786 975 833 
18 813 781 770 779 843 996 858 929 871 898 824 986 828 802 794 793 755 951 
17 756 864 879 978 924 914 950 1000 789 787 971 967 762 788 839 960 990 
18 782 790 890 956 971 799 757 952 756 828 955 846 877 888 962 993 905 775 
17 861 802 839 941 827 961 823 752 989 899 835 798 991 891 905 817 968 
19 965 931 841 848 809 972 824 937 829 900 816 878 752 842 883 991 850 997 862 
18 910 788 841 840 923 847 876 922 933 883 816 972 837 943 777 963 944 815 
18 790 833 991 956 791 1000 889 856 899 876 837 844 929 892 924 801 847 865 
19 898 920 842 887 883 864 942 960 850 1000 946 826 968 927 997 914 986 889 890 
17 786 867 923 976 819 820 855 893 972 805 804 830 951 782 847 874 821 
19 848 810 940 936 975 858 874 793 896 777 812 962 809 853 833 787 790 850 804 
18 782 911 917 840 817 855 980 916 908 939 759 929 842 774 850 832 915 821 
15 971 763 877 957 807 903 889 911 854 847 868 995 956 842 891 
19 878 899 930 858 826 808 910 905 787 776 764 761 844 752 974 803 868 937 907 
18 926 900 795 864 929 992 889 968 791 804 971 967 782 824 836 873 911 759 
18 994 976 920 913 974 951 837 785 924 795 840 868 836 932 862 973 947 848 
18 898 875 844 977 983 803 753 919 770 907 968 814 801 820 908 940 958 761 
20 787 862 823 751 923 990 931 758 970 815 939 903 971 808 869 755 828 897 796 859 
20 990 758 756 883 947 762 788 817 948 767 908 867 940 816 997 962 912 828 902 846 
18 785 899 815 806 951 988 803 949 901 754 944 890 862 766 856 925 783 916 
17 942 862 771 933 786 851 895 984 790 836 968 847 762 856 759 874 849 
17 908 962 847 977 829 918 897 926 888 969 862 808 770 753 929 944 947 
17 774 914 797 928 974 764 989 802 971 863 961 759 841 866 896 999 849 
18 821 947 971 938 1000 893 955 874 853 967 815 956 905 928 976 811 828 982 
18 772 750 803 976 768 853 992 790 895 946 904 842 993 936 896 952 866 791 
20 868 866 926 762 811 951 849 807 815 991 939 992 843 833 791 810 953 948 757 846 
19 810 868 935 939 783 861 859 934 996 768 901 858 844 995 841 852 860 760 897 
19 775 899 958 841 786 796 883 895 905 940 829 848 900 962 834 854 809 919 862 
18 872 951 786 940 844 916 921 938 817 804 917 841 836 773 985 968 988 761 
19 859 840 810 984 884 996 753 906 905 989 924 821 880 844 856 817 766 1000 848 
19 840 998 926 848 794 751 908 931 958 964 798 774 944 778 922 883 961 923 959 
19 790 898 750 821 941 756 971 970 922 769 780 950 796 754 972 877 974 864 797 
17 948 801 939 977 791 775 888 822 914 837 955 849 774 760 980 923 949 
18 862 794 835 987 768 833 928 981 931 865 948 750 990 762 828 766 839 995 
19 870 928 789 763 919 913 827 765 960 768 977 994 900 915 971 998 956 840 817 
18 934 879 801 948 856 923 804 753 908 883 985 821 794 764 781 931 937 750 
19 863 780 810 773 883 793 891 775 999 837 859 798 831 792 951 977 948 757 953 
20 953 762 958 862 997 810 809 951 972 864 992 944 897 831 785 842 950 927 980 826 
19 878 930 977 771 943 954 817 925 824 917 972 850 757 811 992 807 962 881 907 
19 851 944 909 810 811 806 843 906 996 821 858 943 770 776 974 941 951 822 772 
17 971 836 989 920 888 941 958 772 944 890 969 758 948 786 905 766 856 
19 897 768 962 762 975 863 934 893 832 936 943 833 981 862 890 804 949 836 907 
18 868 820 943 779 774 970 874 941 864 894 960 956 878 949 942 793 966 800 
19 897 877 815 981 985 788 843 796 845 904 858 756 962 943 827 978 925 779 956 
19 828 902 867 936 750 784 908 786 757 944 767 965 981 751 954 868 764 802 872 
18 894 944 937 925 941 782 958 822 951 973 909 780 864 906 910 974 880 993 
19 893 901 857 918 839 872 916 987 887 799 780 908 821 826 812 991 800 888 802 
19 799 937 800 948 926 782 750 845 925 886 906 877 920 903 806 874 888 813 759 
19 953 963 809 949 757 814 928 885 978 883 908 980 788 935 827 870 851 815 750 
19 910 815 876 753 945 857 969 833 861 776 991 957 994 909 951 751 999 785 995 
19 847 800 777 842 775 932 912 823 839 858 951 908 770 975 926 818 881 798 846 
16 960 974 864 987 832 825 860 845 764 917 858 939 921 926 850 900 
17 799 872 803 785 971 935 902 793 968 833 889 768 825 851 770 856 952 
20 819 968 789 786 930 916 854 892 832 814 834 906 783 996 870 868 842 818 808 853 
15 901 958 990 910 798 768 959 930 867 837 839 866 799 983 833 
18 829 971 997 769 785 832 910 757 827 881 779 908 901 788 946 820 815 979 
17 762 806 823 756 920 944 760 923 793 847 795 971 786 896 968 779 965 
18 912 961 839 999 791 897 827 844 893 882 943 788 927 994 854 782 865 929 
19 770 965 905 855 960 750 959 822 995 925 808 781 999 891 872 929 784 952 797 
17 926 975 841 795 888 794 848 965 812 757 960 909 967 894 905 824 921 
18 777 803 1000 960 761 879 996 881 827 915 844 830 783 836 759 862 990 838 
17 830 782 818 843 833 836 781 861 799 786 946 972 973 840 779 767 793 
17 862 958 914 857 936 911 905 993 983 845 838 985 970 855 889 827 814 
18 779 847 997 934 787 884 967 846 935 794 755 852 789 958 964 813 860 872 
18 856 964 918 985 825 785 917 849 829 969 870 774 960 877 802 863 906 784 
20 936 960 922 908 915 782 930 963 837 948 881 838 847 931 937 993 952 945 964 792 
20 821 800 997 765 949 985 751 925 907 825 987 819 847 972 771 755 892 782 891 868 
20 964 915 923 812 889 786 837 843 965 980 790 851 894 926 929 871 756 855 840 852 
17 871 750 852 819 915 774 812 843 806 757 787 838 907 945 846 921 848 
20 824 868 978 899 783 910 809 837 990 991 922 916 815 800 752 819 869 930 865 828 
19 950 804 985 919 757 787 859 896 931 946 761 817 855 769 768 796 811 781 763 
19 765 770 782 804 933 949 996 939 931 950 919 988 855 962 755 943 815 856 766 
17 888 866 911 810 995 953 806 961 809 837 930 899 829 764 876 756 845 
18 951 943 942 798 802 777 780 836 886 904 934 869 915 823 857 990 791 863 
18 992 945 933 758 938 880 952 762 881 773 970 845 968 755 921 996 971 925 
18 964 911 841 966 846 819 769 963 867 935 887 776 810 923 751 967 959 989 
18 925 771 876 939 772 805 764 937 950 940 870 766 782 931 929 974 779 791 
18 856 866 954 767 815 974 978 946 790 853 973 939 804 858 847 773 849 868 
19 975 784 808 939 956 931 875 949 973 991 890 806 805 976 982 817 940 855 985 
17 979 889 938 881 825 831 815 753 993 799 759 906 832 837 934 915 985 
17 818 812 917 871 940 808 879 949 924 805 853 831 903 990 979 987 972 
19 760 981 942 940 836 832 992 776 797 930 966 996 848 842 865 941 887 950 851 
18 896 766 870 1000 777 892 989 801 826 911 871 814 750 933 795 816 899 864 
18 949 866 832 869 867 807 954 883 957 929 973 777 988 943 773 927 836 999 
19 944 817 779 976 862 854 800 894 954 756 789 991 845 971 778 813 839 925 972 
20 878 767 941 934 907 862 811 900 769 859 849 820 946 834 960 913 986 898 768 828 
18 976 809 899 974 901 981 894 780 785 950 772 783 752 942 870 966 793 940 
20 828 909 840 866 988 941 995 763 776 873 994 923 861 982 915 816 764 813 829 838 
17 828 981 789 887 797 985 837 819 971 875 769 925 778 937 975 972 915 
20 865 830 915 823 901 934 984 866 881 829 839 750 811 861 888 994 778 764 797 847 
19 766 874 876 920 912 958 989 953 789 885 845 756 755 821 902 910 814 752 862 
18 966 866 934 872 770 984 859 900 948 895 938 862 952 809 782 794 848 912 
18 761 826 765 963 887 915 760 874 884 837 811 853 808 893 799 983 813 871 
18 850 755 754 872 893 901 794 940 789 947 997 841 967 787 756 800 883 919 
18 780 941 920 949 867 904 932 912 891 776 916 835 756 838 754 777 820 914 
19 874 833 809 985 849 801 976 819 834 954 825 855 791 896 919 851 967 830 763 
19 820 777 798 982 970 822 926 775 855 856 981 819 788 892 948 874 980 851 992 
20 900 771 842 865 871 779 925 973 897 915 974 903 818 833 814 980 816 933 868 765 
18 860 966 831 791 774 768 932 864 807 837 903 796 976 926 803 906 786 993 
20 942 866 778 928 811 786 853 793 894 809 825 995 855 832 952 901 918 846 921 953 
18 820 831 957 908 783 949 763 866 965 931 868 837 914 833 935 784 804 952 
20 947 943 890 999 842 865 831 908 880 970 924 751 856 917 910 866 758 920 900 937 
18 782 984 892 987 812 827 787 947 992 973 841 856 986 925 839 939 893 929 
18 993 902 864 969 944 828 859 772 990 964 914 972 818 867 861 888 943 805 
17 879 935 958 812 907 967 819 955 917 945 909 854 792 763 920 796 984 
18 903 774 979 806 779 881 757 980 908 789 942 812 995 1000 890 804 773 851 
20 884 772 953 768 940 812 943 763 776 828 891 945 861 758 850 916 820 926 761 801 
20 792 877 890 848 946 865 918 883 784 912 960 757 886 756 847 794 944 925 884 786 
18 946 913 896 958 832 794 781 851 980 785 927 981 901 879 997 991 956 839 
19 872 794 816 992 823 972 752 924 882 774 966 974 860 852 938 884 750 808 906 
19 849 927 773 750 923 897 898 911 770 964 954 846 876 961 960 940 896 751 798 
18 851 813 760 762 854 934 765 766 887 903 954 825 823 831 904 794 933 821 
19 931 990 873 860 815 948 854 770 765 937 786 893 762 914 882 958 824 781 769 
18 791 843 913 940 790 817 835 793 950 814 997 884 773 768 978 842 999 833 
19 933 902 930 781 772 756 988 833 849 910 864 872 842 845 892 857 916 974 759 
18 996 836 897 939 879 800 880 952 816 756 893 997 985 968 882 904 815 767 
20 883 977 805 794 782 839 842 917 856 961 865 980 824 937 763 800 829 942 963 888 
19 894 956 750 804 831 805 936 766 879 775 903 847 965 797 954 856 782 873 947 
17 752 1000 772 992 986 994 925 928 856 909 988 947 805 902 897 788 834 
19 987 760 879 876 861 827 838 910 898 803 962 908 772 804 976 918 855 965 791 
17 803 991 939 979 898 956 995 752 783 875 923 934 767 751 908 772 987 
19 855 848 963 876 832 998 811 936 904 977 938 911 996 814 992 847 751 874 853 
19 925 1000 760 888 994 867 907 804 929 976 839 841 990 762 798 973 814 923 844 
17 853 806 816 802 852 917 867 841 952 776 959 865 761 872 850 864 937 
19 792 858 926 936 919 823 896 824 888 939 882 818 784 799 968 884 755 971 955 
17 920 896 973 761 807 765 874 835 995 826 907 879 982 860 976 969 797 
17 934 796 903 882 945 777 986 803 763 855 798 911 761 988 913 919 966 
19 851 944 898 931 848 930 958 818 842 977 902 808 858 826 807 957 964 953 875 
18 781 936 888 967 959 957 812 977 828 962 804 782 915 953 998 797 772 996 
18 862 951 826 964 845 868 828 867 965 854 829 853 794 792 850 821 944 917 
19 869 769 934 950 798 804 858 965 916 751 832 968 838 803 875 756 850 981 871 
17 758 782 906 856 909 788 954 930 994 752 847 826 940 1000 886 862 976 
20 918 964 975 767 786 810 971 986 797 764 985 874 997 887 950 811 861 933 895 842 
18 965 795 875 764 780 905 947 867 892 805 936 866 878 831 930 894 809 915 
19 756 927 802 895 924 923 929 785 769 949 906 983 879 810 863 788 831 781 813 
17 849 812 836 975 965 786 800 864 925 955 777 808 890 966 761 755 796 
19 882 754 917 802 753 831 891 835 796 762 770 838 752 874 873 928 833 984 772 
19 765 878 905 793 987 810 786 970 993 981 754 762 989 834 845 885 955 865 751 
18 898 899 855 841 940 869 929 821 963 873 806 794 881 959 966 944 811 994 
20 845 997 793 779 855 952 910 932 893 825 821 991 853 843 986 794 971 796 878 782 
18 878 781 858 921 940 801 847 851 971 845 944 939 796 889 976 750 833 853 
17 757 865 928 837 946 941 765 900 889 805 826 886 769 880 840 775 884 
18 885 857 920 819 872 950 990 903 817 827 774 970 977 780 845 969 944 981 
18 872 840 825 760 807 929 771 822 791 891 795 813 915 810 785 787 979 977 
19 923 908 949 859 857 823 832 961 768 943 979 890 962 888 787 916 806 841 922 
20 805 950 980 753 783 766 867 798 778 940 826 978 893 786 770 795 784 960 881 979 
19 848 832 792 961 958 861 797 931 752 763 874 932 768 947 805 978 982 894 783 
19 809 909 895 825 772 907 751 928 896 761 763 991 947 927 851 869 998 933 888 
19 958 994 851 795 927 953 921 979 897 932 961 889 916 786 943 997 982 854 823 
17 978 766 775 836 776 807 921 805 832 974 859 895 800 968 866 938 899 
18 799 868 981 804 821 815 944 772 955 908 813 803 919 773 903 812 859 984 
19 854 997 934 884 985 801 841 757 856 772 783 969 876 870 991 833 914 860 898 
19 833 933 941 863 911 780 853 992 935 984 925 951 874 880 760 964 959 876 803 
19 777 809 916 834 789 876 843 812 754 816 805 780 836 990 971 866 967 998 901 
18 830 891 927 896 769 902 754 804 985 837 930 958 996 852 903 934 842 765 
20 944 830 794 876 777 969 843 862 753 797 875 760 938 972 924 991 871 831 884 970 
17 884 808 888 798 899 960 814 842 945 864 909 895 825 908 861 883 961 
20 949 846 971 766 859 762 994 913 815 926 967 866 909 935 953 761 857 802 930 982 
19 980 964 992 940 879 840 914 863 904 866 978 861 944 913 908 927 838 766 875 
17 911 955 757 791 940 753 957 801 823 819 987 832 810 933 818 949 798 
18 895 801 893 792 812 984 889 857 996 836 976 807 828 870 955 900 873 795 
20 840 752 976 764 777 958 837 923 985 860 762 902 961 937 825 851 842 993 792 783 
19 813 875 767 844 883 839 949 964 843 906 903 776 994 858 921 817 779 755 781 
16 810 868 843 766 878 803 796 944 787 800 961 994 946 761 982 836 
17 797 791 883 753 781 912 871 793 900 886 950 866 766 761 961 905 848 
18 861 873 943 972 763 956 846 913 886 818 789 953 820 772 757 979 781 778 
17 782 994 931 933 830 816 784 808 837 877 980 944 971 833 982 974 914 
19 942 817 791 943 976 760 980 872 838 908 824 927 772 833 998 903 973 892 881 
18 921 986 930 795 810 767 880 754 942 782 844 924 802 911 805 808 817 975 
18 841 922 774 800 786 948 847 998 888 760 802 870 818 988 767 876 981 858 
18 753 768 872 831 964 856 919 863 796 793 788 840 757 828 986 836 780 755 
20 761 918 758 953 863 877 903 861 771 849 781 910 774 823 973 940 826 783 963 857 
19 982 789 907 836 915 794 784 883 860 880 967 987 796 869 865 917 802 862 998 
18 860 755 789 782 792 809 753 934 984 958 779 810 771 841 970 760 927 949 
18 767 762 937 856 869 780 932 764 955 763 919 927 761 870 902 995 862 783 
18 797 859 799 901 999 925 839 832 956 894 889 955 900 784 813 957 902 865 
17 998 877 930 997 995 853 794 781 771 855 824 868 953 785 755 996 858 
20 845 946 913 920 961 768 868 990 986 922 780 924 888 1000 853 769 876 808 816 786 
19 925 968 963 872 759 885 937 874 907 753 870 781 793 824 986 760 969 873 973 
19 916 806 974 807 875 852 758 903 862 932 804 956 981 772 879 959 780 942 843 
18 835 750 909 905 932 984 810 866 778 910 927 765 766 906 836 888 858 878 
18 797 802 856 899 850 795 935 862 754 989 894 821 952 1000 834 837 907 994 
17 787 898 881 792 918 966 753 974 914 882 984 892 778 899 943 942 929 
20 868 902 849 930 971 756 959 985 816 817 969 922 767 826 808 855 784 754 994 852 
15 925 867 870 941 763 820 910 936 999 968 753 874 843 894 964 
18 754 974 911 891 846 796 939 862 878 863 915 880 790 799 821 785 981 813 
17 943 921 763 875 770 879 775 950 946 969 848 887 998 870 980 964 755 
18 843 756 777 871 992 851 943 752 897 989 827 845 928 859 787 757 866 949 
17 844 930 992 827 854 964 835 917 790 832 909 761 841 943 997 948 887 
18 985 765 908 775 850 980 977 839 971 785 834 789 809 855 771 945 806 843 
18 910 813 856 815 785 786 978 891 884 810 963 920 750 780 898 868 874 846 
18 975 814 857 830 774 822 981 873 980 754 985 856 852 794 841 972 961 764 
17 948 796 754 937 869 777 986 767 803 844 966 973 820 887 994 930 759 
16 823 854 815 924 968 895 869 814 826 960 923 848 860 998 990 760 
20 908 776 795 801 862 761 988 985 993 787 904 965 793 874 899 870 929 764 968 880 
20 916 828 798 967 792 929 920 815 960 795 810 880 807 895 750 997 903 757 852 814 
18 797 786 753 860 960 831 929 941 922 752 912 881 937 825 792 994 936 903 
19 869 807 970 926 860 785 915 753 774 964 923 771 797 883 924 897 989 905 889 
18 815 948 765 968 852 822 859 896 798 937 865 755 947 893 843 809 860 990 
17 983 935 997 823 834 831 881 911 866 811 853 756 783 929 888 877 905 
17 840 933 895 919 760 945 768 838 981 758 920 894 915 803 969 782 869 
18 936 911 773 852 977 887 928 953 962 900 945 781 964 916 807 912 941 818 
18 798 779 885 822 784 929 751 818 811 916 913 989 999 792 884 832 931 835 
18 960 831 765 942 857 939 956 797 808 962 794 838 850 751 965 996 924 821 
19 974 912 940 950 841 956 872 975 801 793 890 925 803 822 926 868 952 966 989 
18 881 775 819 805 839 885 798 883 799 984 918 996 908 936 785 821 906 768 
17 947 768 985 907 788 898 901 837 781 804 892 982 939 997 750 832 859 
19 826 945 970 803 995 777 772 870 969 762 996 885 776 986 767 794 798 932 843 
18 824 880 887 825 932 947 877 948 934 837 803 935 888 912 958 886 784 795 
18 904 999 982 847 909 978 916 921 950 766 818 781 895 929 856 821 976 874 
19 856 804 784 765 898 827 884 858 993 771 964 796 814 767 987 862 903 950 865 
18 847 789 881 845 751 945 886 963 840 887 987 796 770 992 777 787 844 984 
20 773 867 983 789 963 948 1000 761 865 774 804 904 848 831 998 969 821 939 836 843 
18 798 772 845 801 858 975 804 877 865 755 890 889 856 880 990 971 949 981 
19 922 883 824 923 911 779 927 888 822 767 917 894 795 772 782 959 853 788 886 
19 922 795 924 873 786 964 872 777 891 763 813 955 848 864 756 802 783 959 867 
18 878 994 824 884 870 901 809 913 754 810 979 848 859 860 891 773 941 958 
16 888 986 802 786 889 812 816 796 813 841 798 933 972 960 852 913 
19 931 789 972 843 935 919 924 813 806 778 955 957 966 881 904 767 946 821 857 
19 900 823 986 754 981 821 819 918 999 857 954 793 924 875 858 846 779 845 774 
18 970 997 967 778 769 916 797 853 849 784 900 822 859 755 861 893 838 873 
17 799 798 933 854 774 917 997 865 985 919 785 778 820 763 864 868 852 
18 988 895 824 885 776 751 875 948 781 845 833 989 965 994 822 844 900 862 
18 916 869 783 967 979 757 897 842 774 909 991 799 941 860 839 850 858 802 
18 903 936 970 899 902 905 793 750 867 763 962 781 796 914 921 818 982 958 
17 939 943 927 890 843 986 784 959 957 846 762 763 767 973 854 869 838 
18 976 885 895 833 832 770 828 864 912 945 983 809 871 938 932 989 761 786 
19 913 772 934 905 892 931 766 822 885 769 878 864 888 939 871 895 989 972 899 
18 963 874 852 822 904 925 836 814 987 961 778 867 844 773 862 861 955 816 
18 848 835 864 905 921 977 963 784 817 873 780 820 925 861 753 830 802 960 
18 847 947 828 796 807 916 820 839 875 869 978 776 751 995 866 985 989 876 
18 855 776 767 866 935 978 822 888 985 905 928 898 764 867 967 804 768 876 
20 857 759 776 802 879 792 976 975 788 905 847 928 770 957 848 854 813 871 949 824 
18 851 868 840 881 837 963 829 773 939 940 977 986 874 791 921 854 943 879 
18 821 979 934 947 760 965 891 839 857 949 779 761 879 798 967 971 896 813 
18 860 836 754 929 759 786 790 791 958 962 932 926 806 752 930 893 992 942 
17 777 842 912 767 806 916 873 807 811 756 874 982 757 909 974 854 955 
17 950 802 761 985 869 917 935 954 750 773 791 981 811 995 962 819 900 
19 790 895 850 833 898 928 848 980 795 946 819 984 759 904 816 868 987 784 879 
17 977 838 940 794 890 987 826 874 893 767 894 850 915 936 961 846 902 
17 909 883 987 851 985 834 983 844 914 945 873 815 837 927 953 767 921 
19 870 750 830 754 961 955 878 937 915 775 919 963 877 818 984 992 908 912 889 
19 824 972 948 821 959 946 771 793 855 942 962 929 843 1000 977 768 806 871 853 
20 793 873 858 806 810 894 801 836 921 818 875 926 910 908 824 790 984 835 827 986 
19 835 894 858 793 875 985 967 999 791 993 817 974 899 917 795 884 973 842 956 
16 777 781 823 950 879 942 900 803 941 923 760 796 973 946 814 753 
18 950 934 976 981 800 877 753 893 998 831 935 874 993 784 849 953 882 956 
18 824 976 795 875 807 827 866 996 897 849 955 860 968 763 889 752 850 893 
18 819 918 968 869 905 919 810 987 953 969 899 848 944 999 753 975 996 793 
19 861 880 998 782 932 950 842 816 960 785 912 844 805 784 962 941 756 754 1000 
18 887 989 974 969 902 788 893 809 968 970 781 768 986 983 924 857 797 999 
18 941 796 857 942 858 821 771 807 938 957 863 830 757 806 988 982 848 753 
20 762 750 792 991 930 770 941 871 903 893 767 908 774 883 900 972 963 760 946 805 
18 926 758 812 890 930 774 936 780 760 821 847 830 898 820 935 1000 941 796 
17 991 975 898 792 996 756 957 769 986 942 935 962 927 760 897 863 874 
17 780 867 963 836 939 925 976 906 847 927 871 905 892 917 937 851 815 
18 979 842 846 932 794 781 943 790 911 847 792 933 815 978 897 914 845 898 
20 948 910 930 784 831 949 885 845 886 977 990 933 818 998 959 806 769 995 848 979 
18 904 821 959 911 809 865 818 902 914 808 952 932 965 855 788 943 867 870 
18 982 766 809 879 966 855 882 917 961 853 926 919 873 806 768 894 927 833 
18 843 856 879 865 772 977 858 938 937 820 834 962 789 849 985 800 945 794 
