993
0 0 1 3 4 5 6 2 2 6 0 1 6 13 9 10 0 1 12 1 20 9 8 12 0 5 0 12 27 5 27 3 17 29 29 17 4 19 24 35 9 8 3 8 35 24 30 20 2 9 44 21 11 44 31 38 4 0 56 31 60 6 25 22 48 40 49 62 18 5 31 17 69 8 42 66 12 77 6 40 54 3 2 31 48 79 49 87 25 30 10 86 60 23 67 24 74 35 57 5 0 58 40 82 63 92 80 102 106 24 33 101 66 30 29 111 44 58 85 111 23 103 44 80 36 104 74 67 22 3 62 13 130 2 95 109 77 137 109 43 6 133 122 70 110 94 18 104 114 114 82 108 149 146 123 10 62 103 50 127 139 97 97 35 33 127 152 101 40 13 103 84 166 22 81 118 140 168 109 140 43 113 65 77 60 58 46 150 62 49 148 77 91 59 67 13 145 2 175 31 169 150 18 90 23 113 100 171 136 199 127 95 199 83 136 50 198 84 184 13 37 23 0 175 37 12 218 76 7 173 48 152 202 58 209 167 214 107 151 64 11 176 91 218 174 130 232 179 179 175 18 199 32 9 147 86 238 140 189 62 223 193 165 237 127 84 93 206 141 52 210 263 18 122 147 79 217 151 62 55 139 28 9 133 247 3 80 17 255 216 153 279 228 176 249 14 111 232 129 242 13 117 113 20 166 128 93 241 175 280 168 257 272 260 191 214 116 309 183 49 222 231 96 64 12 119 298 117 45 56 1 205 5 220 40 87 69 196 90 208 200 210 48 252 117 58 32 280 325 181 67 208 96 31 9 294 212 65 194 333 70 315 340 89 67 119 350 303 308 60 114 49 173 77 200 172 30 116 346 138 325 361 183 235 70 15 167 280 257 318 270 201 107 55 107 229 111 357 5 398 108 58 197 379 398 377 204 6 317 149 280 302 237 207 15 58 387 342 95 67 105 294 62 207 359 290 89 100 200 238 275 358 250 270 255 296 82 203 12 294 172 75 47 357 323 65 420 44 412 21 297 27 85 424 74 424 255 358 361 388 362 334 65 310 92 106 87 271 84 266 164 280 180 8 296 266 108 95 311 328 425 286 256 95 93 77 79 293 133 386 435 235 74 273 450 98 154 320 214 433 348 413 113 256 420 366 479 444 442 420 122 416 370 480 216 251 318 115 196 163 69 94 229 365 0 271 134 309 332 90 219 99 428 322 441 79 270 30 158 210 250 35 424 463 194 300 154 230 442 67 117 385 52 458 20 422 211 359 413 340 385 133 120 421 367 101 10 8 259 521 564 315 13 456 49 355 449 83 71 78 303 544 528 570 463 331 55 223 511 64 166 267 227 161 107 98 432 121 46 149 129 340 248 49 572 97 497 9 532 548 505 81 239 368 607 134 584 420 486 578 160 307 223 393 51 173 263 363 416 579 113 553 180 137 346 365 379 499 259 334 26 391 338 221 34 593 261 500 237 374 340 460 481 536 75 361 123 154 623 62 199 150 222 408 632 147 59 220 27 233 555 409 362 667 300 360 321 41 427 352 604 203 76 164 421 486 465 686 511 8 401 149 101 501 34 43 588 526 492 60 534 124 554 267 426 245 468 274 443 29 457 273 374 325 90 243 704 86 652 62 214 651 556 174 31 343 652 715 389 423 607 225 317 116 411 498 549 404 88 595 163 53 294 639 673 33 5 550 657 243 522 57 309 411 466 246 284 608 457 199 732 49 574 347 53 671 606 493 76 736 638 221 770 404 445 522 144 710 129 381 86 520 565 707 27 394 634 109 510 511 601 76 237 287 764 536 163 533 189 62 421 704 387 155 506 158 665 640 350 150 208 453 207 758 623 194 210 234 444 464 69 259 4 415 178 774 617 729 76 117 488 293 208 413 272 516 38 549 798 631 816 241 824 343 274 452 343 430 395 98 66 655 193 63 80 782 486 787 78 221 588 25 586 90 8 83 572 185 258 702 674 573 226 305 262 790 812 550 34 250 719 873 263 567 538 123 398 687 782 566 740 438 160 720 721 529 645 75 778 801 841 564 829 239 126 825 557 623 874 796 483 403 718 108 846 1 22 302 893 357 537 879 187 835 716 853 16 590 417 387 566 830 362 271 578 842 878 70 608 799 566 5 891 581 640 406 357 416 591 737 24 40 5 404 479 268 473 272 90 112 302 470 5 939 773 291 344 892 514 814 853 615 812 560 709 72 594 466 297 78 268 430 649 446 688 535 213 191 457 467 910 67 629 
992
19 629 641 55 210 404 489 284 331 197 180 172 967 939 787 546 724 363 31 51 
20 791 280 414 695 488 355 60 511 274 328 204 365 173 169 696 130 374 265 446 318 
18 991 588 112 355 625 617 239 832 783 280 350 462 175 53 274 885 932 178 
20 7 818 606 289 365 869 850 16 37 314 957 803 527 146 550 798 612 645 466 262 
18 706 679 109 648 430 167 102 433 275 983 271 145 649 413 266 556 744 676 
18 324 15 363 902 426 880 518 262 972 300 950 947 584 4 808 866 874 297 
19 821 247 636 950 124 101 214 737 518 2 209 170 134 362 318 326 237 416 790 
20 160 884 436 124 878 667 896 146 975 42 302 238 577 827 138 364 323 742 660 100 
18 302 386 567 812 64 243 790 75 852 398 212 409 676 641 660 264 978 143 
17 741 385 924 414 298 435 367 968 727 591 382 74 540 722 400 859 138 
18 621 811 867 857 917 975 279 794 200 461 632 79 26 466 385 666 163 567 
20 427 806 986 753 955 690 165 790 214 957 157 177 976 145 293 727 796 79 887 376 
19 243 538 388 358 821 483 335 979 380 906 887 189 431 706 714 385 248 44 597 
19 796 397 940 17 150 755 838 499 927 140 191 531 321 735 239 878 907 880 98 
20 478 477 441 920 436 961 870 574 179 948 251 261 150 900 59 177 256 243 816 800 
18 597 456 165 764 268 447 831 378 573 962 660 678 568 95 548 894 612 873 
19 574 272 13 948 667 268 593 699 423 65 341 780 251 414 790 371 156 799 77 
18 942 973 675 958 947 329 222 848 420 726 265 297 444 1 439 48 915 934 
18 750 989 510 392 44 834 120 74 358 205 184 790 842 20 312 452 208 619 
19 479 474 12 882 389 347 420 84 214 149 91 905 636 735 549 424 548 408 655 
18 132 433 21 488 229 625 485 838 698 529 715 817 548 224 806 448 12 406 
18 22 677 7 99 318 773 693 143 724 142 486 398 74 462 682 956 121 903 
20 865 92 11 264 761 351 461 793 736 301 667 5 782 311 50 500 794 655 777 432 
20 981 958 47 351 657 664 753 208 715 2 381 332 623 324 146 858 764 177 7 583 
19 552 58 629 849 17 903 346 422 878 409 232 157 192 706 316 880 730 162 167 
20 896 576 107 392 755 114 447 326 766 644 693 751 560 52 661 389 717 23 274 820 
19 26 413 961 448 250 832 391 144 113 313 543 449 576 796 511 68 71 252 426 
18 838 305 91 522 700 704 36 532 675 661 78 680 369 325 843 122 35 260 
18 629 358 114 444 13 272 864 955 82 252 412 150 944 447 116 390 815 53 
18 117 26 777 757 690 400 485 289 140 565 95 467 42 965 818 33 601 549 
17 137 933 258 456 317 359 356 262 816 583 591 538 424 496 629 158 122 
18 927 607 348 584 556 186 458 247 739 502 636 295 929 227 161 434 656 587 
18 373 386 219 597 302 839 33 13 278 32 607 72 553 584 511 290 127 964 
20 802 753 529 161 90 551 592 971 285 87 602 553 381 220 629 33 379 908 793 803 
19 740 445 968 263 259 698 776 652 139 673 114 266 683 430 601 978 600 355 378 
20 729 592 191 443 181 726 330 833 52 884 830 607 76 166 611 205 563 874 452 946 
18 482 626 384 178 461 52 382 672 27 42 726 630 392 363 441 606 74 878 
20 744 849 39 157 656 186 549 920 552 789 902 366 550 605 283 284 672 107 514 743 
20 341 407 483 92 920 858 566 464 640 86 296 829 980 576 846 678 754 354 756 64 
18 214 339 410 188 926 705 908 98 897 158 988 603 144 909 387 568 750 783 
19 194 555 894 512 732 459 713 734 578 70 320 883 870 153 703 80 744 428 615 
19 723 541 246 141 225 132 293 361 734 10 213 264 499 897 84 712 46 818 404 
19 956 492 482 662 578 716 984 827 427 266 715 909 460 286 823 107 269 590 394 
18 861 332 936 961 257 269 834 167 989 597 528 822 114 108 604 549 475 160 
20 308 487 403 614 434 176 483 658 621 464 9 847 888 203 886 369 864 588 750 726 
19 33 373 404 30 412 36 157 952 385 518 786 230 88 197 581 192 159 454 960 
18 194 158 670 91 578 234 290 514 209 370 568 733 736 266 83 652 106 656 
19 219 485 328 392 968 69 442 820 617 933 29 766 627 154 127 325 872 536 202 
18 585 486 553 983 230 407 451 103 605 294 968 84 558 580 777 966 98 978 
18 753 133 839 623 941 838 628 247 612 113 157 167 561 642 416 359 414 749 
18 259 65 3 148 192 229 854 435 698 827 723 872 355 931 352 369 97 529 
20 934 84 339 245 200 134 967 345 430 107 464 329 617 548 206 840 630 599 168 5 
18 916 542 415 422 555 505 548 567 534 402 810 564 618 715 456 493 100 33 
19 57 971 606 61 43 494 152 417 355 693 845 434 552 175 834 90 893 980 113 
18 463 725 633 489 792 104 637 388 190 894 42 980 680 733 203 923 486 175 
19 586 848 182 910 432 760 627 500 386 832 962 424 173 766 412 967 51 636 281 
19 79 635 66 137 940 270 955 245 968 971 235 875 169 100 188 902 468 765 544 
20 461 173 368 590 260 649 87 556 533 299 651 745 37 825 478 32 286 627 670 802 
19 788 949 461 784 801 340 568 929 902 644 931 52 453 75 245 196 79 803 467 
19 887 150 268 821 532 862 797 756 837 562 429 66 300 949 49 575 597 18 210 
18 926 70 576 267 263 237 101 66 230 985 983 426 226 792 735 225 719 159 
19 975 349 263 429 330 533 187 521 79 385 954 520 159 805 389 781 134 979 325 
20 758 566 73 643 543 219 596 65 835 733 364 159 401 369 529 600 356 651 332 685 
18 883 627 843 475 323 651 822 794 142 424 862 268 382 804 369 41 674 920 
18 965 762 208 204 759 685 265 269 937 985 798 277 398 541 63 118 712 496 
18 422 868 925 540 202 92 648 285 930 227 721 730 535 537 618 598 375 522 
20 717 161 59 982 374 988 246 867 275 931 484 117 52 422 338 856 377 2 102 233 
20 382 640 666 212 311 695 225 595 248 18 926 459 52 438 856 908 289 13 721 293 
18 469 150 877 768 853 115 11 707 189 260 513 383 752 364 136 202 77 261 
20 355 960 224 581 988 672 745 256 701 487 398 215 354 316 815 912 750 115 585 759 
18 829 539 346 961 253 718 286 414 453 100 653 163 464 763 56 790 289 788 
20 887 796 993 385 622 218 442 551 415 225 231 761 811 944 346 243 487 111 351 90 
19 127 629 469 638 491 955 800 380 412 124 757 450 888 77 3 346 902 706 296 
19 668 404 947 255 40 242 395 2 538 815 706 489 560 726 484 256 494 863 497 
18 204 16 830 436 319 844 659 34 946 690 84 538 598 245 111 803 699 605 
20 659 905 550 889 153 733 564 53 287 669 941 181 435 315 547 345 67 175 509 450 
19 253 848 771 672 51 679 754 109 414 866 751 457 648 246 964 922 481 373 176 
19 672 200 436 523 278 538 370 224 143 480 513 356 749 409 867 472 312 952 185 
20 711 755 287 901 750 187 841 547 136 833 663 881 278 664 304 90 435 101 48 363 
20 81 436 232 63 77 328 25 866 246 690 516 855 545 409 763 705 393 150 584 580 
17 97 341 425 906 716 244 136 14 647 228 920 857 573 768 656 663 958 
18 766 348 341 837 908 920 137 206 959 765 794 221 41 870 742 375 669 962 
20 168 695 458 772 158 797 518 909 516 137 751 246 811 456 77 7 30 782 584 268 
19 14 764 235 473 911 410 470 287 481 186 936 618 307 924 739 303 156 735 456 
19 275 520 62 151 302 193 616 239 368 337 759 340 190 273 656 333 708 686 681 
20 545 965 237 979 100 361 937 372 84 156 91 611 89 992 609 736 510 724 115 880 
19 167 856 508 315 444 454 419 768 687 380 464 604 590 520 147 827 975 521 632 
20 793 798 689 788 857 122 233 581 569 248 459 100 710 918 636 412 924 902 509 124 
19 795 217 33 191 874 798 668 234 656 701 777 856 44 20 469 558 750 730 593 
19 400 73 210 418 537 639 261 340 783 610 669 596 431 752 455 591 171 438 884 
20 723 829 599 306 983 543 169 74 29 297 700 605 291 901 46 260 88 577 488 943 
20 476 505 791 737 604 708 874 855 303 911 299 563 726 706 850 920 684 485 862 990 
20 746 935 886 544 490 933 760 298 773 910 233 13 928 420 277 602 248 346 879 665 
19 161 512 949 248 209 629 655 665 75 501 156 981 706 138 524 874 86 373 877 
18 987 144 459 703 256 142 643 353 212 384 309 98 631 257 211 778 544 480 
18 549 379 542 395 927 171 29 165 914 711 814 603 6 522 983 17 607 33 
20 194 361 831 676 35 993 172 358 977 159 912 108 7 237 105 215 870 575 107 872 
18 763 815 139 334 210 615 833 820 680 140 18 475 549 731 591 123 558 156 
18 521 460 491 41 522 339 147 786 944 744 225 519 697 764 73 674 972 605 
19 453 360 948 208 47 365 310 499 39 617 565 925 378 944 489 388 636 415 92 
20 232 619 489 859 96 739 950 738 918 91 956 974 174 346 529 861 720 434 151 631 
19 926 111 172 81 934 278 272 78 314 779 575 524 892 725 22 169 47 847 464 
19 366 741 443 301 972 536 844 364 988 99 334 695 402 736 190 121 466 67 248 
19 891 107 352 694 17 628 620 684 813 758 312 902 635 360 584 771 880 773 96 
18 408 967 292 266 857 358 188 630 206 51 715 817 904 392 48 726 156 795 
18 257 77 829 135 879 163 213 909 103 382 646 467 888 497 133 530 527 139 
19 206 951 830 101 957 150 49 703 956 327 762 410 990 193 319 908 162 985 628 
17 948 168 537 475 945 186 934 552 75 967 609 916 573 572 227 805 141 
18 838 465 733 344 99 265 436 831 992 280 414 316 243 983 323 657 980 313 
19 152 798 708 506 569 509 361 570 543 875 974 660 686 237 898 745 329 856 493 
20 376 868 624 908 368 775 209 566 225 911 825 486 140 583 65 304 107 7 926 809 
17 117 123 656 469 734 563 724 769 618 346 541 161 160 195 621 639 685 
20 919 902 826 500 148 265 290 834 822 255 788 198 793 690 780 978 351 130 121 804 
20 605 328 210 172 376 432 747 648 263 771 490 590 640 606 992 425 30 398 637 213 
19 980 732 801 960 727 477 556 282 622 9 515 583 783 96 552 40 918 726 625 
19 945 413 751 611 859 647 694 287 872 984 869 821 940 740 465 108 706 290 520 
18 784 479 423 930 858 330 851 352 596 341 358 22 516 119 361 298 965 688 
20 386 5 977 387 714 398 501 466 326 962 461 163 223 953 78 475 244 197 103 579 
18 225 508 844 429 213 75 77 883 202 819 580 139 939 573 133 271 308 752 
20 918 971 231 582 424 529 254 104 912 681 411 75 607 783 786 252 11 2 453 852 
19 556 191 737 418 467 328 553 221 145 503 64 194 598 269 822 96 353 936 656 
20 915 850 67 816 454 419 273 960 357 340 38 265 443 639 510 243 984 74 412 861 
19 20 24 596 747 307 402 404 541 839 229 15 949 434 812 847 917 310 575 39 
19 248 317 295 325 717 507 765 207 379 691 427 42 106 792 786 988 938 416 637 
19 137 31 640 605 238 793 708 864 570 265 850 417 731 704 345 271 319 786 558 
18 320 370 120 937 824 621 982 934 962 630 653 176 181 508 718 114 756 775 
17 347 549 555 170 682 621 275 793 829 206 680 413 516 492 6 946 754 
19 145 822 387 579 259 463 589 968 435 172 513 458 55 66 491 452 90 243 108 
20 657 499 140 451 584 384 173 503 555 309 933 927 542 951 478 756 428 593 602 583 
20 773 408 490 590 72 199 393 974 16 273 460 427 831 852 796 586 207 315 162 182 
19 427 446 939 941 695 72 604 677 942 562 843 961 31 218 256 713 698 983 315 
18 778 690 179 764 563 589 951 479 131 664 93 580 698 223 781 450 760 73 
19 482 156 169 634 234 259 136 797 951 180 314 85 650 685 475 208 825 734 614 
18 952 174 46 959 883 616 852 529 544 476 167 835 231 127 632 90 286 240 
18 605 859 321 500 429 539 481 9 440 250 732 362 634 302 852 509 24 530 
19 61 992 402 194 643 44 579 110 860 376 33 73 740 644 565 920 46 840 43 
19 315 671 46 412 786 421 112 962 132 80 268 83 47 296 778 815 805 291 155 
20 781 843 334 581 951 448 988 268 236 981 257 5 295 637 239 872 4 93 538 436 
19 748 511 570 517 930 381 950 198 352 949 356 231 279 990 584 131 467 264 631 
18 629 38 716 69 975 886 23 752 898 940 28 338 183 834 261 466 143 614 
20 943 733 785 396 805 878 169 39 519 461 110 661 575 401 108 181 240 459 766 921 
19 25 965 223 171 533 195 141 455 23 109 344 24 172 849 76 68 71 637 490 
19 931 597 984 191 746 254 326 549 969 127 447 666 170 844 441 378 491 735 850 
19 700 474 60 707 35 494 472 875 258 491 704 227 729 765 905 781 268 353 613 
19 338 437 896 502 946 49 955 640 106 682 810 253 123 493 337 521 366 72 696 
19 912 710 296 56 98 829 455 222 159 864 665 191 936 859 713 624 171 384 562 
19 273 324 335 89 756 435 366 584 667 628 265 840 781 145 316 344 555 386 255 
18 860 104 211 536 677 25 324 575 938 112 567 815 662 228 19 966 630 47 
18 289 263 599 93 545 480 178 670 834 234 279 309 629 913 507 95 228 754 
20 875 31 600 274 381 132 831 176 708 19 604 36 613 735 947 436 557 727 192 847 
19 733 339 397 561 932 615 307 729 752 655 559 57 540 980 558 176 867 983 721 
18 476 619 757 75 566 252 327 819 557 72 123 9 803 813 615 291 128 985 
20 466 139 355 109 780 257 73 748 547 862 293 174 83 148 847 183 729 339 705 927 
20 146 57 375 719 320 769 813 55 109 322 249 621 229 217 136 492 199 811 550 821 
20 74 529 230 510 835 119 877 924 666 405 51 66 449 525 514 921 471 511 199 77 
18 235 50 605 919 957 618 785 206 651 422 865 611 208 809 689 989 756 298 
18 974 583 458 353 939 544 799 886 231 957 614 975 237 323 903 105 119 643 
18 702 854 945 831 865 150 608 636 704 166 883 340 106 674 14 891 759 82 
20 298 232 126 694 947 700 358 673 716 775 542 652 642 639 986 708 795 307 919 493 
19 938 383 506 731 541 53 717 327 164 739 634 475 71 118 743 365 948 507 361 
20 191 213 34 855 225 230 175 271 777 442 270 724 803 495 801 871 566 353 544 722 
19 669 603 539 683 14 247 331 487 411 143 983 267 74 655 637 99 497 592 406 
20 195 593 416 814 267 826 309 778 33 24 718 477 917 645 269 932 786 167 292 293 
18 92 214 773 742 849 383 1 304 4 586 95 807 404 333 249 628 490 648 
18 833 207 259 750 919 605 397 904 7 611 135 205 863 320 634 746 893 522 
18 457 984 412 821 214 196 256 800 89 611 729 866 558 45 844 222 842 989 
19 499 279 868 151 325 627 98 281 967 423 192 941 855 815 731 950 949 505 634 
20 472 95 771 826 717 380 763 177 101 85 119 422 908 273 739 624 621 482 163 73 
19 236 432 973 424 841 297 222 857 758 734 119 840 722 402 370 725 64 429 193 
18 32 937 304 176 442 291 713 746 234 972 103 554 519 209 28 125 350 917 
18 566 760 762 364 676 548 571 969 677 284 69 192 612 333 298 933 128 179 
20 641 319 6 338 974 869 284 62 549 345 111 480 59 827 425 891 534 226 346 704 
18 521 12 363 978 907 910 466 22 200 14 337 504 345 904 741 366 548 479 
18 676 87 751 105 183 898 419 595 844 800 781 108 976 271 156 374 391 708 
19 763 908 386 12 486 628 331 659 580 251 627 738 784 63 696 591 525 732 227 
19 361 428 3 93 835 246 152 863 250 346 200 706 418 981 336 401 64 703 59 
19 891 477 706 801 956 989 727 48 155 615 641 743 517 647 135 978 313 88 349 
20 597 814 328 890 483 829 773 363 554 180 967 627 867 456 670 591 88 955 356 837 
20 346 733 172 319 20 395 169 764 458 835 610 651 535 972 103 119 597 495 446 660 
19 240 418 239 557 208 554 282 569 898 96 961 749 685 638 407 142 275 99 663 
19 138 28 452 699 107 169 462 958 727 568 918 75 485 346 750 331 539 675 11 
19 903 624 368 720 398 692 266 136 633 768 231 896 87 282 287 420 172 800 478 
18 631 85 621 139 441 927 29 752 671 205 272 90 811 874 942 39 188 477 
20 196 851 481 592 891 863 235 594 808 933 493 249 615 789 297 674 225 734 548 721 
20 452 934 627 936 203 670 471 444 383 415 498 419 890 831 158 387 31 239 258 17 
18 392 298 585 711 342 89 362 59 397 60 64 825 862 85 3 771 586 428 
18 869 27 953 641 456 136 171 927 821 356 162 710 671 776 436 190 584 743 
20 923 320 5 216 12 650 395 483 918 130 43 720 369 544 41 309 924 351 935 821 
18 946 302 523 168 492 915 522 745 190 274 329 160 680 696 290 22 170 407 
18 628 730 63 153 848 771 184 51 223 288 502 35 582 677 533 369 556 203 
18 346 478 442 589 418 875 320 916 650 352 876 8 898 556 296 674 481 317 
20 831 631 666 32 623 796 922 81 273 510 422 448 252 67 387 883 509 729 454 632 
18 793 489 547 391 564 873 201 792 719 185 779 232 298 487 381 98 551 141 
20 821 471 34 792 185 665 142 776 666 829 194 602 982 489 871 60 407 257 978 420 
19 166 755 936 842 551 220 264 380 914 247 593 267 479 370 335 196 766 833 169 
20 854 165 903 43 926 625 199 185 872 350 307 951 296 897 163 167 64 263 431 673 
18 506 824 612 511 853 623 593 683 99 427 850 465 249 350 141 605 280 500 
19 784 81 269 656 636 464 573 608 140 646 696 334 804 172 414 704 249 877 892 
19 356 812 328 107 300 661 689 680 387 395 966 84 386 888 707 962 44 783 432 
20 23 143 546 909 961 819 258 291 803 108 92 811 972 539 904 602 186 71 720 969 
18 466 895 299 399 873 130 304 742 526 98 813 400 959 702 904 126 127 202 
18 960 432 62 916 213 741 360 344 388 662 430 373 936 744 127 991 13 850 
19 981 476 217 776 210 595 345 49 239 752 409 374 151 482 923 544 915 557 506 
20 630 108 965 562 225 554 199 963 606 452 658 126 613 6 30 429 341 68 968 129 
20 119 189 281 318 681 378 153 495 967 674 372 96 484 334 645 643 538 732 974 749 
19 631 678 576 162 860 465 791 110 941 878 111 615 552 831 619 114 376 529 455 
18 659 622 716 481 586 987 360 496 920 158 620 577 530 772 172 906 978 57 
20 398 231 666 59 9 135 929 701 954 50 639 445 477 764 496 309 206 188 510 923 
18 814 247 900 745 913 398 751 301 719 118 506 593 299 974 421 400 970 27 
20 770 871 242 254 345 385 580 632 429 669 629 796 807 658 863 39 116 769 98 805 
19 453 967 223 374 851 733 407 257 67 271 811 333 480 745 419 947 116 956 43 
18 566 470 815 956 206 562 364 663 378 937 428 959 210 975 602 409 911 923 
19 196 553 782 628 724 332 824 80 975 671 122 187 378 298 497 834 565 653 283 
19 465 949 520 566 178 732 55 646 684 577 933 202 297 8 786 34 624 328 340 
18 178 29 11 827 378 634 554 384 452 783 187 493 513 906 735 978 350 499 
20 245 743 507 619 551 147 577 834 988 486 197 916 737 940 44 39 30 767 423 262 
19 689 401 975 881 514 6 100 93 558 453 991 237 600 988 621 406 36 681 980 
18 409 216 510 464 821 66 762 500 294 481 872 884 52 334 575 524 12 292 
18 134 726 241 566 344 944 88 37 103 82 744 818 512 575 799 135 120 409 
18 914 352 439 119 242 37 275 852 327 974 259 1 326 579 127 94 212 506 
20 659 930 29 715 165 282 967 195 599 262 750 415 355 986 957 5 580 739 654 494 
19 152 547 678 27 162 514 513 859 25 299 793 155 363 214 439 86 430 160 428 
19 284 152 895 521 725 650 558 66 797 718 753 830 477 670 922 18 57 652 852 
19 699 735 870 285 832 668 153 123 366 670 105 157 768 41 597 619 161 229 790 
18 7 555 858 445 505 621 581 784 298 261 881 15 676 565 171 570 448 132 
19 203 934 619 175 216 353 142 12 129 77 893 132 227 8 654 178 503 208 849 
19 571 764 855 525 461 743 740 858 632 112 644 887 153 646 42 809 297 214 588 
19 526 860 354 228 124 987 9 348 28 762 658 941 170 480 763 958 282 75 327 
18 409 825 272 870 182 403 775 973 776 975 924 52 861 77 221 570 730 525 
20 867 556 465 537 34 366 607 585 376 234 802 360 693 752 150 333 957 705 257 797 
18 217 988 862 835 531 419 942 238 138 459 868 839 310 972 546 905 612 426 
20 919 127 306 975 622 355 283 8 397 29 889 216 981 699 716 564 15 238 125 816 
19 805 725 619 929 754 706 798 580 353 317 439 218 430 236 521 779 361 20 251 
19 767 310 625 51 768 46 726 169 700 119 907 2 942 615 559 395 793 140 369 
18 616 893 174 475 565 788 863 77 90 481 868 807 187 606 281 237 785 235 
18 514 370 325 283 320 102 492 507 516 26 532 973 984 261 900 522 331 208 
18 529 463 554 570 690 33 635 895 381 469 747 424 19 46 332 716 880 143 
20 292 597 914 488 828 141 415 577 953 356 966 907 38 338 249 333 482 545 152 798 
19 296 259 332 595 94 821 613 554 619 405 197 804 88 323 761 382 92 360 763 
19 568 286 512 29 465 123 337 412 507 952 787 71 528 885 534 795 256 900 108 
19 977 741 621 625 225 717 200 411 497 818 465 653 373 589 369 587 685 606 333 
19 991 208 787 480 488 685 934 449 955 884 3 194 703 221 902 101 461 260 916 
18 360 85 311 137 460 724 899 941 684 825 452 38 971 413 682 45 363 975 
19 290 89 548 653 194 711 522 163 748 299 34 731 720 921 592 55 186 750 724 
19 616 970 654 805 818 624 291 823 497 688 815 513 504 580 943 128 886 508 290 
19 526 12 990 846 893 89 284 881 540 466 785 320 638 81 285 889 304 567 395 
18 348 374 198 536 309 660 508 905 617 908 643 1 432 187 122 761 92 601 
19 3 20 269 744 937 265 104 299 406 628 93 82 131 6 67 791 950 371 27 
17 463 319 509 707 979 918 929 656 689 299 972 617 940 514 681 875 201 
20 25 512 348 332 867 586 208 721 776 2 975 719 899 630 275 250 959 241 829 539 
19 253 939 937 686 832 343 775 797 490 232 500 604 12 579 592 157 27 538 815 
18 710 398 989 222 927 802 642 129 60 666 807 313 570 364 436 741 645 680 
18 371 727 560 140 837 190 541 642 58 666 504 791 775 348 422 370 203 460 
20 657 859 860 631 872 705 126 763 597 961 569 30 10 821 353 233 964 374 783 649 
20 183 653 234 815 778 8 841 486 892 30 312 392 685 667 871 668 270 842 332 222 
20 213 262 819 765 328 690 885 869 616 546 714 750 486 126 62 612 895 804 786 430 
18 191 721 703 926 500 336 246 636 203 230 358 527 454 542 289 399 396 495 
18 311 22 294 929 152 904 82 895 413 396 148 48 440 809 449 12 704 930 
19 660 231 382 64 849 444 612 845 861 61 270 863 201 974 45 875 519 395 405 
19 375 113 666 483 215 376 47 106 536 952 507 456 920 417 861 664 481 45 981 
18 747 114 766 600 540 28 339 807 359 575 217 734 754 101 387 256 520 631 
18 595 107 903 971 861 886 246 368 676 479 854 100 442 176 171 525 565 429 
18 604 627 200 943 726 610 839 621 913 329 789 80 734 314 929 461 273 3 
20 129 762 541 755 2 133 201 774 161 493 711 729 33 98 922 185 474 935 719 113 
20 618 371 31 114 957 256 208 378 718 752 952 550 336 324 271 965 837 98 257 182 
19 260 418 844 148 746 647 524 185 904 692 37 11 178 818 294 105 389 35 217 
19 456 826 339 378 687 511 263 801 206 172 137 434 506 344 22 986 77 291 651 
19 672 879 549 229 378 681 731 882 980 375 235 122 779 482 30 876 349 726 500 
18 144 806 731 436 788 561 961 9 52 710 582 991 557 573 156 155 515 835 
18 599 410 90 782 642 535 980 702 236 628 627 247 731 343 456 813 95 258 
19 889 504 518 135 533 1 403 355 396 689 98 924 243 45 182 678 674 949 37 
18 144 197 476 262 968 938 641 340 131 760 478 437 952 292 109 954 662 373 
20 562 481 737 280 476 53 16 333 403 525 292 174 194 192 874 646 1 722 918 67 
20 301 219 329 262 15 637 837 499 694 623 386 606 45 993 526 890 812 882 543 756 
19 778 5 357 442 711 409 727 837 54 624 263 626 674 613 21 709 388 510 881 
17 824 667 747 688 94 293 177 936 172 179 736 916 918 732 807 637 61 
19 790 363 5 198 6 674 83 299 433 770 865 208 767 177 801 599 711 589 50 
19 695 930 10 8 951 412 354 360 798 71 106 752 736 626 531 748 30 993 634 
18 298 562 634 112 97 503 347 905 490 623 283 295 381 841 843 134 939 238 
20 510 150 289 773 85 272 548 408 432 476 16 703 671 49 349 815 681 141 301 962 
20 864 481 470 550 985 946 216 851 224 800 560 846 88 745 193 473 313 389 574 524 
18 392 757 787 646 70 625 426 280 11 245 741 291 98 325 317 368 828 483 
18 821 983 30 292 615 570 895 291 580 123 342 224 415 72 38 99 40 723 
20 186 334 309 362 708 558 388 748 241 418 925 79 787 559 918 799 681 530 633 382 
20 754 361 516 426 607 856 34 691 181 368 847 685 873 524 980 569 43 288 794 925 
18 929 510 18 406 250 449 802 593 680 789 77 194 120 844 50 577 149 637 
19 337 501 196 393 506 792 931 303 770 51 555 511 151 266 764 220 440 434 4 
19 466 474 961 66 305 736 670 89 520 168 350 37 19 357 302 32 385 935 26 
18 21 891 918 46 613 948 960 791 881 150 566 334 667 630 783 898 416 149 
20 780 380 334 184 631 405 174 975 332 316 511 801 71 391 25 458 512 1 573 713 
19 803 747 768 539 298 103 409 367 354 754 228 189 624 110 364 191 841 129 848 
18 135 971 470 69 728 814 753 514 255 625 432 91 853 131 367 298 349 523 
19 896 314 791 835 537 697 656 872 4 281 499 745 962 615 49 379 315 758 70 
19 954 282 785 65 260 699 589 931 453 238 786 841 968 355 901 467 176 693 489 
18 202 403 949 736 25 756 380 184 425 394 251 422 891 160 283 124 604 905 
19 207 209 766 523 312 783 95 26 535 101 67 381 315 566 593 720 195 255 935 
19 132 407 319 19 649 154 133 124 470 647 792 246 84 635 80 804 689 671 88 
20 302 568 335 293 505 834 510 646 893 171 374 579 765 135 984 874 185 44 811 627 
18 623 464 17 625 481 306 818 356 84 70 504 247 291 601 969 334 646 377 
19 761 501 396 422 310 706 546 171 291 393 679 259 863 637 625 385 232 515 176 
20 636 912 152 971 80 189 730 924 67 56 987 649 612 383 742 481 6 241 82 513 
18 83 649 246 134 15 831 885 578 130 61 529 449 477 466 674 328 60 572 
19 379 794 510 927 388 272 675 119 554 936 679 639 217 389 358 393 386 326 129 
18 962 795 740 668 224 54 883 658 873 872 198 384 791 601 170 756 497 875 
20 897 799 443 558 210 302 421 823 701 875 73 233 847 248 408 914 761 464 523 468 
19 131 211 114 118 810 957 520 774 17 617 653 279 961 744 376 439 680 615 732 
18 441 758 350 795 761 913 837 868 798 595 683 273 498 840 853 26 726 880 
20 187 279 952 696 891 344 791 673 469 969 624 89 638 909 943 776 228 332 699 764 
20 478 279 105 470 872 331 881 665 755 276 806 247 489 100 92 221 548 766 538 685 
18 415 554 766 626 131 879 667 756 747 431 427 250 640 168 58 947 647 68 
19 953 3 483 849 93 411 94 338 535 204 321 577 949 678 581 36 140 919 979 
20 8 571 808 779 211 623 652 389 960 868 801 150 172 904 364 815 505 67 411 449 
19 406 416 33 257 474 309 946 34 665 219 1 653 893 662 44 936 891 446 402 
19 105 129 138 733 829 482 5 578 689 502 895 360 53 364 675 301 611 691 921 
18 668 537 298 769 330 896 10 595 725 99 572 379 876 416 885 772 762 529 
18 775 196 314 315 612 280 725 78 8 107 897 629 282 24 957 714 221 896 
18 663 732 353 268 445 980 149 618 514 129 459 720 170 695 944 14 219 86 
18 174 905 928 861 516 375 522 193 359 693 575 380 111 564 43 13 862 280 
20 376 131 686 749 79 286 845 70 546 370 112 301 599 459 2 404 262 24 682 577 
19 741 716 483 933 752 920 160 787 629 627 800 114 112 749 70 420 378 674 839 
19 103 131 293 79 864 978 122 390 558 20 347 150 955 95 154 108 349 818 929 
20 434 406 116 120 189 983 799 22 47 57 161 413 736 561 764 563 339 16 914 285 
18 384 825 778 70 245 507 292 525 356 185 200 881 918 462 116 839 108 666 
18 153 767 818 92 989 576 328 837 354 488 674 261 305 668 844 526 835 557 
19 456 418 478 353 506 221 900 39 680 476 246 37 653 923 830 831 294 952 161 
20 778 242 720 735 387 81 777 623 649 939 904 656 870 232 499 419 729 988 894 422 
18 382 57 711 475 470 532 237 589 860 163 747 52 572 193 265 624 717 153 
20 245 190 78 114 718 719 208 89 523 660 364 206 933 284 917 95 420 107 252 134 
18 636 595 715 543 220 528 312 224 109 666 329 848 242 223 841 472 580 422 
18 698 926 153 944 343 360 826 120 398 828 956 223 889 334 620 240 453 232 
20 644 350 263 629 533 829 764 612 56 217 43 908 971 513 10 667 695 683 672 536 
20 502 236 804 362 942 156 893 747 10 628 218 27 209 616 717 746 555 192 682 636 
20 203 915 31 244 376 190 760 731 790 748 540 364 440 757 770 825 468 366 903 194 
18 953 641 909 448 670 166 299 956 338 369 192 854 322 235 28 797 469 616 
19 803 198 835 620 303 57 536 966 100 154 893 240 316 974 1 868 546 894 276 
18 801 349 76 247 833 26 494 907 196 552 928 883 186 169 173 174 913 979 
20 503 209 964 578 307 556 320 215 377 107 627 727 392 926 139 284 140 171 832 128 
18 613 311 352 614 377 659 144 797 283 656 274 35 413 646 380 730 653 65 
18 757 35 187 930 449 506 123 178 591 433 864 812 403 256 976 660 671 691 
19 253 587 670 71 17 249 644 653 155 626 754 150 399 365 401 417 913 814 511 
18 754 668 756 868 230 773 223 874 555 198 221 881 87 538 115 144 846 342 
18 624 159 260 691 854 248 489 433 31 452 4 717 449 291 421 818 697 868 
19 798 33 418 991 734 859 15 185 72 782 787 625 503 655 810 129 985 46 786 
19 391 473 429 322 250 989 650 98 729 745 512 190 113 72 206 472 578 896 987 
18 383 385 228 264 283 470 727 259 124 522 932 527 947 6 329 706 431 316 
18 694 5 597 935 34 633 896 462 406 753 836 953 592 69 918 492 732 591 
19 457 145 215 648 824 10 241 959 890 114 771 308 89 254 603 287 871 82 208 
17 701 426 713 542 620 899 584 233 139 365 694 40 208 886 360 874 182 
18 397 207 341 286 859 917 603 164 366 962 585 956 854 130 400 984 948 390 
19 120 75 598 831 384 29 926 118 728 111 773 494 895 907 614 857 526 946 293 
19 438 110 557 338 748 527 763 842 362 452 389 435 295 660 288 78 133 846 498 
18 915 600 28 815 6 797 261 165 518 15 157 968 369 169 194 787 586 848 
19 249 961 951 904 841 690 160 32 602 112 206 827 35 853 3 463 942 353 7 
18 617 624 63 468 172 385 780 959 606 705 383 412 410 638 767 588 156 586 
20 61 981 31 257 166 395 984 27 959 529 285 220 273 55 598 437 831 924 874 70 
18 235 772 101 411 353 743 864 626 129 11 76 964 800 873 629 153 212 952 
18 340 456 555 113 792 810 115 134 491 536 313 416 408 290 934 735 910 771 
18 13 708 261 402 303 588 53 55 610 259 466 766 982 363 341 1 835 720 
18 89 458 815 410 521 964 421 779 683 870 299 110 668 122 138 153 29 423 
20 882 686 84 554 818 421 187 816 610 28 494 190 18 264 869 731 291 497 134 16 
19 437 580 347 45 719 397 922 65 709 943 258 877 947 374 886 931 480 448 855 
20 169 968 929 359 460 505 719 924 825 103 349 567 28 568 691 706 139 624 231 497 
18 400 758 732 672 18 298 664 911 476 599 519 708 276 811 135 592 230 471 
18 889 27 969 950 635 660 355 242 754 550 383 312 119 367 536 58 600 821 
17 4 325 601 179 676 894 810 849 671 796 646 370 740 561 910 722 229 
19 942 884 483 87 498 742 628 723 72 106 315 676 864 294 589 558 341 754 946 
17 970 761 52 677 210 384 551 276 691 181 867 185 922 436 725 582 897 
19 338 882 830 294 697 245 620 504 563 119 798 805 261 622 53 595 989 924 281 
20 553 208 987 238 629 130 622 506 27 555 222 727 684 216 834 397 56 219 383 417 
20 95 601 293 841 287 631 824 531 644 742 411 974 729 314 510 451 648 804 356 892 
19 254 578 20 939 124 293 615 599 444 565 913 960 148 152 448 378 812 935 161 
18 304 241 68 372 262 470 283 786 141 648 67 181 133 789 288 219 529 596 
20 179 927 352 420 366 463 231 169 95 890 902 75 125 708 281 431 171 724 359 816 
19 621 692 477 280 978 77 699 291 384 727 754 521 284 609 50 359 914 732 527 
19 236 84 267 615 985 116 277 241 768 490 212 43 973 924 506 474 932 88 248 
18 720 22 612 321 938 436 933 429 234 694 870 700 818 146 591 187 301 911 
20 471 339 80 803 568 422 722 303 95 680 173 824 392 474 689 67 273 282 659 892 
20 554 11 989 118 377 894 991 402 282 31 769 162 526 228 632 43 190 207 334 143 
19 785 629 361 845 130 954 354 23 195 387 82 331 451 153 477 591 150 375 443 
18 296 444 404 345 757 815 819 414 157 403 555 891 732 637 38 398 124 221 
18 750 870 40 416 826 302 377 352 326 818 350 545 59 485 953 743 135 323 
18 143 468 219 755 415 438 499 8 159 557 592 944 525 31 542 970 622 180 
20 720 393 460 499 789 522 402 535 182 654 102 203 405 553 61 411 637 458 199 392 
20 909 103 425 900 585 934 473 709 916 931 36 819 822 776 624 990 792 546 923 61 
18 462 420 511 470 510 270 394 252 211 89 565 528 386 686 147 827 208 51 
18 948 238 227 806 934 807 950 107 309 27 849 746 936 540 207 912 607 151 
18 975 45 325 250 272 579 275 123 203 529 768 366 703 876 435 432 675 213 
18 629 15 219 911 916 387 590 12 852 638 438 657 240 224 677 167 58 719 
19 51 175 947 373 208 378 246 389 525 363 97 404 223 379 806 21 886 963 531 
20 986 708 33 687 300 485 634 972 759 59 245 517 415 720 378 128 775 487 14 503 
20 509 122 213 266 467 524 201 535 66 809 34 580 753 79 648 359 915 101 986 757 
18 323 10 419 255 467 396 389 758 525 937 445 218 725 682 71 159 151 738 
19 803 778 556 652 568 876 932 591 49 915 75 642 152 928 255 747 974 246 856 
20 434 138 43 914 235 585 369 581 166 940 66 956 582 645 469 310 49 413 894 533 
18 877 797 687 514 592 933 991 982 923 127 752 676 281 412 204 251 375 312 
19 870 600 578 8 373 787 769 881 989 839 616 955 343 758 847 442 967 414 210 
19 82 903 86 30 55 19 25 2 66 421 375 117 595 255 170 195 724 129 843 
19 554 111 643 876 704 445 606 2 72 332 246 161 902 365 877 14 636 393 609 
19 689 108 861 741 801 100 373 799 265 696 729 936 521 84 139 315 586 667 51 
18 65 257 809 250 765 68 856 8 919 85 639 935 855 215 654 846 908 452 
19 75 533 519 492 49 355 850 522 105 952 2 346 390 61 323 474 170 590 546 
17 407 806 955 126 576 654 312 430 932 156 83 744 641 993 522 946 160 
20 62 894 657 950 569 827 717 874 966 73 335 838 960 609 68 860 948 175 185 897 
18 115 694 674 980 469 498 178 271 426 746 351 834 496 520 552 476 655 757 
19 707 598 56 395 98 751 637 778 682 307 835 326 984 487 204 351 608 46 140 
19 255 405 690 398 145 204 263 123 658 725 921 113 747 813 608 577 266 779 814 
20 474 683 146 632 460 272 244 736 815 354 223 981 963 304 468 568 896 707 442 802 
20 90 642 636 687 585 610 931 384 961 268 161 650 327 406 519 57 545 831 388 504 
20 536 568 840 390 895 712 607 195 496 765 239 837 184 623 322 246 971 758 642 651 
20 364 301 467 903 756 971 677 66 217 491 490 688 162 382 220 318 359 291 326 813 
18 973 184 417 548 469 598 434 638 809 293 95 9 285 44 578 407 75 564 
19 853 61 726 767 581 800 667 436 58 282 275 349 427 163 603 372 98 926 19 
19 229 642 176 235 292 15 97 875 308 510 672 982 514 626 661 643 568 200 27 
19 302 908 124 49 615 646 31 851 90 451 782 500 621 889 651 191 841 374 766 
19 159 308 585 977 418 972 72 470 403 887 104 343 827 69 144 459 309 538 307 
20 626 635 8 114 937 89 578 838 788 960 188 567 491 726 560 227 834 672 197 932 
19 304 211 845 308 163 899 595 544 817 208 725 260 154 578 567 633 267 977 125 
19 166 205 764 769 102 600 749 208 430 70 110 346 81 723 24 742 798 967 215 
18 337 342 780 751 45 541 710 506 226 430 698 926 384 122 757 797 765 460 
20 474 408 659 926 438 798 785 131 216 1 814 680 611 863 378 563 947 721 135 160 
18 547 294 619 889 964 85 821 577 838 384 584 771 691 334 641 6 846 707 
19 155 774 903 10 662 271 368 938 381 323 92 422 583 265 99 166 36 769 770 
18 586 974 191 464 774 911 766 549 293 828 616 272 175 319 567 708 938 720 
20 192 649 483 446 49 399 88 41 16 236 234 590 665 583 123 164 600 141 957 988 
20 660 348 129 121 919 579 86 381 133 290 599 878 294 61 393 808 177 40 698 340 
18 880 94 394 802 938 700 646 850 525 669 291 716 809 84 897 230 754 944 
18 402 648 898 709 911 958 603 757 320 880 380 91 591 497 659 569 743 120 
19 942 85 967 3 651 9 546 390 465 292 324 134 628 37 154 187 328 355 643 
18 86 420 922 865 854 168 107 206 324 277 111 197 798 692 261 66 869 566 
18 262 917 132 462 513 555 97 224 491 713 694 908 671 52 936 919 368 812 
18 459 434 620 271 829 904 989 515 700 844 646 761 973 552 394 527 679 503 
19 283 474 202 304 335 242 592 907 527 601 97 796 216 986 178 865 30 125 599 
19 630 857 895 628 514 611 669 499 941 542 356 413 526 853 22 530 990 822 100 
20 635 91 159 738 853 886 117 705 624 449 45 822 168 375 779 985 681 607 920 663 
18 37 125 632 246 661 430 875 372 733 50 176 880 294 422 894 549 79 738 
19 184 851 846 404 299 420 333 76 286 480 83 909 719 453 492 207 22 489 955 
19 196 600 175 577 943 861 844 3 699 645 198 675 46 832 373 707 608 866 104 
19 888 792 429 116 584 761 931 380 497 47 443 323 702 486 294 602 790 191 542 
19 817 524 449 204 867 810 744 327 30 980 224 140 674 50 101 374 504 929 209 
20 260 412 633 766 210 722 773 679 745 550 280 199 566 762 584 837 344 325 255 662 
17 857 919 635 660 27 102 574 703 110 868 533 252 805 795 7 405 949 
18 605 776 378 159 547 566 710 50 716 747 787 47 459 765 835 387 763 594 
20 635 332 17 714 954 44 9 33 923 737 900 509 246 232 465 461 69 600 116 868 
19 950 836 602 350 868 828 686 758 7 801 169 184 481 664 42 98 173 237 905 
20 138 535 982 343 522 49 118 399 804 606 16 445 955 474 151 51 580 307 822 168 
18 902 99 121 752 226 356 80 283 451 232 458 342 129 280 482 727 14 532 
19 710 477 696 781 322 336 489 454 169 86 695 729 413 40 956 167 845 559 920 
20 85 913 449 768 932 797 889 592 677 465 253 584 665 87 301 344 401 499 846 290 
19 965 192 620 42 712 497 343 866 55 975 809 718 562 132 450 895 104 551 748 
20 418 404 869 573 54 484 233 227 925 476 952 143 575 306 434 662 993 885 181 301 
18 30 19 115 376 756 265 523 234 963 927 710 901 519 541 487 61 771 715 
19 455 204 262 762 787 270 760 614 147 781 422 852 449 166 625 276 538 452 471 
18 383 702 225 640 471 188 257 314 72 90 208 630 861 982 465 515 831 482 
18 952 818 414 216 248 988 37 600 324 592 912 353 142 79 365 203 943 723 
19 117 870 229 514 681 110 944 818 820 483 304 802 641 416 121 811 537 204 617 
18 958 592 770 272 702 81 13 37 610 147 353 756 409 273 646 216 465 981 
19 310 460 802 524 7 52 84 706 170 621 585 683 183 878 286 375 312 466 53 
18 616 184 138 529 157 158 784 339 133 532 523 75 264 808 18 964 685 390 
20 339 919 747 452 295 750 61 533 157 887 328 584 66 816 559 875 695 594 141 358 
20 966 364 694 32 9 480 27 666 141 476 801 930 367 688 959 847 346 28 880 488 
20 130 519 199 867 678 779 237 741 3 639 619 715 785 781 191 164 177 891 135 925 
19 449 428 902 706 514 522 202 295 865 658 674 1 330 677 360 375 650 582 912 
19 510 363 262 572 10 220 698 226 292 665 22 243 159 58 559 93 948 541 694 
18 608 573 299 201 798 940 418 304 567 547 870 610 28 3 193 143 466 651 
19 286 30 144 698 390 262 234 377 89 558 298 55 406 35 57 351 350 182 632 
20 535 905 494 118 40 175 198 369 152 370 763 82 423 485 965 88 682 655 593 740 
19 878 888 430 258 379 97 762 180 504 577 552 703 135 319 873 193 144 518 382 
18 800 766 932 151 919 202 438 797 387 826 119 764 714 905 146 513 975 338 
17 418 846 214 316 758 558 233 372 549 641 759 500 515 973 159 412 279 
18 602 842 951 109 266 236 685 601 926 800 972 933 978 582 417 222 14 414 
17 899 361 774 292 300 763 204 418 815 631 728 979 285 710 576 192 787 
20 364 861 126 41 217 644 136 965 357 259 265 600 634 652 615 266 938 371 636 481 
19 812 48 27 424 80 401 726 548 514 208 307 207 458 390 577 771 333 319 372 
20 161 110 43 56 900 854 344 447 476 797 855 540 514 921 730 747 550 763 699 421 
20 928 145 8 49 516 56 203 261 233 685 874 733 348 836 75 255 434 45 78 566 
20 196 806 493 58 507 39 895 6 617 575 766 180 599 198 479 291 232 325 292 401 
18 687 330 794 544 213 852 990 172 298 760 373 837 826 118 207 542 952 736 
19 698 228 526 2 209 262 431 766 799 389 667 417 418 545 81 796 252 45 258 
19 780 864 166 6 475 268 774 714 851 262 350 449 966 557 193 767 509 152 608 
18 964 58 593 384 106 253 57 65 830 795 905 436 640 219 697 116 277 273 
18 605 933 924 181 413 707 454 455 391 168 985 102 400 279 690 881 610 750 
17 527 178 174 14 199 820 168 823 724 957 502 323 834 818 967 309 45 
19 683 537 470 727 630 540 260 163 167 553 438 28 766 147 771 428 87 745 852 
19 663 983 459 447 827 415 855 32 325 5 534 51 383 939 612 181 982 846 210 
18 916 393 34 366 673 339 442 470 816 117 592 627 144 454 110 764 545 411 
18 462 598 823 25 383 297 342 135 302 41 967 882 895 110 208 617 930 72 
19 883 76 740 675 376 126 872 732 550 296 753 881 930 657 106 861 820 321 507 
18 196 300 978 335 628 575 353 423 641 346 890 759 969 680 894 382 115 922 
19 433 217 136 630 509 873 379 21 420 44 167 85 866 852 738 91 373 581 52 
18 751 391 760 671 14 213 658 139 126 283 313 638 676 908 729 533 85 320 
18 523 38 606 662 448 528 886 938 748 51 708 323 452 419 706 19 284 190 
20 237 569 233 227 345 27 993 321 208 767 527 701 290 513 511 962 41 267 218 488 
18 146 723 944 338 350 431 31 173 162 844 824 900 116 975 814 792 423 37 
20 274 519 919 962 472 594 83 518 61 624 447 722 120 726 492 427 47 360 708 276 
18 171 953 7 256 78 366 506 267 38 758 911 49 831 678 221 751 154 90 
17 820 841 221 269 595 758 51 825 49 863 40 597 449 104 609 545 340 
19 536 241 305 825 25 52 70 260 68 573 500 723 886 190 560 986 735 604 965 
19 226 131 757 494 64 44 789 564 334 928 423 954 805 196 750 618 48 384 360 
18 95 922 983 266 913 965 584 682 865 304 488 62 750 14 15 165 853 156 
20 333 874 225 464 123 935 446 456 431 645 655 909 865 963 564 34 822 242 592 947 
19 388 106 25 376 521 362 895 431 733 695 363 897 492 919 674 500 385 759 360 
19 28 529 280 186 486 190 476 855 17 128 302 327 784 155 146 897 866 575 434 
19 585 331 135 916 247 137 411 687 309 493 91 173 72 80 68 501 772 90 257 
19 517 737 25 914 666 65 865 781 848 154 647 360 702 245 515 536 225 33 863 
17 922 555 25 163 196 415 712 631 348 455 807 594 241 380 586 20 774 
19 357 403 119 491 420 472 170 112 255 230 198 586 814 927 159 706 104 244 307 
19 705 129 873 239 715 552 553 421 274 692 777 655 467 294 668 853 714 678 891 
18 532 570 646 335 41 847 318 726 984 796 129 181 569 664 491 904 631 641 
18 386 337 249 486 718 734 298 824 361 415 722 406 372 75 278 238 813 748 
19 47 706 159 886 976 704 100 70 179 873 543 755 752 370 101 683 80 116 451 
18 240 75 478 665 261 791 565 828 511 728 298 675 316 783 566 103 96 150 
20 226 315 630 640 310 563 33 203 136 463 868 649 952 744 610 966 176 560 944 665 
18 563 986 735 196 309 252 566 773 837 136 74 834 722 738 749 340 770 92 
18 562 437 635 589 361 820 555 466 878 899 599 644 963 797 247 774 38 740 
20 571 642 869 187 366 262 940 695 46 633 918 312 844 277 541 801 14 977 643 774 
18 101 458 859 253 759 603 853 131 653 438 211 51 911 732 234 387 58 577 
19 68 725 10 597 961 168 426 238 899 824 341 383 891 759 775 471 640 602 180 
19 646 266 307 182 916 714 826 885 386 761 837 838 400 550 82 540 346 326 588 
18 411 926 194 621 29 559 624 6 629 168 200 136 533 589 287 181 268 332 
20 812 825 888 480 639 814 967 794 782 839 924 267 491 727 19 42 678 277 261 440 
20 843 601 194 282 978 356 75 358 587 245 185 795 519 928 306 586 288 222 740 100 
19 970 251 450 319 104 964 533 615 900 13 842 671 733 921 606 107 492 955 844 
20 819 589 785 258 136 788 396 367 14 9 2 982 86 642 975 145 940 634 688 588 
20 105 711 725 801 63 236 368 527 938 722 798 735 41 11 197 796 937 270 30 990 
19 626 101 463 778 153 66 574 250 78 256 277 54 912 919 623 503 650 380 691 
20 576 473 399 28 528 409 157 621 398 274 879 508 366 348 856 677 145 862 956 249 
19 160 817 223 23 338 508 592 830 839 929 412 216 685 482 453 151 59 342 883 
19 474 690 823 785 815 74 625 397 939 373 190 174 369 705 424 665 218 837 993 
19 522 543 925 723 537 488 487 386 762 343 513 930 32 726 491 53 477 520 946 
19 387 706 591 711 694 59 241 751 712 112 1 72 138 674 5 722 832 180 625 
20 181 500 186 127 344 594 484 842 565 236 631 724 393 988 54 232 740 976 596 826 
20 813 658 378 676 880 471 69 494 928 141 464 551 798 122 434 885 561 381 344 554 
18 284 486 137 637 975 132 361 732 534 749 831 647 6 580 475 209 969 124 
19 971 23 767 685 487 857 780 761 653 387 202 868 922 397 49 390 314 822 318 
19 759 970 625 192 429 140 967 110 717 436 179 744 56 848 375 834 979 275 186 
18 241 659 435 134 379 140 728 446 632 133 546 844 601 824 298 339 24 626 
19 605 15 9 673 242 769 378 388 362 831 872 723 121 52 952 23 336 607 808 
18 930 404 308 845 979 744 687 454 705 18 241 806 293 861 611 550 229 749 
18 43 561 184 291 203 824 284 266 408 927 174 741 52 111 760 441 920 480 
18 618 65 142 967 252 652 644 63 114 244 799 685 621 944 256 985 922 977 
18 133 714 309 747 752 786 297 340 32 124 43 819 718 25 74 764 155 517 
18 727 975 741 892 68 53 796 841 277 788 76 403 324 308 708 241 157 299 
20 281 639 923 704 20 188 275 933 595 576 263 600 125 53 459 159 579 141 3 585 
19 412 375 796 173 285 890 934 496 529 680 580 86 16 990 229 186 311 499 5 
20 325 162 853 572 392 536 846 144 851 324 142 365 592 264 280 946 371 671 290 694 
18 431 806 291 744 524 802 356 293 392 147 578 772 498 286 500 563 308 549 
18 340 674 495 911 474 36 904 417 831 330 486 163 241 948 209 885 346 579 
20 228 231 760 202 92 660 762 295 23 888 753 570 548 793 556 84 563 481 809 180 
20 455 809 550 188 907 893 19 401 729 678 958 696 731 513 133 3 358 697 725 603 
20 311 656 444 237 40 172 269 507 91 143 449 410 463 155 802 481 694 798 297 23 
20 389 764 29 851 519 265 585 961 67 661 12 235 575 422 449 920 205 311 230 978 
19 164 806 440 132 796 727 698 40 836 245 233 755 126 7 599 521 505 647 100 
18 985 776 472 979 917 904 506 69 604 794 343 288 510 140 769 423 634 71 
18 530 509 5 456 984 172 736 127 276 388 120 518 169 621 273 228 960 810 
19 370 739 484 776 304 942 200 165 40 220 706 403 815 990 144 709 507 36 869 
20 666 798 591 228 435 79 57 578 655 123 280 254 903 908 48 18 812 704 383 651 
18 135 922 439 544 378 34 862 815 663 674 960 425 229 450 653 434 334 31 
18 537 613 195 259 879 569 406 559 513 318 361 183 543 989 826 822 786 16 
19 426 97 31 434 178 684 183 352 294 364 636 105 298 708 177 733 329 824 35 
17 452 986 403 303 228 820 104 643 161 499 8 678 471 647 976 708 236 
19 450 762 804 863 414 623 400 538 282 348 88 167 117 509 203 292 59 53 907 
20 337 651 747 419 865 948 223 328 711 567 295 671 884 669 714 592 858 449 757 290 
19 362 561 41 665 881 246 318 775 490 238 268 983 259 233 90 848 650 660 906 
19 702 458 404 821 498 762 986 427 671 12 914 407 321 857 493 93 951 328 66 
18 625 365 96 896 172 607 535 154 285 375 397 702 47 759 973 84 655 676 
20 421 931 971 19 339 978 3 676 224 685 365 298 841 508 829 371 430 124 627 815 
20 101 649 285 318 788 783 363 284 612 324 501 674 388 209 404 3 204 175 849 281 
20 93 191 979 501 720 506 834 904 870 364 398 8 114 974 340 499 492 150 932 322 
20 500 601 755 835 183 12 679 15 579 29 254 604 152 199 294 449 988 200 206 655 
18 453 77 55 713 448 141 565 572 369 750 567 834 284 745 928 734 230 829 
18 516 188 627 407 52 206 461 66 746 651 711 430 835 971 219 932 945 807 
20 362 970 241 1 822 828 403 48 869 401 601 142 642 112 351 302 463 110 145 853 
19 899 49 316 365 14 634 214 269 136 281 979 75 694 822 41 276 331 189 801 
18 452 382 789 56 412 905 866 690 767 114 570 861 967 119 712 87 675 480 
18 775 782 26 322 747 59 240 933 216 634 554 695 779 760 56 509 945 702 
20 697 112 336 562 752 373 285 628 17 91 469 24 968 539 452 690 658 431 858 76 
20 234 470 342 946 173 437 880 497 272 674 541 647 383 365 562 980 191 777 313 427 
18 422 659 795 843 498 912 873 838 737 224 117 803 928 717 855 500 533 638 
18 374 990 940 989 846 460 445 304 32 724 114 746 586 25 48 337 603 310 
18 169 753 306 535 396 226 929 553 911 637 672 765 258 431 277 98 987 623 
20 808 268 291 776 621 985 992 528 585 186 742 611 419 342 363 223 951 958 92 53 
20 26 981 649 575 808 318 598 925 159 48 530 239 746 437 832 436 857 285 730 358 
20 763 359 485 716 900 743 745 933 88 483 313 752 951 653 47 720 864 92 908 773 
18 330 863 912 177 419 2 588 479 476 943 409 850 765 692 373 376 779 182 
18 990 53 328 8 130 613 781 709 88 632 531 885 599 786 32 721 113 186 
20 655 902 932 586 377 850 970 370 948 536 865 85 409 67 513 401 157 927 421 824 
18 660 17 85 26 103 852 322 451 99 894 33 282 283 45 383 357 437 174 
19 187 494 272 571 339 515 897 170 681 969 346 952 216 915 341 870 284 175 520 
19 233 544 877 376 25 846 972 946 605 717 510 360 270 891 925 165 74 327 48 
18 333 605 10 683 183 159 586 852 20 963 334 52 211 543 242 346 892 803 
19 142 209 264 782 104 143 319 825 359 466 409 821 686 212 306 890 851 396 243 
20 386 445 876 88 254 789 118 884 38 435 31 659 925 424 593 256 582 276 234 754 
19 431 609 335 496 631 933 962 332 169 518 176 980 479 393 893 828 246 229 860 
17 174 29 57 294 206 989 694 540 908 562 40 316 54 661 227 588 30 
19 808 470 329 572 992 684 935 867 12 361 754 786 946 977 397 772 8 395 541 
19 178 400 636 776 677 464 737 97 760 671 40 64 163 602 257 812 246 18 920 
20 231 644 763 422 547 502 89 941 222 673 107 275 41 382 871 57 486 17 990 329 
20 120 742 76 215 342 758 436 462 958 16 782 406 825 306 97 882 421 95 365 218 
19 85 13 332 383 301 5 983 326 573 262 597 1 910 915 890 455 187 250 397 
18 37 931 656 108 667 390 156 472 386 829 378 361 698 164 337 950 972 196 
18 724 742 891 618 529 283 184 764 293 348 79 607 135 370 188 993 981 498 
18 901 555 604 441 489 762 246 202 688 313 231 854 766 464 577 21 565 590 
19 463 304 487 74 787 641 154 80 128 707 203 278 547 96 819 268 95 774 748 
20 743 452 273 729 181 639 576 910 821 230 46 566 445 607 761 291 6 675 803 536 
18 203 928 185 500 395 672 493 408 883 803 643 540 866 654 918 387 486 609 
19 522 942 11 466 973 559 830 984 446 388 555 506 43 150 845 548 854 943 926 
18 58 854 225 138 892 459 585 807 991 184 811 680 815 136 429 959 271 781 
19 693 369 935 754 144 977 711 13 612 430 512 241 955 398 514 484 674 235 662 
18 7 59 417 241 988 240 584 309 325 532 871 985 748 978 167 886 904 180 
19 956 580 524 718 659 901 958 347 547 36 483 89 554 47 914 446 462 954 81 
19 56 819 11 102 155 929 576 182 415 128 171 777 671 801 369 100 905 233 679 
20 608 806 792 510 561 839 355 409 357 147 870 176 368 619 915 673 547 880 523 57 
18 102 261 928 598 944 93 402 516 511 465 832 497 789 442 353 462 972 537 
18 47 36 138 581 59 887 173 892 827 490 244 856 763 242 155 179 395 945 
18 506 140 91 952 756 455 185 407 766 551 763 949 399 226 99 268 384 933 
19 401 836 769 966 74 80 229 616 687 941 651 701 488 877 414 204 778 944 257 
19 984 697 685 162 865 718 340 797 203 192 481 414 364 159 724 189 244 782 720 
19 362 24 510 266 469 703 290 372 938 972 49 482 876 509 787 523 429 851 86 
20 183 349 753 970 664 617 365 406 471 920 197 129 209 811 483 880 941 172 928 672 
19 768 41 642 621 391 458 517 256 189 287 692 77 761 369 4 471 887 460 24 
19 7 19 702 636 651 256 775 269 449 225 654 523 888 270 568 752 393 352 222 
18 694 241 846 840 916 474 555 385 862 326 980 647 785 645 74 842 224 947 
19 644 286 205 26 515 734 906 12 496 665 777 474 73 801 262 926 546 862 450 
20 794 916 947 419 848 853 370 1 469 726 343 403 176 144 866 567 240 970 222 902 
20 44 814 672 650 952 624 767 12 545 594 821 460 992 340 230 984 60 379 137 53 
19 942 486 961 329 23 1 751 865 762 854 58 292 204 697 25 642 775 952 847 
19 522 349 957 64 527 268 445 117 277 151 751 648 746 183 164 716 793 517 637 
18 140 13 317 933 361 837 357 221 843 722 162 89 403 445 20 618 63 882 
18 652 762 117 107 256 398 269 932 778 352 660 259 628 500 27 143 266 546 
19 187 519 933 554 992 290 486 907 213 881 864 890 799 771 62 866 775 747 317 
19 513 386 365 336 613 228 565 256 9 866 96 239 700 480 944 929 960 170 503 
18 4 522 193 507 332 73 692 194 284 599 453 572 949 322 218 331 506 926 
19 408 79 894 135 254 4 704 485 807 151 938 284 770 177 551 706 258 799 164 
20 355 280 884 437 42 960 939 715 298 218 490 270 149 367 990 549 772 187 973 898 
18 357 110 712 354 630 283 579 384 18 786 567 457 566 805 462 422 608 749 
19 602 104 544 588 142 473 27 962 256 244 118 279 219 288 577 618 398 881 785 
20 399 825 921 504 900 354 308 37 891 15 905 73 60 795 156 346 978 429 637 679 
20 684 350 737 180 795 583 143 403 453 848 480 400 279 173 227 474 537 864 359 141 
20 188 8 989 246 975 211 230 842 538 966 611 833 704 332 49 54 583 87 194 247 
18 421 173 500 652 551 784 692 253 830 26 974 303 614 860 147 414 930 233 
18 465 379 90 335 835 534 895 922 44 203 756 173 318 66 620 127 827 186 
20 876 759 585 970 100 929 128 641 222 601 10 839 840 631 464 932 800 550 873 104 
19 189 203 977 862 584 10 652 841 107 300 499 122 658 453 656 142 896 232 275 
17 222 567 461 914 656 774 770 713 369 927 174 538 318 772 666 263 371 
17 293 556 183 103 259 565 649 852 426 746 412 921 890 786 100 668 164 
19 186 573 738 520 494 291 619 410 542 864 199 314 236 305 208 661 43 87 201 
18 127 836 918 165 219 497 303 287 848 265 317 731 709 427 451 864 602 730 
18 713 206 807 544 314 785 15 821 652 3 300 470 813 16 499 564 415 331 
19 573 612 583 34 373 914 772 203 256 45 182 296 899 149 663 746 479 782 83 
20 219 635 282 430 316 482 608 457 91 368 583 657 45 332 375 286 465 653 551 299 
20 822 847 491 84 781 565 243 293 527 10 186 561 250 206 276 164 910 798 174 900 
18 189 211 727 721 923 524 444 450 314 484 723 713 198 429 497 827 733 745 
19 496 838 622 516 648 947 347 169 491 890 791 779 690 653 829 335 706 337 351 
20 499 724 600 640 473 655 421 895 677 491 822 721 570 196 412 460 944 622 813 392 
20 542 631 383 905 344 395 530 16 444 988 566 250 710 46 585 692 942 182 847 424 
18 612 398 387 496 918 944 819 697 43 867 821 516 311 240 891 289 552 664 
19 272 908 870 924 84 532 20 600 560 918 828 604 592 100 380 770 792 183 181 
18 861 855 417 539 370 699 836 692 625 448 145 530 637 148 396 46 316 904 
19 217 75 285 196 755 814 203 723 340 306 812 226 378 817 325 631 984 447 936 
19 977 689 933 436 962 524 554 30 527 740 117 39 662 727 715 317 244 163 912 
20 334 524 693 78 648 575 883 975 56 395 971 717 237 511 149 182 12 752 352 363 
19 145 84 157 975 563 533 717 496 342 725 477 335 814 201 208 160 744 862 922 
20 794 564 80 296 602 631 786 782 394 326 481 989 319 774 765 13 458 225 938 279 
17 504 775 628 279 502 80 165 349 75 681 786 98 415 175 330 747 331 
19 146 402 419 401 470 377 219 957 613 504 464 361 317 59 77 151 68 15 764 
19 195 961 683 138 807 618 909 975 966 288 621 774 533 801 845 56 974 612 38 
17 494 636 740 84 527 237 461 925 669 489 505 472 741 612 538 648 981 
19 410 429 61 351 462 807 503 216 232 290 942 669 114 404 815 282 233 538 801 
18 808 853 231 280 190 228 359 236 142 583 160 199 179 949 525 368 648 640 
20 932 901 862 853 195 774 780 824 8 522 873 31 856 2 407 794 120 240 855 210 
18 97 527 881 971 535 446 758 764 793 358 872 220 630 794 414 107 648 742 
18 926 278 517 462 202 482 811 792 576 215 386 308 221 201 616 531 389 713 
19 315 881 915 922 633 12 490 480 693 601 850 187 659 36 935 700 827 186 361 
20 78 990 545 463 448 630 401 168 705 192 542 929 818 387 113 900 246 799 440 946 
20 63 947 635 889 392 880 314 258 411 699 329 183 480 779 964 711 913 128 930 138 
19 5 21 290 26 104 703 244 371 112 640 198 672 168 456 753 884 395 603 717 
19 551 897 704 25 862 21 771 739 303 153 280 790 670 528 208 44 78 593 841 
19 858 763 725 230 359 579 122 252 403 801 718 107 378 105 945 117 798 804 395 
18 601 318 579 16 95 193 377 619 860 557 34 956 834 260 786 22 361 540 
19 383 655 2 598 936 825 909 111 313 394 821 753 827 673 511 528 985 343 864 
19 344 945 348 553 863 694 990 156 907 144 319 8 531 751 294 873 254 756 419 
19 860 72 561 783 890 398 68 748 907 977 896 108 126 107 743 92 805 19 416 
20 178 785 214 439 327 78 86 424 765 687 48 87 510 26 898 29 943 489 946 866 
19 608 413 222 584 106 126 462 677 687 379 228 137 693 73 327 540 64 418 683 
20 670 259 148 317 298 556 976 948 772 722 822 520 823 149 906 454 898 61 495 876 
18 427 105 558 279 199 38 15 422 639 544 870 882 531 332 246 832 367 5 
18 803 325 646 851 734 219 167 97 182 250 333 982 675 450 522 124 521 912 
20 164 748 437 962 579 16 298 20 470 503 243 778 544 841 173 400 777 631 584 136 
18 107 359 157 518 740 103 180 832 569 786 345 329 648 591 804 734 736 682 
20 144 385 805 860 932 705 293 917 197 395 478 440 304 161 214 845 143 152 599 548 
18 509 439 700 833 897 152 761 680 132 526 303 403 971 185 963 148 686 717 
18 282 393 215 2 462 688 493 608 101 963 544 792 690 571 110 399 246 541 
19 301 227 210 840 691 460 294 361 930 679 553 273 71 136 963 908 497 431 797 
19 154 714 604 546 303 39 938 11 685 556 62 784 277 6 751 157 918 259 434 
18 385 778 652 1 544 152 433 90 56 556 736 866 915 248 162 30 84 406 
20 969 178 318 577 303 901 657 323 422 729 622 211 364 685 269 948 667 834 179 118 
19 167 22 470 399 461 125 123 58 563 853 725 90 814 360 617 605 284 838 249 
19 662 947 228 606 580 29 797 919 574 958 209 414 166 249 569 480 637 413 968 
19 542 483 962 782 546 296 489 798 854 206 797 959 156 467 133 379 446 359 762 
20 356 824 652 548 131 747 203 974 352 576 973 159 926 231 174 902 630 248 616 154 
19 272 209 597 886 354 92 27 707 786 101 100 343 12 907 524 567 239 121 207 
18 256 829 991 624 452 931 250 347 725 825 187 376 791 755 834 233 523 568 
19 987 580 425 185 828 236 313 948 474 279 394 668 117 43 521 568 42 955 742 
19 597 164 162 472 263 803 269 711 959 302 80 92 818 47 233 802 405 798 872 
18 960 700 991 446 193 705 809 7 178 893 133 455 472 639 70 216 343 921 
19 64 409 216 572 786 609 271 895 829 645 719 22 371 463 652 41 405 677 423 
18 471 690 173 564 634 596 658 331 506 765 38 17 125 666 486 837 436 827 
19 875 170 217 255 225 316 163 294 674 62 154 445 470 103 821 143 224 256 301 
18 879 35 431 641 445 617 822 593 630 776 441 644 172 624 771 458 238 834 
19 935 342 799 657 130 898 335 263 562 239 745 801 946 227 116 842 567 167 610 
18 237 807 79 630 294 347 215 211 126 184 632 611 390 112 454 688 236 129 
19 23 92 334 435 95 507 758 909 472 227 559 918 221 596 675 30 710 989 864 
20 371 949 509 402 316 265 764 595 3 399 515 823 378 225 962 566 751 108 637 114 
19 882 332 444 710 972 485 984 209 108 785 213 412 670 150 447 116 49 176 542 
19 234 248 216 305 742 184 844 735 17 708 731 103 816 161 50 74 718 275 176 
18 912 759 706 489 34 200 49 406 380 678 553 419 37 612 561 192 67 806 
18 975 614 80 572 10 619 290 433 32 967 613 345 165 448 348 250 815 923 
18 851 262 144 746 537 829 446 268 721 293 975 151 906 242 125 210 72 258 
18 170 911 41 613 747 124 360 443 909 899 628 665 944 587 751 98 269 835 
19 242 772 5 932 791 128 225 466 626 338 442 729 292 911 756 207 153 877 4 
20 480 603 558 755 413 180 982 679 675 149 421 54 502 293 147 9 466 897 199 57 
19 234 975 740 818 170 93 387 357 80 915 369 108 688 841 692 852 990 327 683 
19 185 426 959 510 647 908 321 796 621 93 129 980 256 611 661 686 164 70 260 
20 448 202 299 826 869 758 190 580 39 378 494 906 600 602 146 84 822 677 750 907 
19 858 272 194 222 956 97 343 78 614 554 693 980 624 337 748 523 446 411 83 
19 264 123 126 859 143 471 640 903 508 377 536 252 649 12 890 689 520 950 944 
19 62 505 230 903 359 113 111 774 581 55 420 392 719 273 309 789 578 540 793 
18 661 78 344 13 760 443 991 650 148 370 730 337 634 829 657 534 450 777 
20 264 88 510 257 781 390 705 747 731 942 618 717 172 959 675 650 354 503 429 267 
18 422 739 943 72 181 479 953 493 925 730 374 859 251 565 254 843 697 334 
18 809 52 813 735 689 127 9 676 623 633 718 210 782 840 168 36 145 292 
20 620 303 117 544 734 152 540 398 77 769 429 50 503 167 243 573 444 250 107 786 
18 228 446 905 637 556 443 527 849 374 67 362 52 244 745 743 808 139 175 
19 149 143 351 752 756 921 751 924 64 762 15 113 208 803 885 581 165 855 914 
20 947 643 214 250 294 93 204 428 71 939 646 749 552 507 479 852 73 499 757 571 
20 146 357 513 547 115 28 416 717 518 495 141 273 633 366 891 819 274 155 18 927 
17 305 480 735 352 135 132 146 926 512 948 61 62 4 248 542 724 330 
18 842 897 429 604 572 550 166 372 41 430 269 732 4 439 142 772 394 914 
19 915 564 163 556 356 200 411 866 722 706 497 793 26 424 674 959 481 977 185 
18 354 921 409 902 84 466 679 920 930 77 461 123 745 750 532 32 9 502 
20 881 657 788 30 142 82 945 677 693 307 346 227 576 198 327 974 568 364 950 112 
20 91 451 98 756 422 952 369 686 890 211 992 372 584 907 557 961 53 230 262 331 
18 226 173 595 894 750 729 328 227 740 171 635 804 170 108 795 577 555 678 
19 506 969 5 640 414 326 660 583 123 257 90 822 566 37 672 800 107 181 835 
20 299 359 993 584 438 59 506 777 966 560 665 38 435 416 236 375 453 321 212 39 
19 821 851 655 451 876 174 464 965 448 616 569 387 796 575 776 679 657 883 665 
20 873 789 308 415 160 594 840 512 454 279 727 949 272 963 534 149 853 432 635 606 
19 266 835 918 809 814 408 671 759 704 946 491 190 417 412 441 742 524 706 89 
19 648 762 782 543 761 359 416 827 118 773 29 519 576 815 226 573 124 959 87 
19 484 468 847 427 19 506 836 960 394 721 667 231 954 818 728 592 256 400 95 
20 420 490 821 986 249 397 728 867 557 263 886 379 837 627 367 919 455 467 211 45 
18 181 67 559 671 300 935 940 620 205 808 406 603 287 408 99 802 931 867 
17 875 363 916 503 711 484 736 317 185 333 11 957 161 729 3 81 199 
19 875 920 641 642 778 748 924 720 923 312 437 278 836 107 444 880 219 460 29 
20 667 144 431 93 597 308 862 277 374 194 887 106 309 681 788 246 411 460 808 41 
19 598 492 572 213 875 366 307 300 247 948 54 514 199 329 306 731 417 288 659 
18 211 753 603 744 87 894 791 229 539 730 393 776 694 796 79 307 766 856 
20 410 475 55 719 59 700 630 354 64 485 822 216 288 191 595 47 385 376 532 139 
18 649 862 20 705 402 907 973 943 732 901 368 238 598 394 310 321 232 353 
18 1 507 286 509 809 873 783 50 491 402 893 574 914 623 640 114 982 742 
20 178 880 105 115 285 844 425 335 892 220 772 637 5 206 946 763 935 169 310 689 
20 147 438 212 604 28 721 908 785 782 605 289 76 39 409 822 382 715 627 508 167 
20 979 775 542 35 965 689 939 386 720 697 368 917 275 802 135 851 33 382 428 958 
20 963 204 923 491 606 944 596 523 848 777 141 527 81 174 387 202 836 272 403 206 
20 124 450 280 616 310 21 416 744 404 713 40 334 638 186 488 615 772 610 448 421 
20 11 234 765 338 375 511 6 385 309 463 929 875 913 386 9 877 417 258 703 105 
18 600 809 681 598 344 114 654 690 300 860 263 305 505 952 426 608 157 121 
20 824 868 133 113 606 845 359 675 952 401 902 51 428 95 112 656 663 545 932 944 
18 688 520 615 735 797 30 223 419 173 850 500 372 43 133 654 707 944 117 
20 310 840 58 122 903 473 596 102 683 367 230 771 939 673 82 675 650 154 736 72 
19 37 199 424 566 264 437 622 318 972 468 544 567 873 517 411 169 866 816 965 
19 578 128 797 636 475 318 225 254 925 360 875 461 391 175 95 878 540 444 600 
20 57 651 43 972 233 456 837 717 356 935 459 518 109 751 48 893 697 625 367 223 
19 792 598 20 33 200 782 263 814 636 80 794 909 604 823 83 312 432 576 632 
18 965 225 886 923 763 413 633 50 12 925 250 623 277 136 481 349 975 119 
19 583 38 621 813 444 247 508 563 915 388 940 686 239 278 458 338 544 475 370 
20 650 656 156 690 429 969 373 116 109 957 304 645 174 24 710 332 487 233 811 218 
18 272 617 775 868 584 83 590 15 976 210 710 679 269 193 220 336 720 611 
19 189 811 263 585 342 818 452 357 992 406 731 809 281 582 840 474 796 852 218 
19 987 638 287 753 506 341 221 560 574 531 982 126 650 84 430 671 493 594 64 
19 839 477 481 849 117 496 906 236 396 570 731 229 646 807 862 199 788 375 291 
20 826 316 571 566 118 1 893 882 447 266 589 955 603 305 918 881 449 903 782 849 
20 414 407 697 131 717 143 832 187 645 93 489 743 219 313 384 711 356 196 543 6 
18 849 993 466 892 535 316 631 151 882 411 180 868 781 264 571 142 298 863 
19 338 231 784 530 726 18 663 922 19 360 946 757 308 582 908 516 558 282 512 
18 952 927 748 853 522 586 314 310 931 727 312 793 444 452 858 989 372 68 
18 474 438 602 540 843 449 541 950 590 505 271 268 611 419 746 550 85 879 
18 67 268 49 520 526 671 270 537 716 845 670 206 864 257 677 897 658 152 
18 123 678 34 951 545 43 1 881 164 731 817 929 435 373 117 916 452 895 
18 496 883 255 813 250 109 605 392 592 717 159 129 841 609 95 221 262 191 
18 964 252 340 149 804 764 651 450 308 759 638 278 623 233 739 604 271 456 
18 476 180 121 16 51 243 504 404 841 724 582 62 320 339 253 848 173 794 
19 539 7 249 492 798 383 590 842 709 138 283 544 488 468 826 985 869 411 34 
19 807 942 841 527 161 557 248 480 236 722 163 909 432 16 930 808 828 208 365 
19 348 277 204 519 112 787 361 342 121 3 104 621 504 428 937 619 548 21 392 
18 546 642 936 823 751 17 518 61 898 516 451 974 454 761 41 991 832 442 
19 833 858 658 859 856 176 916 114 631 422 496 787 785 739 355 725 248 821 711 
18 163 349 364 224 367 85 127 332 50 150 647 968 500 593 992 926 63 704 
18 149 365 414 791 846 793 676 876 696 564 140 216 949 371 12 46 693 3 
18 700 413 678 567 709 650 86 379 181 712 221 438 205 274 473 544 58 670 
19 279 934 404 47 725 444 905 538 960 166 837 90 193 524 584 547 177 752 857 
19 543 887 973 588 682 894 681 374 411 331 320 315 893 289 86 731 449 940 34 
17 959 249 699 630 859 914 506 645 507 308 679 789 429 652 511 295 841 
18 115 919 579 549 100 265 317 778 628 897 341 711 903 310 943 980 727 857 
19 817 267 785 73 81 954 890 290 10 993 407 491 395 735 370 521 723 829 897 
20 142 132 22 396 586 645 757 197 445 26 432 649 63 865 945 76 828 734 190 544 
19 820 470 608 586 676 929 668 431 56 173 552 753 348 823 730 169 327 477 927 
19 339 230 466 10 245 674 336 193 297 32 17 606 624 36 80 814 307 705 507 
18 889 946 431 48 294 334 618 963 240 624 290 448 230 41 58 24 633 916 
18 175 862 514 370 405 41 265 559 690 86 794 749 963 636 368 81 651 99 
20 691 53 400 900 563 946 49 495 975 736 404 298 127 355 678 786 520 29 196 604 
19 828 322 742 886 955 399 581 285 183 217 158 814 179 953 317 483 618 342 391 
18 256 888 901 171 166 68 59 480 342 691 669 490 688 190 278 386 72 565 
18 652 946 160 226 506 87 37 455 625 988 857 1 923 702 462 736 585 439 
18 883 684 766 344 227 180 518 962 672 574 447 307 90 423 839 68 622 385 
19 898 248 60 355 260 735 58 217 137 894 696 716 74 361 923 88 646 161 43 
19 330 297 524 328 606 468 652 22 404 900 730 675 931 800 282 819 649 963 993 
17 648 631 624 268 952 85 945 512 117 829 476 757 608 34 51 982 688 
19 841 903 13 653 175 338 759 266 524 311 199 771 381 357 454 369 55 30 798 
18 65 503 533 810 165 190 77 717 693 563 930 212 109 784 543 583 945 388 
19 218 861 2 499 219 779 588 287 250 522 394 694 739 345 64 46 418 402 955 
20 962 334 540 681 714 718 397 780 342 544 811 534 876 106 646 218 828 691 721 720 
20 776 910 901 915 598 469 131 988 207 527 432 730 726 119 94 118 21 428 779 97 
19 427 991 938 670 737 127 946 864 83 844 237 816 653 644 182 144 399 568 135 
20 156 938 390 459 875 69 215 555 16 860 934 633 725 558 783 591 357 192 855 122 
20 543 248 568 522 772 80 491 829 97 534 416 734 444 629 973 649 598 217 571 463 
17 276 564 803 494 349 52 959 338 776 464 865 445 979 824 846 94 736 
19 775 874 912 347 392 842 722 688 814 106 779 577 177 946 841 178 881 232 815 
18 338 853 844 318 568 211 519 530 101 764 590 979 856 47 127 295 600 258 
18 87 553 777 613 112 324 149 711 939 444 370 204 742 26 783 153 607 857 
18 528 118 170 437 111 982 945 936 602 291 966 782 321 273 750 790 702 107 
16 770 195 383 646 765 850 972 888 583 744 625 314 502 738 19 97 
20 305 722 691 203 201 314 895 825 345 713 587 921 10 830 860 609 849 52 976 902 
19 536 637 12 178 249 198 267 145 927 386 971 851 694 761 359 164 893 698 972 
20 300 562 465 553 663 129 502 330 220 513 600 449 394 49 700 41 686 624 69 496 
20 632 86 859 56 756 600 475 748 662 13 146 241 589 645 817 978 403 503 6 26 
18 906 39 497 261 315 725 835 125 339 337 33 310 85 57 641 10 198 271 
19 916 720 101 215 606 914 251 426 366 348 432 817 789 893 226 455 866 91 486 
19 914 642 373 693 497 283 222 627 469 670 383 701 367 752 633 365 565 791 439 
20 750 176 480 977 306 545 41 179 691 542 768 100 7 839 761 446 606 511 918 867 
20 184 260 483 430 797 767 360 443 590 929 385 682 510 681 88 893 347 469 181 396 
19 317 219 817 64 265 992 262 616 347 93 472 936 938 763 471 934 332 917 532 
17 89 990 118 639 65 370 292 128 2 102 857 942 282 56 739 855 889 
19 806 551 641 364 302 832 142 971 47 464 942 159 135 690 613 6 800 635 763 
18 936 220 229 274 48 343 937 344 631 944 230 297 513 276 342 943 656 146 
19 4 126 45 553 549 13 555 780 37 59 436 502 913 852 70 520 503 227 14 
19 3 352 32 861 660 241 871 416 601 769 763 211 444 90 645 949 27 20 288 
20 507 902 238 244 736 769 858 308 70 124 799 303 216 540 407 719 926 760 421 213 
20 657 886 691 825 453 711 240 370 33 300 31 582 115 991 770 246 187 975 538 387 
20 20 265 379 149 775 312 116 377 802 133 36 865 601 371 557 866 432 197 513 656 
18 432 456 69 729 323 363 196 584 369 781 205 563 11 74 851 343 886 858 
19 107 637 546 658 233 215 118 902 855 891 634 285 881 938 276 213 462 690 349 
18 295 530 258 192 982 241 926 569 125 751 819 733 672 856 328 820 899 425 
18 712 861 747 188 337 81 587 520 40 365 547 616 403 495 922 456 736 521 
20 30 249 840 294 131 936 647 590 302 189 388 284 454 573 798 446 257 612 65 667 
18 887 267 463 191 876 797 611 299 759 695 75 332 547 551 733 756 431 974 
19 522 121 879 237 691 549 545 355 48 807 901 500 570 374 477 320 827 983 796 
18 711 116 974 489 630 659 779 353 766 135 235 370 349 150 993 460 189 793 
18 69 217 515 155 156 488 267 43 244 350 502 190 213 489 774 731 474 164 
20 759 44 633 724 538 805 571 596 24 37 99 240 433 148 328 733 518 540 782 51 
20 91 583 216 500 651 724 859 425 578 336 838 519 79 206 612 115 949 758 753 756 
18 470 132 290 294 494 706 738 259 242 433 231 746 172 741 788 828 874 901 
18 773 394 373 202 656 86 547 829 157 513 282 806 595 963 432 396 384 214 
18 644 396 232 14 859 863 571 773 694 869 407 134 178 23 257 189 620 785 
19 472 363 324 499 233 653 185 492 59 414 633 729 512 670 273 650 76 551 966 
20 961 240 919 102 209 428 797 448 109 225 854 446 414 613 17 430 46 868 561 864 
20 749 395 701 982 849 435 73 218 699 181 772 348 719 250 675 906 612 522 614 433 
18 114 81 742 617 727 151 549 17 289 985 619 170 393 49 512 511 255 241 
18 861 666 551 397 219 599 477 346 857 490 826 660 461 356 549 162 642 409 
18 667 478 325 809 477 555 492 211 46 206 243 982 142 207 500 750 166 614 
19 63 284 947 627 381 31 486 162 856 727 55 274 305 248 573 571 724 131 587 
19 707 639 417 651 33 330 579 561 804 578 95 989 209 327 703 23 608 518 205 
20 565 165 35 188 374 545 859 887 328 77 734 799 426 641 393 506 778 675 266 53 
18 536 621 961 249 424 910 991 464 131 123 37 366 201 457 304 696 113 331 
18 395 98 937 350 610 47 78 554 664 727 468 692 713 417 958 840 578 647 
18 283 843 455 486 288 237 442 272 576 849 291 554 52 348 55 566 393 255 
20 79 107 272 24 75 615 292 644 264 912 349 399 837 135 74 125 480 358 617 513 
18 708 454 340 421 412 975 530 524 652 786 299 639 713 341 467 742 846 482 
18 77 72 455 913 761 288 677 823 648 971 849 131 769 331 32 930 735 731 
19 429 385 535 185 55 609 264 862 31 747 374 280 443 572 736 835 754 422 48 
19 272 825 218 767 300 356 567 727 647 263 62 417 343 512 796 17 668 48 22 
19 652 641 462 345 950 19 138 823 734 737 733 459 771 606 579 10 289 600 696 
18 515 651 332 478 434 740 276 401 50 859 655 956 208 43 373 776 281 374 
19 453 625 691 579 73 452 294 872 894 909 712 256 126 693 558 840 635 51 536 
20 140 225 116 8 933 556 74 667 549 698 718 160 366 340 697 712 131 692 660 655 
19 492 411 120 400 91 38 93 201 479 989 892 556 344 728 592 467 638 670 45 
19 554 72 127 930 378 977 915 291 690 309 140 50 847 449 59 243 569 24 767 
18 711 385 676 926 849 288 236 121 209 869 212 24 383 285 439 804 616 394 
18 555 174 173 181 39 259 961 252 942 353 842 745 895 738 292 420 810 638 
20 350 421 776 422 445 682 580 768 356 817 556 266 139 614 750 846 46 564 932 482 
20 969 496 645 829 195 176 180 6 675 283 911 942 171 136 558 481 388 44 651 222 
20 754 676 732 902 558 715 969 438 215 473 283 101 165 527 195 396 962 211 45 748 
18 110 725 906 397 849 24 135 440 323 936 792 808 533 425 605 604 790 370 
18 530 96 308 687 412 105 569 892 302 434 476 426 605 518 435 164 593 318 
20 611 438 534 350 201 50 335 197 838 433 722 965 700 952 382 780 914 931 72 151 
18 184 970 763 169 414 476 731 177 460 683 248 787 10 196 365 180 459 403 
18 503 511 853 730 120 855 185 489 275 634 652 603 843 153 65 559 339 819 
18 578 551 547 854 357 769 901 374 741 738 978 725 898 169 513 507 106 444 
18 448 348 631 261 515 111 639 248 178 23 947 857 490 9 989 256 845 926 
19 324 722 552 716 938 518 188 508 724 97 163 45 904 170 43 661 720 743 348 
19 617 60 937 662 862 481 426 117 399 915 621 706 829 435 89 934 539 556 201 
19 868 401 622 769 636 755 45 245 733 154 848 683 717 723 903 76 177 504 380 
18 593 889 625 31 203 99 338 932 122 811 486 37 196 385 852 236 438 146 
17 968 802 933 137 207 651 473 206 986 164 552 162 329 676 533 487 218 
19 145 812 825 391 319 2 733 680 179 815 793 383 48 62 757 499 153 369 197 
20 101 221 481 370 251 316 633 428 949 50 739 758 363 357 853 402 549 371 917 990 
20 673 400 862 493 841 61 523 64 407 221 908 211 737 951 422 252 102 280 655 117 
20 282 521 882 819 476 274 441 144 480 372 171 609 420 176 566 679 855 949 22 45 
20 645 25 931 48 743 165 430 229 351 198 972 637 762 933 451 953 435 532 171 714 
18 31 970 14 541 545 636 57 824 249 653 356 247 11 963 709 812 410 288 
18 346 609 115 719 376 912 641 199 521 977 885 891 121 696 58 671 62 155 
19 501 415 898 809 383 194 25 575 911 694 74 17 883 255 91 52 31 545 858 
18 882 549 315 369 419 403 19 7 301 956 356 925 17 196 284 500 291 173 
18 321 406 216 399 933 882 620 944 859 70 238 935 863 311 330 372 28 431 
18 245 378 230 624 655 725 322 662 424 496 65 670 609 513 263 847 35 687 
19 2 877 405 793 89 862 941 145 678 164 455 945 238 669 523 933 43 388 751 
19 500 290 469 804 66 537 563 775 340 265 326 729 722 839 894 942 27 183 216 
19 796 143 257 631 801 747 51 772 732 316 130 856 714 318 957 870 956 635 322 
18 538 980 426 889 731 94 234 963 455 713 581 771 968 499 238 55 248 806 
18 29 781 141 597 133 934 61 400 917 95 846 662 649 901 767 746 741 507 
18 459 28 533 847 223 5 610 165 387 25 769 926 852 402 85 269 895 67 
20 809 733 114 463 60 192 188 397 525 281 290 914 925 751 263 93 289 636 837 605 
20 207 186 239 313 595 508 95 453 445 662 836 262 861 700 237 770 220 495 297 530 
18 329 324 874 262 779 381 694 759 667 822 770 629 865 601 431 220 981 350 
18 806 597 255 316 850 315 691 782 493 56 352 345 626 669 623 663 524 572 
20 937 673 738 779 28 212 310 366 151 143 949 501 939 661 877 564 431 330 40 502 
19 851 66 92 601 650 613 181 606 77 949 771 134 156 509 269 473 827 658 448 
18 729 603 97 314 237 214 936 725 469 555 698 134 846 981 759 864 665 459 
18 207 749 983 19 642 993 419 813 438 778 746 547 159 953 291 739 676 627 
18 514 129 162 811 221 357 949 710 576 303 716 356 214 915 268 152 933 342 
18 10 313 105 208 423 616 475 426 869 214 482 717 523 710 283 306 18 452 
19 703 511 651 979 763 85 249 270 337 60 946 286 410 676 484 159 659 448 955 
19 458 9 930 436 598 91 974 401 575 491 666 184 960 679 896 623 727 733 493 
19 591 966 598 760 496 410 388 780 103 148 330 381 738 189 403 485 846 359 894 
19 442 2 782 885 834 175 715 57 630 151 137 954 86 828 836 121 922 495 139 
19 831 195 140 706 117 258 61 368 880 579 797 742 956 596 341 539 600 269 517 
19 36 516 847 358 867 613 935 385 956 780 26 303 9 752 477 830 158 838 450 
19 598 369 881 828 306 765 41 789 895 9 519 233 455 840 234 65 950 905 329 
18 936 826 551 713 496 644 879 11 451 523 664 728 660 503 919 300 635 566 
20 718 584 22 91 990 41 133 760 16 235 383 512 405 202 787 335 613 625 268 953 
19 742 747 295 630 290 328 709 504 886 881 453 872 422 534 211 490 907 656 387 
20 664 71 694 937 456 667 374 177 290 198 62 210 733 900 454 384 53 644 7 602 
18 844 528 174 165 988 602 531 731 693 532 248 187 540 416 397 97 779 328 
19 392 395 747 274 530 150 613 408 95 60 132 234 712 714 745 686 510 757 744 
18 936 878 945 808 839 555 819 639 834 179 973 728 752 252 578 263 304 648 
17 274 530 738 556 38 476 575 714 442 612 775 748 260 382 887 699 783 
18 589 931 735 869 897 355 261 784 625 824 817 276 913 92 574 964 909 277 
19 201 335 849 96 7 619 883 631 58 490 436 716 707 494 763 937 688 349 293 
18 374 355 472 319 673 931 650 816 31 4 68 133 332 302 880 790 554 692 
20 136 368 464 531 49 101 203 88 167 941 176 915 585 841 718 494 306 59 833 640 
19 639 550 700 524 165 101 16 945 275 465 820 797 352 815 779 597 979 895 834 
19 682 811 851 415 916 716 131 367 67 353 552 438 813 25 756 724 28 706 437 
20 79 613 241 905 454 838 332 205 576 545 8 38 449 521 432 891 472 348 42 78 
19 974 400 135 916 471 624 427 875 128 35 659 982 308 905 52 354 858 799 617 
19 161 688 604 773 253 516 342 745 15 789 777 845 911 265 203 971 78 383 575 
18 405 35 628 102 845 26 344 469 10 493 217 310 68 911 544 745 938 720 
18 144 423 729 324 570 222 905 560 514 821 496 466 477 430 469 486 670 558 
19 875 543 645 630 838 634 611 303 685 567 879 387 313 714 477 905 321 545 824 
20 986 825 132 244 819 41 644 213 220 991 51 289 836 200 351 241 858 739 630 523 
18 770 231 118 735 64 908 635 46 409 370 214 875 491 686 797 783 921 26 
18 757 127 77 896 900 370 868 846 238 286 942 54 706 299 62 193 835 965 
18 151 115 118 278 647 678 598 354 818 121 953 934 358 541 666 92 793 280 
18 540 294 811 299 786 325 270 404 298 838 745 75 453 402 940 743 248 806 
20 951 862 579 699 950 988 440 649 674 372 576 82 911 128 33 271 562 696 930 513 
20 833 38 196 472 127 496 181 368 531 914 456 228 383 340 952 92 148 874 230 888 
20 623 777 550 980 322 821 62 378 940 335 928 956 613 556 284 755 438 656 297 983 
19 736 851 897 924 593 134 379 438 297 476 395 268 230 584 765 508 371 149 456 
18 132 338 699 262 793 884 407 390 483 251 986 4 548 294 109 731 336 131 
19 13 465 302 319 812 534 470 170 882 220 821 950 815 214 291 234 449 198 344 
18 459 53 665 853 682 759 949 804 950 337 671 452 891 740 767 605 72 6 
19 244 773 653 261 135 824 379 350 117 209 72 163 754 702 593 937 81 617 15 
20 941 644 977 520 369 71 440 227 280 83 749 62 955 265 866 848 653 862 437 115 
19 390 599 528 701 54 292 115 128 102 62 714 605 802 658 945 854 179 949 27 
19 799 883 930 659 894 879 861 66 620 674 667 25 91 199 477 299 501 209 95 
19 636 858 417 705 472 499 502 596 203 979 395 716 302 97 139 255 223 381 42 
19 249 346 791 549 11 811 538 483 343 168 327 849 676 188 458 254 308 958 420 
18 945 263 648 368 399 144 633 498 738 793 437 559 991 192 912 247 959 877 
18 941 361 620 970 84 788 176 34 790 460 56 680 412 94 316 470 349 64 
20 804 2 494 571 565 70 169 286 992 931 970 697 796 453 289 708 18 958 155 5 
17 26 534 144 516 199 175 67 106 841 626 919 693 122 904 364 453 689 
19 14 844 929 723 938 763 583 454 503 692 430 624 161 855 215 153 526 252 885 
20 288 977 243 264 28 844 274 873 222 273 401 874 364 956 810 703 564 459 77 633 
19 979 526 78 157 533 194 622 883 615 168 295 857 410 630 108 529 811 610 406 
18 144 473 882 297 973 354 177 305 367 992 172 199 179 94 978 624 801 955 
18 443 856 312 652 148 214 248 531 751 444 90 51 853 63 233 545 125 76 
18 956 234 822 924 750 303 397 147 98 951 918 427 598 656 3 20 124 591 
17 754 895 622 825 710 310 130 678 555 634 553 486 226 870 603 708 415 
19 774 219 824 921 336 897 111 496 684 612 231 245 569 628 196 170 349 324 25 
18 441 729 778 612 255 978 22 491 773 374 426 447 774 129 162 831 118 946 
20 388 623 493 9 886 6 116 142 964 725 327 930 211 628 638 168 561 255 960 47 
20 684 650 617 755 991 825 478 27 119 847 970 372 574 22 845 531 451 416 768 404 
20 853 874 547 317 15 277 643 388 795 92 85 463 221 604 723 805 522 692 887 100 
