1000
0 1 2 2 4 1 2 3 5 5 0 7 2 13 3 2 3 8 0 0 3 16 5 20 23 15 25 2 2 17 19 23 16 4 5 32 12 0 31 29 34 29 20 15 33 40 37 27 11 7 34 1 5 8 54 39 12 27 46 10 24 0 53 7 0 48 17 41 5 21 56 52 37 60 29 51 17 69 76 24 13 10 65 42 60 84 60 12 5 40 3 23 77 11 36 78 3 57 91 33 98 85 49 12 65 67 7 77 51 29 108 101 39 3 85 61 34 95 100 24 3 118 34 53 74 96 64 36 98 71 77 59 54 99 97 1 53 22 107 131 133 102 101 72 10 59 55 59 1 118 98 124 96 22 77 148 51 97 142 129 25 72 68 89 1 78 50 38 41 125 133 166 31 133 154 42 100 144 0 1 78 119 173 173 96 116 122 18 118 138 89 178 17 114 56 152 52 18 102 59 5 72 65 68 75 109 169 204 65 88 136 50 96 14 112 9 73 190 20 107 54 20 118 61 54 101 73 142 12 53 170 78 199 17 197 119 226 192 160 50 220 112 100 124 136 224 138 153 238 117 62 175 126 112 69 44 117 80 163 64 59 167 55 7 255 174 237 39 90 182 43 175 112 207 148 250 23 167 172 15 263 150 228 158 271 18 253 8 288 62 5 200 268 45 257 265 34 146 181 173 233 67 297 10 202 181 222 240 113 138 247 137 221 138 252 137 293 170 149 20 271 153 183 266 233 136 194 249 124 27 172 58 322 203 42 116 35 232 120 303 8 101 268 195 240 183 329 184 212 267 309 267 143 138 20 264 225 21 138 283 59 83 272 269 251 249 258 115 79 320 4 232 27 338 353 16 4 339 370 272 52 68 198 42 306 170 246 65 16 85 336 249 292 300 121 18 357 87 221 58 260 145 49 354 189 177 101 217 278 14 20 211 226 156 147 393 86 65 200 96 184 96 21 186 143 287 222 363 5 26 419 198 421 286 302 347 42 53 149 296 339 291 395 91 424 75 269 250 254 349 264 381 411 47 45 271 135 239 6 122 170 77 171 186 206 24 178 63 160 50 100 468 420 150 259 62 242 410 189 226 238 229 458 478 71 417 389 270 227 38 326 165 6 248 322 182 149 191 242 113 234 116 112 198 405 485 343 489 37 346 274 199 17 293 134 231 502 24 496 217 392 327 423 213 410 513 34 294 431 128 232 388 100 318 330 403 56 333 409 205 301 297 118 405 47 482 329 190 227 518 287 383 338 216 377 88 528 290 416 2 512 342 307 184 511 243 305 565 22 226 5 59 486 73 68 61 145 297 178 303 290 46 473 6 409 506 367 409 275 531 78 295 395 509 17 543 499 418 316 298 573 504 221 546 138 353 138 335 29 480 359 553 62 539 171 561 235 490 559 409 257 70 100 367 73 512 274 257 459 562 183 325 604 89 528 48 113 598 435 68 593 313 67 299 384 441 98 333 117 556 402 120 221 207 304 645 246 145 386 440 319 146 573 415 624 492 120 317 37 53 127 466 357 283 445 27 399 124 531 561 364 288 33 43 145 543 636 291 306 612 599 513 208 606 66 170 241 340 646 117 41 543 183 537 233 52 412 665 336 487 473 705 259 9 606 693 381 314 253 130 38 240 472 278 203 176 348 354 89 74 566 321 309 601 67 549 512 455 339 557 657 273 587 226 39 87 710 258 214 602 612 481 248 74 551 570 21 58 1 275 293 212 399 444 67 58 65 519 31 681 638 512 645 253 294 443 343 390 409 429 497 565 26 748 644 172 614 567 570 203 18 307 623 385 740 606 265 644 131 391 224 379 181 498 638 75 56 727 119 144 84 38 202 718 490 462 289 588 636 671 755 251 430 230 624 146 228 178 118 675 231 382 73 486 156 642 566 280 513 773 387 317 244 254 459 185 108 791 565 396 816 51 705 472 218 681 293 835 331 680 57 745 729 833 63 3 80 732 590 45 540 74 21 565 105 630 425 493 170 602 706 261 712 826 733 231 791 403 702 157 757 271 485 516 846 602 357 315 434 606 652 311 446 777 521 609 445 27 172 515 162 203 34 442 85 618 552 32 859 826 771 95 522 645 620 448 428 333 665 438 71 188 595 541 734 26 701 611 568 846 40 128 70 106 722 940 39 209 489 496 0 588 484 446 854 779 897 200 31 943 388 476 201 899 106 808 538 495 872 454 450 416 627 385 577 696 813 153 156 185 452 504 652 689 459 595 145 434 162 598 211 341 357 371 499 346 100 502 944 343 
1000
18 968 934 919 793 883 796 763 789 901 926 821 865 772 870 939 879 825 817 
19 773 957 870 880 892 924 827 855 852 922 929 988 758 993 807 767 955 753 875 
20 963 832 800 954 802 871 950 801 870 973 901 898 788 778 878 925 857 876 866 883 
17 933 996 969 861 958 891 857 874 990 915 899 858 825 966 912 768 870 
18 1000 752 876 802 783 787 815 995 966 835 786 986 883 923 794 973 927 792 
19 848 995 892 778 902 925 873 791 777 975 886 919 840 912 844 846 764 761 907 
19 758 848 811 773 926 843 945 908 775 819 820 953 867 995 764 943 963 827 755 
17 994 859 798 831 879 839 935 959 865 984 752 905 882 862 756 963 830 
18 915 949 855 852 877 802 991 769 981 953 813 858 843 894 775 992 787 940 
20 906 927 962 977 994 887 868 843 832 990 907 944 979 787 863 963 812 853 898 967 
19 823 973 815 895 783 750 981 851 988 948 975 776 844 841 920 835 883 881 829 
19 990 853 979 797 837 755 873 937 754 870 881 767 818 790 953 798 992 857 782 
20 923 888 990 981 886 770 899 968 871 892 816 820 944 963 967 928 862 946 793 924 
17 783 920 867 921 834 937 754 973 923 922 751 880 993 970 931 983 810 
18 888 953 780 864 822 941 803 921 945 841 791 778 865 755 818 1000 836 947 
18 772 794 922 934 833 844 793 779 889 824 938 931 961 967 899 861 786 754 
20 792 760 950 790 928 806 986 787 900 819 899 879 987 988 957 850 846 889 777 979 
19 997 905 906 911 978 756 995 922 807 888 782 951 834 789 786 835 824 796 771 
20 790 988 926 904 867 765 959 927 775 794 863 980 811 929 848 879 939 799 844 998 
18 995 987 976 886 764 775 817 826 788 914 769 849 926 839 800 790 832 868 
18 992 751 817 951 858 935 944 839 760 926 759 763 882 962 906 933 942 995 
20 956 900 798 863 816 761 786 779 919 788 763 996 903 818 867 974 854 887 999 884 
20 827 925 755 765 994 810 771 915 811 871 756 788 896 792 959 819 798 801 943 751 
17 782 789 750 898 769 845 880 757 820 924 930 778 989 824 842 843 799 
20 873 904 936 870 969 913 910 970 815 884 764 987 880 881 908 962 930 836 798 953 
18 828 868 759 782 780 805 773 873 836 757 844 909 832 770 790 987 989 900 
18 987 766 970 756 896 921 761 934 811 920 889 825 872 908 752 850 796 791 
19 887 806 962 893 819 949 767 822 929 878 833 888 828 752 947 864 800 863 901 
19 888 965 981 849 891 897 980 822 915 913 872 989 793 835 789 866 955 889 947 
20 784 906 800 761 947 833 803 777 911 914 868 766 859 762 817 852 855 987 923 843 
19 822 863 962 923 797 908 865 752 953 952 898 929 844 932 911 846 905 804 769 
18 891 858 798 937 943 909 812 951 944 840 816 796 989 967 759 982 952 833 
20 961 935 864 804 910 966 914 977 955 858 839 827 920 850 842 841 982 934 898 891 
19 975 811 858 862 918 937 795 843 757 833 782 765 823 883 752 986 884 825 921 
17 955 959 827 790 891 772 786 879 877 895 985 968 912 844 927 812 769 
19 932 857 963 804 969 785 967 888 827 801 878 874 983 899 897 919 929 858 772 
17 806 878 994 850 857 893 924 787 851 900 778 978 854 807 872 766 825 
19 900 877 790 830 984 837 917 841 879 765 937 808 863 862 848 935 846 881 996 
18 872 855 945 911 814 868 791 966 952 750 807 848 930 955 947 996 909 771 
17 763 772 963 919 872 849 916 827 755 862 938 879 859 838 819 943 795 
18 895 898 881 979 952 817 753 879 803 970 781 913 966 789 892 788 931 922 
19 893 824 930 795 885 837 856 921 966 949 841 972 928 859 849 811 980 879 944 
18 753 862 971 909 768 978 865 972 891 880 761 908 834 979 807 987 840 896 
18 815 767 933 802 917 914 907 876 870 969 832 972 793 976 894 758 825 934 
18 771 896 857 977 816 950 853 844 791 783 953 847 983 965 885 875 912 930 
20 758 868 837 980 794 816 983 898 771 987 949 897 891 963 992 941 851 781 889 906 
17 830 903 829 863 761 879 890 786 821 835 991 753 799 945 933 877 840 
18 820 933 993 920 892 893 808 905 842 912 919 925 856 894 971 916 778 910 
17 984 836 931 980 959 927 806 753 930 818 924 999 953 860 767 825 834 
18 933 869 874 995 970 771 832 780 867 926 791 861 944 755 988 816 930 914 
20 934 942 798 899 830 765 788 908 897 976 945 961 935 993 819 979 966 994 854 936 
18 903 871 807 984 927 975 952 780 767 854 911 904 862 876 894 961 981 929 
19 1000 950 914 967 873 944 860 756 763 859 876 896 919 783 754 997 761 848 994 
19 944 757 782 880 983 840 847 894 849 914 768 879 940 755 931 837 797 995 814 
20 854 882 834 798 901 865 849 789 978 955 864 924 835 757 896 902 758 795 793 990 
19 886 986 774 957 811 976 795 970 883 873 757 797 787 863 788 965 851 854 882 
17 994 751 870 864 956 880 789 819 992 910 810 907 923 830 911 793 754 
18 814 838 926 935 896 985 867 874 946 948 803 886 750 845 897 878 914 905 
19 798 787 816 994 769 850 835 851 789 750 958 766 953 788 758 763 818 785 973 
20 901 979 998 883 972 806 835 958 812 962 903 769 856 759 789 904 938 892 969 851 
20 754 752 982 913 843 802 825 941 841 830 874 970 868 924 862 771 820 761 959 912 
18 907 799 875 791 862 897 916 999 940 914 767 942 788 988 771 874 759 830 
19 938 788 953 764 986 988 970 848 859 948 908 902 959 841 903 828 762 774 920 
19 846 837 806 982 927 891 964 951 876 766 835 796 980 791 851 985 782 828 855 
18 946 855 873 829 925 852 785 755 988 862 997 853 978 836 849 964 840 929 
19 945 856 952 983 910 980 899 879 1000 908 861 767 891 840 826 928 877 974 944 
18 970 927 876 769 805 829 754 898 963 874 844 950 771 917 988 815 842 915 
17 833 810 769 793 882 758 902 952 931 801 863 879 761 794 754 905 956 
20 983 963 915 992 918 1000 880 967 938 902 762 905 844 979 949 935 818 894 758 823 
20 788 824 946 869 944 967 827 940 757 915 846 848 779 781 934 911 811 910 832 816 
18 999 780 788 908 852 913 893 967 841 865 778 795 836 966 941 948 833 813 
18 780 925 757 948 807 896 993 924 901 826 753 853 895 894 797 750 818 898 
19 905 882 894 797 752 831 901 974 785 970 791 995 821 910 843 881 783 780 923 
19 903 969 895 881 949 792 836 970 799 924 990 769 853 877 915 979 982 936 940 
19 813 889 943 791 872 764 978 847 984 885 999 870 779 876 753 780 995 991 906 
20 853 948 816 945 751 887 939 965 752 985 820 944 794 932 871 862 835 763 834 800 
18 754 845 832 840 849 934 896 836 803 901 900 790 887 760 898 809 883 958 
19 778 957 811 809 947 752 828 758 842 1000 939 966 992 890 867 996 979 905 760 
17 843 831 971 902 852 943 776 959 944 797 930 820 801 886 767 783 785 
19 767 994 996 999 917 822 889 969 752 964 942 894 874 975 989 946 832 951 896 
20 927 767 934 834 972 911 930 891 883 921 946 975 833 839 937 977 801 823 984 875 
18 817 845 934 932 828 847 773 992 815 1000 811 840 812 774 795 896 786 916 
17 900 936 865 946 875 854 804 995 886 793 766 835 888 862 759 809 941 
19 867 870 936 790 894 840 754 957 770 856 877 836 949 782 884 763 979 966 869 
17 920 756 926 765 829 834 912 887 911 759 795 856 854 764 772 905 754 
19 949 851 879 955 778 849 950 965 857 917 761 984 770 839 817 888 908 750 753 
18 879 943 942 967 758 850 961 822 775 930 780 801 755 838 816 886 902 840 
19 872 802 816 914 847 890 801 930 948 846 823 972 858 962 799 761 867 909 978 
20 755 891 960 773 761 780 887 913 856 779 822 992 792 794 758 850 981 768 884 787 
20 826 837 869 815 974 864 885 757 860 817 753 828 858 895 771 941 845 920 778 887 
17 858 834 958 945 847 824 756 901 791 995 975 876 763 841 850 884 766 
20 827 750 890 976 932 855 823 985 763 819 863 843 866 845 769 877 962 756 937 947 
17 751 866 845 961 972 762 755 760 950 796 915 932 914 766 865 890 898 
19 787 791 972 782 943 849 822 953 867 840 988 892 890 942 767 984 841 864 829 
20 791 752 956 882 996 886 942 862 780 923 750 778 946 790 795 832 991 843 810 971 
18 904 952 788 941 816 764 874 922 869 949 910 905 987 918 970 752 993 965 
19 817 834 896 895 905 962 950 771 807 809 879 751 837 829 841 840 874 986 959 
17 990 981 864 953 996 842 885 989 947 849 949 978 912 910 773 802 970 
19 787 786 808 877 872 956 759 830 888 864 996 952 816 854 840 912 838 812 972 
18 797 784 871 935 983 990 876 917 840 994 768 899 760 987 884 764 839 859 
19 931 799 916 857 794 975 972 915 837 907 891 774 753 803 760 978 1000 780 979 
18 978 772 862 850 909 998 802 882 857 982 858 761 860 895 915 765 890 769 
19 795 879 997 880 799 916 929 796 772 830 826 923 909 993 884 924 760 852 886 
18 921 781 857 793 790 970 868 757 942 907 811 836 803 904 863 997 965 946 
18 803 796 909 773 753 834 907 856 900 903 855 791 883 765 828 985 775 776 
17 942 788 953 800 817 810 874 893 840 881 957 790 765 914 812 909 882 
19 813 925 816 967 794 903 843 870 875 902 856 845 933 923 905 863 757 949 983 
17 860 919 958 850 784 757 768 955 929 943 900 810 975 756 918 996 827 
19 787 849 887 802 911 933 946 838 999 892 798 889 758 899 898 984 894 800 986 
17 779 758 888 763 785 769 822 890 944 892 899 956 999 861 757 876 882 
20 944 984 856 829 790 957 788 767 892 816 972 837 901 976 888 758 924 947 878 886 
20 864 899 972 999 881 902 852 867 769 788 879 778 803 838 874 936 794 981 971 849 
19 911 777 763 803 960 843 754 847 927 921 813 992 879 989 970 905 751 933 885 
20 846 763 988 961 993 785 947 916 963 841 896 889 899 838 878 904 987 794 855 829 
16 767 848 973 782 941 842 854 964 979 803 864 856 852 878 804 873 
19 976 862 874 787 999 900 952 994 784 754 850 910 937 781 767 871 851 808 924 
17 801 791 834 750 860 864 865 753 840 812 800 832 891 875 829 918 921 
17 944 996 978 837 900 936 968 787 791 961 911 844 863 885 789 985 973 
19 815 822 769 866 915 862 854 776 984 930 906 881 973 959 937 901 792 751 902 
18 954 948 983 775 994 949 990 916 813 764 922 777 783 918 809 903 950 937 
15 751 757 764 961 877 769 799 966 982 781 774 800 998 810 808 
20 835 761 883 839 786 852 752 905 782 827 779 904 955 922 896 815 867 797 781 912 
18 892 971 897 759 899 834 855 875 956 806 797 976 962 767 989 868 995 992 
19 968 776 881 818 802 936 773 786 870 898 928 972 877 974 964 838 942 888 891 
19 825 974 790 929 959 768 846 800 954 995 945 819 892 856 779 759 885 986 810 
19 814 869 967 944 956 948 765 795 937 759 867 939 964 798 901 851 907 800 995 
17 920 822 842 923 803 989 873 954 928 905 763 986 841 790 855 811 885 
19 806 880 985 931 911 820 759 769 864 812 814 940 857 915 862 855 992 867 757 
19 941 1000 815 957 983 825 886 810 973 770 908 828 993 757 769 754 752 864 912 
19 967 756 891 844 834 777 869 814 947 798 952 858 819 965 919 781 884 976 953 
18 936 805 892 825 863 901 834 862 923 791 954 994 800 856 865 993 962 950 
17 807 775 933 835 770 822 961 858 875 992 921 825 909 828 922 919 773 
19 990 969 987 908 926 809 803 884 774 771 929 851 933 943 941 767 842 837 838 
20 828 862 881 893 796 815 789 938 963 869 842 836 855 784 865 810 905 760 882 778 
18 928 976 860 835 938 955 764 774 756 816 750 863 851 844 953 994 889 784 
19 791 887 797 983 823 805 879 884 946 905 917 870 818 771 951 883 947 776 965 
19 839 766 937 797 861 763 870 799 848 826 949 768 919 820 966 802 822 835 898 
16 904 956 891 752 866 971 953 963 842 927 897 870 810 989 921 796 
18 796 860 793 858 839 907 947 896 801 952 880 991 876 916 788 877 815 923 
19 794 966 784 791 926 941 983 852 918 959 899 864 756 920 813 919 998 829 922 
17 1000 952 801 759 753 867 876 806 990 888 832 797 796 819 859 915 950 
19 902 984 919 955 915 872 850 767 918 887 791 818 814 926 844 1000 867 822 861 
16 753 996 899 819 840 936 779 928 808 940 892 813 834 897 941 875 
18 822 820 847 887 763 998 971 755 834 957 791 781 796 959 934 928 795 784 
19 879 767 859 891 995 813 793 905 772 757 875 786 924 978 886 770 918 790 987 
19 929 766 882 767 989 912 918 845 941 772 903 796 815 814 928 871 844 861 877 
16 996 830 941 841 961 904 867 913 991 871 868 943 979 967 845 982 
18 834 756 897 953 887 855 848 889 836 852 904 790 981 871 874 918 777 940 
20 926 850 892 943 874 912 842 864 801 954 808 804 940 975 896 779 880 766 951 916 
18 762 833 938 893 758 800 798 874 930 817 951 808 858 954 889 750 795 790 
20 940 757 849 826 817 867 766 771 751 999 949 992 903 961 972 879 869 793 877 799 
18 843 971 762 952 907 869 856 786 791 989 766 998 796 830 768 903 793 871 
17 756 928 817 751 810 876 964 875 951 893 858 813 867 894 985 905 880 
20 827 909 802 892 900 1000 809 817 860 836 871 838 960 790 818 811 766 964 755 919 
18 889 857 753 838 992 984 867 864 926 898 823 771 796 786 912 787 791 839 
16 921 969 802 996 955 803 968 904 798 800 990 839 864 845 853 773 
19 967 805 937 837 755 952 860 803 877 919 852 881 797 960 808 943 751 915 954 
17 789 944 779 987 869 887 896 888 761 979 994 757 804 824 910 889 873 
20 904 903 768 930 817 834 827 931 785 974 1000 911 983 825 796 845 777 832 821 891 
19 956 996 838 895 871 940 945 784 859 842 867 798 848 970 876 755 968 816 866 
18 881 970 779 975 924 891 780 849 951 959 943 921 840 878 796 946 808 843 
19 935 828 833 963 805 829 774 771 938 874 998 976 807 972 762 847 789 861 876 
19 982 765 848 951 882 960 955 961 899 797 990 804 950 932 831 787 842 761 809 
17 871 792 966 910 898 776 899 751 863 819 986 893 979 955 812 826 861 
19 860 897 987 750 755 947 925 862 795 871 783 754 913 978 935 971 809 948 903 
19 979 811 933 823 855 922 899 877 986 919 890 854 990 773 810 897 943 888 853 
20 998 811 839 824 899 951 815 935 996 812 767 889 862 869 973 870 911 979 887 865 
18 777 931 835 915 789 955 944 975 994 847 763 921 820 772 979 811 916 997 
18 980 773 914 955 926 824 871 792 988 757 994 915 838 794 899 774 909 931 
18 780 781 928 874 837 756 754 784 984 980 906 921 809 971 889 962 808 895 
20 991 937 948 884 776 760 898 965 932 797 831 899 945 785 786 870 810 844 752 835 
18 837 848 766 897 879 834 901 775 863 907 794 952 883 915 865 789 963 830 
18 1000 946 870 777 847 825 923 869 898 861 895 966 763 900 755 894 905 841 
18 847 878 913 852 809 947 860 926 806 993 792 893 940 931 834 981 832 862 
17 891 896 975 797 926 939 949 983 758 864 973 835 897 904 763 905 789 
19 938 768 994 982 969 865 991 857 997 896 964 830 860 767 774 914 856 781 858 
20 906 858 870 825 771 794 766 901 799 804 871 940 930 903 842 764 885 928 920 851 
17 825 787 773 751 962 944 940 986 761 896 766 845 995 820 991 803 891 
20 802 935 940 832 860 982 789 777 751 792 887 969 998 896 807 808 967 992 761 864 
18 781 884 810 769 880 887 832 959 790 974 905 750 910 982 762 915 758 773 
17 790 778 979 998 958 930 951 984 867 832 925 863 890 852 766 785 771 
17 835 806 915 886 888 757 862 902 990 850 999 961 843 834 854 893 751 
16 988 954 919 874 996 893 969 856 819 933 829 838 763 887 871 956 
18 873 942 872 933 954 838 796 980 800 849 881 857 988 821 913 916 925 762 
19 769 803 943 784 887 841 801 832 851 788 876 802 947 830 926 939 1000 785 807 
17 835 873 808 779 914 964 918 912 840 920 795 807 850 944 884 950 750 
18 823 802 835 907 856 1000 945 770 976 818 993 753 827 875 868 910 826 906 
20 900 836 888 953 750 979 915 762 960 814 811 935 795 958 803 987 949 941 973 838 
19 792 869 907 884 893 816 775 961 765 825 814 878 764 987 851 976 752 886 770 
20 924 974 874 814 845 787 868 824 862 757 804 911 907 864 808 928 847 791 759 852 
19 909 919 972 965 946 995 879 864 922 779 858 913 894 834 852 948 862 873 971 
18 971 868 818 903 983 760 977 902 946 872 901 958 824 937 948 806 781 974 
19 937 916 852 770 888 959 803 933 998 766 832 873 772 812 958 840 763 878 828 
18 927 891 850 834 769 781 940 825 784 879 773 965 929 776 828 930 999 866 
19 873 912 969 823 1000 837 761 785 859 760 781 872 860 982 933 970 811 959 867 
19 769 966 894 844 981 937 841 783 870 835 963 904 761 913 753 975 806 836 933 
17 881 880 909 803 816 824 980 937 961 986 772 841 864 814 872 863 800 
18 832 989 868 803 892 758 801 822 843 804 996 899 857 994 773 807 756 959 
18 809 834 878 823 970 912 827 974 854 778 806 980 958 841 929 750 883 890 
20 916 934 955 887 972 935 764 872 799 767 810 809 751 966 776 979 843 808 885 791 
18 898 984 819 776 912 959 832 897 995 813 874 970 802 870 782 837 858 937 
18 956 898 978 949 780 819 925 973 855 979 882 914 935 821 988 863 894 960 
19 846 960 882 838 989 787 906 877 993 953 867 972 779 943 789 762 889 913 790 
17 951 764 756 974 785 841 790 999 861 867 909 809 914 953 887 777 798 
18 803 817 852 907 866 953 865 815 928 853 927 992 920 772 975 881 999 979 
20 828 853 957 996 829 919 944 892 765 793 809 897 917 998 938 752 891 975 1000 934 
20 812 815 928 809 836 920 956 834 847 801 838 786 851 858 972 916 893 969 777 921 
18 884 893 894 991 870 831 867 926 823 805 808 892 965 931 764 983 757 976 
17 786 972 775 913 983 846 821 854 828 988 873 844 811 783 829 842 908 
19 1000 750 902 933 840 924 910 764 897 793 788 973 752 946 821 830 928 842 906 
17 874 975 866 947 991 789 927 833 879 928 840 875 896 958 921 908 758 
18 882 888 763 967 840 836 789 751 754 956 788 784 771 931 851 859 803 891 
19 810 942 944 792 946 998 930 826 893 938 799 835 796 920 881 776 823 934 947 
19 891 928 782 777 770 844 981 957 877 806 878 848 948 912 970 838 797 978 856 
17 780 952 967 885 939 913 766 800 791 1000 950 957 953 814 919 866 801 
19 967 853 848 799 850 886 917 960 996 979 914 754 903 806 919 900 957 751 965 
19 979 969 772 760 989 976 892 960 810 930 962 888 831 775 947 807 877 755 893 
19 954 996 872 845 992 800 900 812 764 768 777 839 898 947 769 978 912 855 850 
18 878 752 895 791 820 837 910 779 920 974 772 958 777 900 992 793 881 839 
17 816 756 995 826 951 942 903 795 971 984 841 787 810 833 893 825 943 
19 912 882 915 875 961 910 808 755 972 914 874 888 838 971 857 973 772 751 911 
19 786 933 979 789 985 988 911 847 920 760 865 834 915 856 973 845 809 990 901 
19 767 756 858 788 935 933 826 914 924 962 889 817 894 842 768 799 773 801 937 
19 990 893 908 996 826 853 972 761 850 898 872 970 881 852 879 883 782 920 790 
18 917 873 938 937 978 892 887 953 830 855 898 967 770 902 769 885 765 834 
20 780 778 887 841 799 877 868 837 954 794 846 889 908 916 772 797 878 943 944 786 
17 773 756 922 836 762 767 943 914 955 999 862 960 819 880 974 912 877 
18 975 934 845 786 814 849 797 792 924 889 997 791 859 774 949 999 868 886 
19 840 959 976 993 948 808 765 918 771 979 810 991 909 858 763 819 958 757 964 
17 836 807 837 880 792 803 933 958 956 873 963 941 897 900 872 811 991 
18 1000 873 819 754 953 898 891 934 761 990 751 854 883 840 842 912 871 914 
19 965 847 1000 776 954 923 801 761 942 986 867 806 832 985 987 864 825 971 818 
19 865 955 843 978 975 832 889 755 766 979 751 947 995 847 966 834 785 860 872 
20 888 806 764 968 821 828 799 954 998 769 794 797 993 906 823 840 857 767 852 757 
18 755 799 771 812 891 828 915 977 864 858 931 867 796 764 912 782 908 994 
18 918 956 945 870 787 855 814 767 784 807 809 766 802 750 761 791 909 847 
19 965 913 829 869 866 767 911 948 779 943 905 916 880 881 795 872 980 820 979 
20 944 968 919 942 884 830 838 881 853 911 991 833 912 933 873 914 981 972 860 971 
18 960 847 794 943 797 818 769 787 991 808 897 775 925 783 873 761 997 830 
20 891 764 937 754 950 899 975 757 866 982 840 981 875 910 923 806 831 781 810 935 
19 773 761 994 908 950 807 980 956 914 832 826 775 996 870 973 837 885 893 897 
18 824 794 965 909 765 778 810 809 757 952 825 806 833 802 817 774 752 823 
20 768 961 973 769 778 958 956 927 874 872 944 918 902 964 969 834 829 839 794 978 
20 900 817 884 965 764 810 770 873 843 853 888 869 948 874 895 968 933 943 854 786 
17 935 835 893 914 865 881 947 751 982 869 787 936 925 913 752 927 891 
18 923 989 754 882 821 873 797 782 867 961 978 913 781 990 987 806 880 973 
19 911 992 963 849 909 848 978 755 876 837 870 799 796 933 824 841 872 881 885 
17 764 911 819 837 868 925 987 812 958 946 873 875 841 929 822 840 914 
18 758 777 969 893 983 978 920 912 850 867 956 878 976 752 779 778 944 987 
17 981 810 880 795 858 899 856 800 906 817 918 763 960 831 936 814 920 
18 921 878 865 842 883 912 976 991 959 996 840 802 776 760 851 899 887 906 
18 785 999 953 957 888 754 773 889 826 751 998 848 828 930 931 769 964 789 
20 932 813 834 878 778 782 953 997 773 856 898 777 765 941 978 818 994 862 848 860 
18 842 969 831 786 801 808 998 987 914 930 835 780 957 909 765 840 921 897 
18 952 841 876 805 874 772 811 760 868 789 833 774 898 891 787 791 862 866 
19 776 859 853 874 943 967 867 958 928 775 865 945 806 976 992 915 878 791 975 
18 851 931 894 910 859 877 882 838 874 954 968 778 850 922 792 930 885 983 
18 868 872 900 849 990 851 784 996 898 920 938 842 986 888 841 836 838 831 
17 812 916 859 944 907 868 933 784 809 915 926 833 801 973 937 964 896 
19 912 754 861 818 930 933 829 891 857 823 945 830 932 998 882 926 871 911 750 
19 770 798 875 761 821 942 949 868 939 813 866 954 841 916 791 816 923 829 998 
18 987 918 922 990 767 947 996 869 984 971 780 837 961 848 849 981 819 781 
16 886 918 968 769 788 782 773 928 904 888 878 913 810 775 969 835 
19 787 932 920 835 807 757 804 827 956 833 770 911 998 789 894 965 802 967 940 
18 858 761 827 918 862 750 777 920 799 755 912 987 828 801 791 841 959 803 
19 985 923 929 817 906 976 809 844 956 816 887 770 791 858 930 854 877 773 975 
19 836 900 761 939 863 919 905 942 795 941 860 894 835 985 829 944 821 771 883 
19 868 925 770 798 928 921 904 969 958 822 962 884 836 990 873 784 986 885 865 
19 890 839 771 848 752 795 939 945 790 836 821 982 757 822 802 979 961 971 903 
18 939 837 981 998 848 929 816 842 915 856 830 988 833 853 772 834 913 996 
18 781 820 973 794 957 759 872 995 884 750 994 959 897 831 937 986 953 935 
18 1000 999 786 785 991 944 934 954 959 854 872 955 983 756 933 763 800 831 
18 792 936 845 933 950 956 799 822 947 918 942 997 753 852 773 819 924 848 
16 821 898 975 778 790 889 839 806 944 855 877 822 764 819 882 827 
18 950 968 926 812 866 819 960 827 757 974 897 892 752 789 915 880 815 894 
17 849 957 954 781 793 929 846 902 811 874 947 908 975 952 985 865 802 
19 908 798 894 792 866 856 773 887 756 780 895 797 801 854 955 823 964 876 769 
18 925 923 850 954 825 812 754 953 949 854 882 863 786 990 932 829 958 915 
17 933 997 980 809 928 984 826 854 879 999 894 912 795 796 935 751 755 
17 936 872 791 823 891 753 924 925 763 983 808 978 783 990 968 956 918 
18 775 758 833 862 826 899 813 972 926 848 896 917 936 944 854 776 981 866 
17 874 910 919 832 977 918 941 799 911 994 879 958 937 857 771 805 939 
18 989 938 877 775 755 834 848 878 857 970 868 973 945 813 996 928 758 863 
17 828 986 890 1000 818 797 793 937 868 974 897 983 882 849 911 869 847 
19 946 824 801 781 984 948 877 756 846 930 807 907 995 962 820 784 878 876 841 
17 781 763 810 973 933 948 861 818 787 757 910 998 968 931 941 868 901 
20 847 846 964 950 918 989 962 814 972 758 774 959 956 923 987 895 824 882 827 961 
20 867 875 999 973 779 774 1000 775 824 751 765 917 844 752 868 957 826 831 907 863 
18 956 770 933 940 787 922 951 800 952 915 899 935 839 883 891 957 796 982 
18 804 926 902 777 767 792 874 922 914 845 866 878 853 884 992 856 892 990 
17 806 992 936 916 942 986 846 876 865 871 963 863 928 974 969 870 933 
18 771 899 792 905 791 761 901 973 856 962 932 768 832 912 913 922 841 810 
19 966 867 1000 891 864 755 889 945 797 770 959 874 814 870 983 924 817 955 961 
18 854 969 979 947 916 889 992 958 893 752 809 819 766 863 867 989 763 764 
20 771 884 831 976 936 946 924 754 826 847 823 899 912 931 793 798 996 825 859 904 
20 888 852 859 862 965 942 833 850 999 872 967 761 813 932 944 993 800 968 783 801 
19 854 967 761 772 793 974 796 935 813 919 877 773 910 775 876 892 795 788 962 
18 980 897 857 821 771 809 755 794 921 934 858 928 779 803 756 981 783 891 
19 950 953 858 924 802 792 864 979 763 927 947 767 783 923 794 758 773 826 904 
20 984 769 866 794 965 875 901 930 771 835 820 933 874 979 941 760 784 764 958 815 
19 866 876 765 879 816 871 800 900 980 883 878 921 941 899 913 790 830 829 784 
18 855 976 827 762 845 956 759 867 950 932 777 971 972 994 936 899 880 760 
18 938 770 906 921 818 988 875 861 762 816 871 794 806 765 913 803 784 992 
17 980 951 866 998 843 920 921 946 842 752 935 792 821 813 801 902 818 
19 961 840 931 874 755 774 916 825 899 794 920 753 866 957 808 951 896 884 973 
17 784 912 828 826 769 971 882 781 792 947 763 962 984 767 753 896 919 
18 844 927 861 853 905 847 756 926 895 950 995 877 889 900 909 953 870 913 
19 774 899 880 968 895 868 801 961 833 946 855 817 795 990 777 970 924 991 935 
17 885 813 858 971 988 768 851 956 750 834 776 815 880 809 958 873 780 
16 836 937 859 793 950 981 819 892 832 751 812 915 870 830 861 967 
19 982 848 837 852 843 839 800 963 780 927 933 859 811 909 782 969 928 997 803 
18 926 978 1000 892 878 962 963 995 928 864 790 825 796 890 874 866 817 905 
19 867 949 900 870 983 862 786 923 886 872 910 853 920 963 774 778 756 965 784 
18 821 789 839 818 858 962 989 918 885 910 859 970 884 919 915 758 826 777 
17 826 867 998 860 974 916 994 907 868 926 796 989 775 856 788 966 753 
20 837 773 758 787 871 870 869 786 875 946 872 987 998 938 984 761 852 818 994 759 
18 757 939 996 888 830 952 877 961 916 871 914 929 801 810 758 785 816 948 
19 962 787 756 842 861 785 925 916 922 989 930 801 927 831 860 773 829 950 791 
18 911 812 751 864 859 996 762 873 763 958 903 871 836 986 951 939 920 973 
18 764 752 751 896 910 756 800 929 792 898 817 1000 865 914 923 997 769 921 
18 780 974 867 833 882 926 754 798 896 837 828 980 881 986 966 859 875 776 
17 935 978 805 765 918 949 788 800 809 804 792 791 795 768 899 913 799 
20 909 998 772 765 967 769 863 841 857 936 918 977 788 780 866 825 865 851 928 908 
18 781 797 810 766 991 777 816 971 953 929 994 780 876 988 843 894 963 827 
18 931 801 936 780 791 918 919 846 907 810 764 829 994 876 798 783 804 881 
19 931 933 918 966 992 880 993 891 937 870 783 873 794 970 940 874 882 766 822 
17 869 894 976 844 898 759 760 945 820 836 821 828 927 832 988 792 874 
18 964 773 969 769 898 913 896 891 776 888 851 770 937 1000 854 971 965 857 
18 811 797 924 856 964 925 823 901 946 770 974 789 980 905 815 953 848 769 
19 877 928 857 989 830 875 801 977 962 883 835 945 791 935 899 870 777 854 991 
20 925 768 858 752 893 903 948 913 928 857 775 970 794 967 992 833 793 860 993 783 
20 892 870 856 838 808 882 909 869 861 836 924 875 845 921 879 922 876 953 951 961 
19 878 758 979 807 842 966 867 875 840 928 858 848 877 919 803 772 896 828 911 
17 789 869 850 856 963 969 909 922 859 957 800 971 891 826 931 946 876 
18 950 966 977 947 857 846 991 799 816 769 964 831 927 993 890 888 781 972 
18 833 872 821 997 943 909 789 894 978 923 774 968 941 969 998 897 910 939 
20 941 889 781 996 879 760 864 861 870 752 807 821 924 783 782 791 844 975 805 989 
18 757 763 889 883 990 978 983 854 870 829 919 853 771 965 963 992 960 769 
18 778 807 751 955 833 838 844 977 796 817 759 995 980 976 824 832 989 868 
19 881 843 802 901 792 785 895 781 803 916 949 798 823 838 884 772 993 862 829 
20 931 923 801 804 839 921 865 759 779 951 930 944 880 913 957 991 768 961 752 753 
18 914 801 862 932 759 786 961 969 899 799 777 754 787 768 955 804 778 765 
20 918 811 870 757 865 948 838 868 804 753 942 979 981 971 968 756 962 982 822 777 
18 853 820 981 947 945 776 917 851 964 850 997 1000 935 859 814 963 767 825 
17 902 866 843 900 849 956 924 949 945 769 881 755 992 974 790 936 840 
20 869 987 768 939 962 833 899 878 798 857 893 848 822 810 817 773 935 799 755 860 
18 841 886 828 923 934 803 877 778 946 805 994 834 782 910 888 857 773 835 
19 768 978 948 903 818 943 952 980 751 983 889 809 838 870 997 890 829 899 839 
18 935 870 839 821 851 856 926 760 784 956 965 805 855 984 887 884 940 826 
18 856 777 804 915 930 952 955 942 896 997 912 895 885 799 776 773 935 755 
18 876 900 883 877 979 978 964 760 878 825 931 949 914 758 752 981 898 929 
20 818 811 816 963 830 891 953 994 751 918 910 851 997 840 873 935 868 789 897 764 
19 792 803 925 750 802 967 813 865 777 829 897 1000 852 974 782 998 838 986 804 
19 952 758 899 956 894 822 855 919 937 865 867 944 807 848 840 809 763 968 920 
19 880 994 903 856 762 944 876 906 817 950 839 764 854 824 841 804 851 996 802 
19 930 866 835 950 795 934 998 836 828 928 771 999 851 774 765 788 829 820 898 
20 824 794 856 862 977 821 835 793 866 963 857 946 832 953 975 908 799 872 918 942 
18 820 851 770 861 973 808 886 835 783 965 962 994 875 762 752 953 859 809 
19 784 886 795 936 797 887 840 946 964 1000 945 952 894 853 861 879 968 766 934 
18 771 904 792 824 817 862 947 907 886 963 801 984 808 789 951 838 755 871 
17 969 909 810 784 963 884 989 940 947 840 901 926 754 838 769 874 873 
17 894 801 756 758 901 806 775 963 998 850 989 906 928 753 854 1000 808 
18 788 941 898 780 851 843 928 805 912 926 880 755 885 834 890 750 791 979 
18 933 995 987 950 913 786 878 777 841 936 866 957 930 766 856 983 912 986 
18 805 830 848 890 785 789 793 912 910 771 961 797 920 995 987 869 998 834 
18 880 847 990 895 770 773 964 786 919 807 774 798 957 980 846 973 889 884 
17 803 752 864 834 839 943 766 921 888 950 998 997 759 753 831 967 955 
16 880 977 760 789 793 925 966 949 897 788 863 865 835 927 867 964 
19 960 870 846 776 991 964 930 774 838 890 796 850 821 909 795 768 863 763 775 
18 920 943 784 976 828 779 962 924 950 980 764 974 814 836 887 986 969 914 
20 901 894 904 787 981 920 760 913 924 900 973 916 915 859 762 848 798 865 951 955 
18 808 968 799 825 976 928 751 969 796 915 803 801 933 941 780 939 956 762 
17 989 938 974 956 841 860 787 922 972 884 764 788 975 955 781 891 889 
17 820 953 987 795 996 909 954 956 892 981 813 934 919 896 969 963 828 
17 829 837 980 785 920 844 843 964 790 869 772 798 925 767 916 840 752 
18 946 912 883 778 887 770 981 933 960 993 817 948 891 968 862 907 843 885 
20 813 856 788 802 988 846 776 881 903 773 862 975 922 888 950 941 876 965 853 840 
20 829 896 899 852 833 766 906 865 966 908 847 948 982 961 796 924 997 855 779 992 
18 873 943 934 846 953 762 828 912 867 803 802 812 857 995 985 936 923 960 
17 762 824 990 806 863 952 792 813 860 942 834 757 994 769 869 991 893 
19 800 764 966 851 918 887 872 961 796 864 965 969 767 830 771 908 951 832 948 
19 785 773 780 882 853 767 789 774 828 959 916 956 976 800 759 809 784 805 966 
19 823 988 771 758 913 751 893 860 843 931 833 889 954 783 878 776 753 983 924 
17 797 800 964 770 785 780 932 776 972 988 876 937 952 992 982 974 979 
19 970 790 862 966 826 958 908 881 936 796 755 884 769 853 938 814 792 891 821 
17 952 940 757 907 789 828 869 858 834 754 994 946 820 788 774 905 908 
17 811 768 872 951 967 772 760 916 859 920 988 976 860 994 832 824 841 
18 940 860 925 797 811 763 921 808 830 818 823 953 970 937 992 795 817 899 
19 849 790 912 863 952 757 753 755 752 808 899 839 794 887 798 961 858 996 895 
20 970 829 849 807 823 811 987 830 769 967 815 996 931 905 863 927 800 943 852 851 
18 962 832 761 816 954 951 804 921 868 781 765 922 880 883 918 905 824 819 
18 922 853 780 762 908 830 960 795 861 933 826 755 827 977 916 818 976 896 
18 994 812 945 946 763 867 975 791 973 995 840 917 822 780 991 829 911 952 
17 887 872 773 857 770 964 877 852 946 969 791 916 912 973 831 854 1000 
18 983 752 822 850 859 930 816 960 791 831 789 767 888 877 996 812 849 952 
18 810 992 877 751 890 905 843 800 996 902 790 976 763 863 909 955 869 950 
17 768 757 958 980 790 883 937 874 954 927 813 798 849 977 989 796 984 
17 942 827 910 804 779 810 973 858 821 782 930 809 875 962 970 849 917 
19 818 863 788 856 962 776 912 841 845 971 899 853 755 903 960 758 846 992 771 
18 776 794 793 917 881 880 975 905 812 930 866 770 951 873 942 836 891 799 
19 914 891 882 846 818 870 826 906 866 990 949 892 998 988 939 782 1000 910 845 
20 896 768 804 907 909 953 935 769 908 840 971 827 934 836 923 994 791 813 786 866 
20 945 830 999 928 795 960 880 972 853 934 943 954 766 898 975 952 864 791 967 990 
19 987 940 950 941 916 860 960 779 968 954 949 818 852 985 955 858 831 937 938 
20 844 836 939 906 863 777 769 958 789 783 967 800 925 766 930 852 974 771 758 951 
16 943 940 843 811 941 820 890 867 944 893 822 852 973 878 853 962 
18 817 805 764 967 972 922 885 804 983 901 968 786 906 752 992 787 771 837 
20 959 941 832 925 930 893 912 939 885 898 843 908 863 869 836 940 786 948 854 825 
17 762 980 929 991 756 974 946 965 882 942 988 907 892 881 803 779 759 
20 860 775 788 932 764 977 969 801 837 859 978 941 903 896 967 791 926 777 850 953 
18 835 961 978 836 969 949 997 894 782 926 871 938 956 842 762 972 758 819 
19 754 926 788 818 764 947 962 822 985 798 783 999 816 782 761 839 961 863 778 
18 840 961 992 774 908 959 927 825 932 972 874 844 833 947 998 935 792 830 
18 958 761 923 904 830 912 794 969 975 982 972 905 988 928 973 947 810 964 
19 768 915 835 788 971 949 782 983 838 887 880 869 817 901 882 852 962 943 886 
19 883 752 879 846 912 931 988 794 887 934 797 881 828 895 843 866 851 856 999 
18 831 788 882 802 979 975 913 993 965 973 758 767 996 914 753 826 984 853 
18 955 874 903 931 845 876 957 779 782 816 958 774 857 776 917 929 852 930 
19 881 826 833 763 871 954 1000 932 750 840 986 875 930 963 961 894 907 880 781 
18 917 963 775 936 868 764 972 841 857 997 940 874 933 822 891 974 846 958 
19 952 825 993 856 972 926 963 965 894 968 953 831 940 923 982 799 900 984 853 
18 959 861 893 945 997 941 983 807 931 999 977 775 796 890 908 800 847 966 
18 917 930 871 858 852 876 780 844 885 781 923 877 982 989 934 911 925 944 
18 757 875 795 947 829 797 800 796 847 906 765 844 930 920 806 978 891 877 
17 800 867 900 831 851 968 756 899 997 974 853 865 802 784 990 994 950 
18 860 898 993 894 990 979 827 881 753 961 796 882 965 859 912 789 766 822 
19 800 955 858 998 847 872 991 868 888 967 869 768 758 853 890 804 982 766 987 
18 975 873 945 949 765 921 935 864 993 980 903 957 858 972 767 917 791 828 
18 853 999 883 835 970 761 977 818 886 813 907 874 975 839 851 798 899 794 
17 774 773 955 891 813 777 765 878 793 839 929 835 957 910 850 978 966 
19 972 968 984 930 824 956 823 806 857 800 829 840 787 990 935 836 902 838 780 
20 921 925 887 903 871 839 943 827 986 891 789 959 761 809 783 786 995 877 801 929 
17 789 939 999 829 892 944 962 953 868 911 895 835 808 804 985 760 903 
18 869 752 851 956 877 862 889 909 760 948 847 891 921 818 871 899 878 761 
19 959 838 926 935 875 947 757 798 946 812 869 928 878 951 987 973 923 929 856 
18 934 752 844 847 792 973 824 901 971 876 944 935 845 923 938 828 768 976 
19 817 921 764 846 934 855 908 788 960 912 772 895 987 834 949 806 916 879 828 
17 974 782 947 870 852 962 808 845 793 786 988 933 872 843 969 922 821 
18 977 844 793 997 834 847 753 784 866 928 922 923 868 801 830 791 785 1000 
19 931 872 936 762 948 848 885 858 878 849 788 922 844 903 786 811 850 842 919 
16 860 969 960 777 943 756 858 823 771 945 865 883 801 845 861 799 
18 913 805 859 774 838 807 765 947 978 769 952 963 882 767 908 960 793 817 
18 773 809 964 855 952 927 919 944 792 990 877 766 807 982 977 913 909 816 
20 829 992 761 860 977 937 796 787 825 758 952 794 810 897 912 933 789 893 948 812 
17 788 782 994 856 973 986 974 969 991 934 785 941 787 849 900 800 906 
18 753 983 782 846 903 896 808 798 935 767 923 815 821 849 1000 864 787 827 
20 843 884 953 768 889 903 797 857 796 834 825 765 842 829 855 754 784 803 957 960 
17 782 896 826 938 957 790 777 994 768 878 766 935 960 982 968 891 760 
19 759 840 999 874 885 879 912 907 909 823 806 935 762 834 931 804 789 883 959 
19 770 797 817 938 915 829 764 886 857 880 855 959 991 952 920 750 921 773 801 
19 917 963 888 877 894 964 782 921 966 858 833 895 999 755 897 976 813 847 761 
18 834 936 842 813 1000 831 946 928 777 986 985 868 811 838 886 876 879 917 
18 798 804 783 998 874 896 850 759 750 964 841 884 786 775 936 774 972 918 
19 831 974 778 956 789 801 880 962 951 938 817 979 764 780 874 909 858 861 958 
19 863 796 902 794 875 905 778 909 946 799 885 851 968 846 928 884 810 899 805 
18 861 758 817 806 793 960 920 978 849 752 945 927 815 980 874 951 892 954 
17 936 948 772 832 753 888 932 822 933 900 925 855 972 880 780 967 916 
18 941 816 857 773 853 947 916 765 973 959 896 887 888 795 785 890 801 860 
18 760 968 889 795 837 940 974 966 797 932 780 991 898 786 993 901 846 793 
17 966 989 940 789 898 802 793 784 884 817 991 939 863 993 922 780 820 
20 856 768 976 983 899 892 898 845 794 843 874 810 888 852 839 871 759 979 883 934 
19 946 953 794 816 792 880 858 897 769 981 995 890 836 997 935 912 918 909 807 
18 824 875 948 796 801 794 793 820 815 991 998 963 813 763 832 918 979 804 
17 953 759 768 992 779 960 760 787 996 799 757 784 921 786 962 959 932 
18 821 800 856 910 846 792 835 928 946 838 990 889 750 954 967 942 790 762 
19 765 962 898 905 970 990 754 781 878 816 800 813 801 940 848 751 773 893 831 
19 804 974 962 855 773 985 860 954 751 783 992 769 926 940 927 869 902 843 937 
18 823 830 820 879 997 893 839 798 903 817 983 949 792 779 856 892 849 837 
19 943 761 766 841 937 771 941 959 964 997 935 883 914 803 759 975 842 833 984 
19 759 873 877 804 862 780 902 889 802 803 767 976 815 808 908 755 934 795 849 
19 914 854 874 783 823 910 806 923 857 833 765 770 942 977 794 997 771 763 933 
19 759 834 806 839 924 966 813 762 819 837 795 814 928 818 898 805 888 939 887 
18 778 946 782 916 863 900 824 989 929 805 952 793 762 937 800 859 845 979 
16 837 827 972 978 876 773 986 935 962 870 770 807 914 762 774 908 
19 998 987 946 763 757 762 793 885 919 806 899 873 860 993 827 884 788 900 973 
18 978 881 985 955 786 874 855 899 869 839 895 766 969 919 832 924 908 897 
18 945 817 998 931 1000 845 758 823 995 842 837 770 884 863 987 973 933 975 
18 843 762 890 896 858 927 897 884 982 856 910 822 973 860 976 883 786 797 
17 936 941 978 827 980 840 910 987 981 776 794 752 816 913 765 960 869 
20 855 963 878 975 799 803 762 768 798 884 763 779 893 945 881 852 952 844 913 958 
17 869 776 942 822 964 968 849 846 926 820 785 816 779 898 802 850 807 
18 824 822 840 766 823 776 978 827 814 828 950 972 768 905 855 865 835 947 
18 851 833 969 891 841 939 850 879 880 750 963 821 896 925 869 807 798 830 
18 964 802 835 816 817 1000 778 782 794 977 868 857 841 925 999 888 820 801 
19 938 792 820 827 858 863 770 970 766 789 924 824 855 986 969 1000 797 876 793 
19 799 904 893 807 810 862 872 910 915 844 993 775 974 778 967 789 826 752 785 
19 897 849 878 922 874 953 761 987 888 929 804 783 773 757 904 997 933 969 908 
17 798 876 997 837 924 863 771 864 921 896 796 842 904 859 925 847 959 
17 871 886 980 974 964 792 979 846 842 990 902 923 1000 908 755 870 768 
18 810 822 960 790 862 789 851 964 783 804 867 891 845 915 797 865 975 768 
19 996 840 908 972 835 870 987 930 821 962 785 805 841 852 772 824 917 1000 864 
20 791 921 945 993 871 989 884 761 779 818 847 853 842 888 769 892 887 774 857 899 
19 908 795 822 848 919 765 991 758 916 914 910 828 900 1000 956 984 831 901 885 
17 766 760 978 995 908 832 946 905 877 807 917 961 986 945 997 974 843 
20 872 894 794 995 799 849 764 936 873 860 881 838 757 763 987 760 801 756 920 808 
19 832 762 789 913 834 800 782 894 807 857 951 960 867 994 968 899 819 806 933 
19 939 934 887 806 894 911 958 804 949 841 944 929 870 885 909 835 923 854 945 
18 879 803 963 868 901 910 877 930 754 965 849 959 815 867 847 934 900 977 
17 919 836 959 847 981 796 775 945 902 867 797 862 826 887 922 780 1000 
18 895 931 844 956 926 868 824 770 783 848 916 807 898 861 924 837 883 762 
18 815 977 979 909 785 920 983 789 926 848 943 976 900 871 918 844 889 842 
17 930 956 921 806 793 889 885 788 754 861 977 884 939 959 868 834 857 
20 991 842 961 756 963 980 863 876 865 890 958 847 944 905 864 794 773 805 886 769 
19 834 752 960 921 930 859 965 939 885 997 787 963 882 832 830 887 926 838 897 
18 983 984 854 841 847 819 965 805 837 864 794 916 908 768 761 809 975 995 
18 762 756 915 986 961 902 800 907 776 769 950 994 988 897 906 912 922 973 
18 835 761 922 968 954 895 758 924 892 764 775 851 946 854 961 756 948 858 
18 923 976 905 965 836 917 777 813 982 849 966 880 946 801 812 885 975 911 
14 827 947 940 859 946 896 791 788 945 768 875 751 887 953 
18 953 975 828 987 752 986 939 801 881 873 826 974 911 802 950 914 810 785 
17 897 972 812 892 903 901 769 937 817 946 986 924 763 913 790 777 927 
18 904 988 920 758 760 784 947 874 923 952 974 964 753 816 889 817 992 977 
17 931 829 837 851 896 757 777 897 971 812 761 989 982 923 774 925 845 
20 931 889 756 816 961 971 923 893 772 810 851 869 954 837 800 904 962 929 978 953 
16 973 980 938 863 831 845 965 994 844 835 921 798 925 941 852 826 
18 978 989 915 937 936 812 946 892 826 769 898 781 819 884 835 856 887 772 
18 953 825 766 767 975 774 854 901 972 798 816 878 797 950 879 849 812 771 
19 787 986 916 981 782 856 843 825 913 805 958 974 975 763 864 951 812 779 929 
18 833 832 916 920 877 761 753 903 804 892 827 893 881 767 939 792 898 995 
19 760 859 810 763 935 913 827 943 758 842 856 829 948 850 841 753 977 779 872 
18 906 946 800 791 828 963 779 768 814 940 869 771 986 850 752 765 821 808 
20 757 766 930 758 823 763 997 769 987 936 847 925 865 837 985 836 981 935 995 884 
20 862 903 791 879 928 858 839 829 971 840 822 831 960 865 848 987 788 943 979 973 
18 829 794 811 827 764 806 903 982 785 805 956 945 882 813 879 963 943 849 
18 827 871 930 775 776 955 856 851 897 792 867 889 832 901 997 894 845 913 
19 965 840 868 886 953 833 826 969 920 993 864 979 761 962 801 921 817 975 798 
18 879 899 957 910 967 846 992 837 784 865 888 917 991 878 775 755 880 789 
18 963 973 869 765 895 922 991 909 769 760 790 927 921 810 789 871 834 877 
18 801 787 845 808 999 923 813 956 971 944 949 917 901 930 756 862 998 887 
17 798 871 827 961 809 908 863 940 959 792 960 849 820 769 976 801 818 
18 989 905 896 898 851 798 831 925 820 860 885 986 835 772 960 944 917 985 
16 938 870 989 787 868 827 918 955 876 921 760 873 810 990 755 812 
19 753 830 754 785 949 820 778 879 880 856 979 913 751 959 965 938 919 969 875 
18 862 889 919 920 976 944 802 786 953 933 859 875 942 794 932 915 793 769 
20 772 882 907 812 849 888 957 834 959 912 969 841 871 861 901 935 833 838 964 864 
17 901 814 828 850 769 811 843 800 799 842 871 836 985 942 784 937 933 
18 845 950 814 769 795 852 962 988 891 872 959 863 921 773 941 767 970 858 
17 818 869 854 929 944 901 963 986 767 757 810 783 772 777 962 956 953 
19 956 755 901 807 946 815 818 778 857 972 895 863 829 939 769 871 910 777 795 
18 879 756 813 871 811 802 966 854 917 764 806 987 946 945 895 950 785 892 
20 912 954 793 792 781 763 754 919 970 829 844 964 987 918 1000 807 814 932 935 830 
19 874 924 917 766 784 958 989 756 816 752 887 883 821 907 906 828 801 908 847 
19 799 895 949 939 756 868 913 764 924 777 957 927 807 878 820 968 877 832 946 
17 979 954 826 767 874 782 932 959 750 753 868 960 961 933 901 834 819 
18 959 786 801 992 811 781 964 981 819 865 782 800 888 799 837 961 768 977 
19 806 905 866 937 850 757 828 787 764 762 888 827 798 946 790 872 876 873 956 
18 989 829 756 910 792 770 826 784 759 976 926 813 805 899 939 901 993 892 
20 982 957 896 887 766 880 916 932 997 865 866 919 818 757 820 825 802 815 881 904 
17 784 762 783 971 968 825 824 929 760 833 862 931 866 801 826 821 996 
19 907 874 899 985 753 876 846 878 783 797 944 954 839 964 980 905 866 991 924 
16 977 761 970 961 930 947 914 929 867 857 956 985 832 959 769 855 
20 920 765 801 807 982 975 849 850 904 934 766 783 866 926 890 823 860 832 833 794 
18 758 834 872 949 866 874 925 773 753 779 789 771 793 766 900 982 960 978 
19 877 909 855 874 888 799 930 995 936 795 821 969 902 924 866 798 883 802 756 
18 998 829 931 967 917 858 913 809 784 794 934 973 910 766 820 837 886 927 
18 987 832 967 882 809 816 885 847 897 972 927 908 981 929 936 883 752 900 
19 756 801 948 899 934 830 879 897 791 955 891 768 923 927 958 799 811 970 928 
20 805 847 947 986 788 925 917 974 969 802 931 834 813 877 971 922 890 827 898 764 
18 825 937 776 912 821 796 881 924 919 803 910 855 874 933 897 936 838 775 
18 961 954 841 930 924 931 850 875 853 900 777 845 966 941 836 832 761 796 
17 940 765 773 876 986 809 832 786 955 810 861 758 775 788 859 897 969 
18 939 961 838 789 851 791 869 839 891 762 870 864 821 844 805 877 842 963 
18 844 941 773 919 824 762 830 828 807 751 880 900 802 871 953 936 829 980 
19 929 924 872 925 760 966 892 855 977 807 944 984 952 996 828 909 838 948 928 
18 768 964 901 789 790 752 969 926 866 770 961 945 755 894 788 792 984 923 
19 897 961 767 846 988 900 939 804 750 788 806 978 763 770 885 765 929 792 892 
17 801 834 986 822 750 911 936 804 966 861 851 823 753 918 972 837 938 
16 954 758 802 956 917 893 941 963 884 799 756 894 909 767 840 800 
19 751 995 861 763 988 986 834 914 945 824 991 798 898 783 871 956 782 978 979 
18 858 985 819 916 974 938 902 851 763 986 772 833 984 955 900 893 880 829 
19 987 977 932 926 859 976 824 945 781 853 780 773 897 988 1000 968 949 879 829 
18 827 782 850 871 755 946 849 785 848 777 926 903 892 834 924 884 979 951 
17 992 877 892 997 989 856 768 873 753 843 785 947 832 993 929 999 870 
18 772 999 902 944 897 967 782 952 776 994 979 809 946 839 816 821 950 858 
18 836 853 968 873 804 781 879 826 902 927 831 759 901 888 866 821 957 944 
17 982 838 755 979 806 974 843 778 911 959 866 852 942 855 999 938 840 
19 795 858 847 768 883 964 948 893 823 970 969 976 924 959 947 885 911 816 829 
16 969 785 822 867 801 777 977 833 765 838 958 983 920 863 907 980 
20 756 944 858 851 870 859 817 942 809 940 769 876 904 926 855 849 914 805 958 783 
18 966 890 755 855 993 955 881 810 957 943 958 978 905 835 893 807 836 870 
20 816 929 775 916 839 764 853 820 938 768 958 821 759 834 898 920 750 824 968 792 
19 793 862 799 877 856 994 951 826 947 979 969 987 816 941 790 916 932 842 787 
18 841 976 891 866 878 941 792 804 812 970 871 832 937 755 868 799 966 757 
18 753 800 964 947 951 910 930 776 805 909 897 774 861 990 837 969 771 766 
19 905 987 782 764 849 898 780 972 815 915 999 921 855 814 908 927 934 773 796 
18 919 923 891 975 931 805 802 762 890 842 800 770 984 809 922 924 926 869 
20 941 877 814 917 932 752 906 947 770 756 883 841 961 933 817 923 772 824 758 975 
19 763 781 862 922 970 984 795 754 810 972 859 942 768 998 851 888 915 785 793 
20 986 958 980 955 813 926 875 940 935 776 796 880 827 822 982 888 828 915 984 795 
19 908 754 795 958 930 755 933 869 810 884 929 953 920 905 814 781 963 980 792 
17 952 793 999 976 802 786 822 766 906 896 762 853 893 878 904 795 895 
19 843 797 998 938 754 986 784 816 921 977 889 910 989 988 962 854 847 782 997 
20 861 798 879 807 883 809 816 904 773 803 768 817 806 797 873 804 790 968 934 763 
18 902 858 799 964 977 859 753 957 968 752 914 834 933 751 880 972 971 945 
20 769 809 995 875 823 872 854 863 877 760 757 870 997 960 778 815 937 898 867 946 
18 807 955 848 904 881 972 985 909 914 786 966 796 1000 927 882 833 962 969 
17 946 889 982 940 823 869 977 990 911 925 976 766 761 985 802 793 958 
20 924 789 788 989 885 925 948 979 906 779 798 907 959 931 958 806 785 872 823 955 
19 838 888 968 824 865 920 943 751 772 994 931 984 872 767 979 880 944 881 923 
20 829 860 964 838 915 865 807 880 837 782 935 895 954 769 819 861 843 931 878 917 
19 954 766 941 916 956 861 992 869 921 821 828 925 811 755 896 928 856 810 813 
20 953 756 862 976 894 912 865 884 993 924 827 934 798 983 929 846 806 968 851 840 
19 999 990 889 855 879 765 807 840 791 801 773 854 797 877 950 868 928 777 968 
19 966 884 897 800 945 905 791 844 928 833 770 885 896 774 753 786 871 940 952 
17 905 960 931 915 771 975 875 793 817 939 897 869 831 964 850 904 781 
20 864 943 913 878 995 954 928 895 960 947 817 956 837 852 884 773 927 870 802 764 
18 876 899 797 955 856 920 808 795 846 864 992 783 766 815 761 948 889 758 
20 953 880 926 984 778 962 763 834 865 939 769 765 924 912 795 923 933 775 863 936 
19 787 924 969 884 802 867 876 900 976 897 863 783 871 996 826 852 764 772 856 
20 930 848 952 938 790 856 918 991 906 950 816 992 791 756 923 914 782 831 928 946 
18 763 980 950 780 989 910 823 766 843 915 886 775 889 918 938 801 946 882 
18 994 872 910 857 973 803 751 785 821 956 984 908 839 965 767 768 811 807 
19 843 835 790 926 816 979 899 934 809 784 929 879 801 913 877 820 958 890 859 
17 759 817 961 884 881 935 771 802 833 875 781 896 964 815 813 888 762 
20 797 938 894 990 829 802 856 794 886 836 908 753 799 931 843 984 846 920 942 855 
19 813 809 988 903 995 803 835 864 970 836 818 862 992 861 769 967 793 771 945 
20 846 1000 778 798 926 765 871 956 978 968 775 783 796 998 983 963 920 828 831 994 
18 839 921 804 896 761 780 840 820 782 774 895 880 891 884 924 862 902 871 
18 841 806 803 983 787 885 809 935 874 889 969 982 894 948 924 883 876 854 
19 891 915 961 904 841 758 801 767 882 802 933 968 754 886 781 826 769 772 927 
16 784 829 914 986 866 830 984 938 949 980 858 762 943 875 995 881 
19 929 982 991 994 939 919 966 877 752 967 931 969 928 791 871 999 976 948 993 
19 961 787 823 908 933 861 802 753 765 821 869 958 852 863 775 786 897 883 832 
18 946 880 936 959 864 908 773 924 966 991 870 828 794 889 850 845 862 926 
18 750 953 956 879 937 941 872 849 882 931 910 957 770 984 820 993 1000 806 
19 825 879 910 945 792 813 874 968 946 909 967 764 790 753 868 846 923 895 989 
18 832 968 781 995 973 941 998 882 854 925 901 983 886 787 918 791 795 979 
19 759 984 998 969 903 873 1000 811 846 867 813 765 859 958 945 930 865 857 894 
19 791 908 859 767 878 910 955 837 777 835 826 784 894 822 876 840 852 834 838 
20 823 752 805 992 822 905 959 848 912 882 826 888 961 863 917 857 770 927 909 915 
18 762 964 773 984 893 954 846 834 784 953 810 973 951 975 757 891 910 940 
17 753 798 823 794 970 855 917 879 983 936 905 832 786 827 781 815 995 
18 902 833 816 762 832 803 866 896 846 808 885 981 991 917 910 854 842 904 
19 953 915 879 929 917 801 977 927 924 959 773 956 872 768 955 916 883 797 950 
19 948 755 872 893 933 836 809 760 816 789 850 757 961 970 979 904 794 892 956 
17 892 822 832 947 874 927 933 849 898 796 969 852 932 834 904 894 973 
19 906 862 957 759 835 942 859 809 854 842 815 892 990 967 787 984 989 979 775 
20 944 893 946 951 914 956 966 961 867 788 764 770 837 920 908 802 892 982 857 957 
20 833 999 960 970 890 771 761 844 873 766 895 989 831 956 928 874 822 751 754 926 
17 786 843 882 870 762 880 931 806 833 872 864 932 906 812 826 759 858 
18 787 871 946 907 870 886 961 894 917 817 808 991 990 752 924 828 875 830 
17 875 869 908 751 952 996 957 890 847 760 924 755 883 797 920 970 929 
19 809 994 888 979 837 917 858 835 912 964 781 884 990 934 788 930 779 890 762 
18 750 762 901 781 835 857 908 879 955 855 938 891 951 754 919 920 766 961 
17 866 765 773 799 944 812 894 893 890 952 909 881 781 844 927 807 995 
17 844 904 751 905 876 988 960 998 851 872 760 868 881 943 772 958 824 
17 920 764 929 755 865 958 908 867 772 954 800 790 793 846 967 923 837 
18 978 756 844 831 750 798 964 835 927 800 988 900 892 811 952 937 799 778 
20 966 921 944 780 858 898 964 879 773 924 848 769 990 818 887 750 834 935 940 792 
18 842 891 875 862 812 972 952 892 971 819 830 817 935 755 969 983 809 890 
17 769 814 946 880 903 962 767 751 970 815 778 931 917 768 753 889 841 
19 878 950 792 865 860 831 771 925 968 859 998 877 903 779 750 767 814 990 787 
19 790 867 876 956 873 858 850 905 799 832 788 857 977 988 989 774 889 824 819 
19 975 858 784 877 798 920 944 800 885 957 927 921 983 764 966 787 949 878 841 
17 880 822 952 934 963 864 908 884 916 848 776 896 833 871 828 983 793 
18 927 785 943 805 975 857 896 907 845 894 775 794 848 942 908 757 784 867 
19 869 952 964 764 961 757 929 977 966 836 864 975 959 860 910 778 987 818 913 
18 931 932 987 846 960 805 906 807 947 936 994 851 818 789 867 949 894 887 
18 947 881 967 966 872 828 923 783 1000 830 823 887 957 889 986 813 950 934 
17 835 983 829 810 972 932 865 944 760 785 941 980 812 969 753 839 805 
17 803 905 985 826 883 864 910 837 947 829 923 804 889 920 786 981 836 
18 837 988 785 845 930 891 770 787 981 937 776 783 867 799 798 921 968 928 
19 900 929 874 930 805 940 986 858 964 815 913 791 785 846 843 898 827 966 829 
20 937 945 959 844 752 911 885 756 941 957 917 997 760 855 881 998 962 848 913 898 
19 824 942 776 816 821 971 935 802 753 927 786 768 918 932 910 986 937 854 992 
18 843 813 759 763 949 773 870 950 839 864 784 936 857 810 781 989 849 883 
18 854 986 821 946 909 955 927 878 917 750 833 891 760 815 984 926 865 985 
17 880 935 982 764 930 792 859 970 997 976 980 815 877 942 956 907 914 
17 956 960 830 762 993 768 972 850 760 887 872 928 781 974 840 953 947 
20 893 786 803 933 978 841 780 817 908 936 879 858 949 756 758 802 935 875 798 779 
18 928 949 802 763 874 998 946 980 923 892 921 972 775 966 827 967 962 910 
19 875 900 763 892 914 928 899 760 815 837 791 788 845 755 940 972 893 857 828 
18 759 822 937 866 832 933 869 893 965 910 814 799 923 906 877 992 847 770 
17 798 904 991 770 792 838 841 868 899 767 789 947 976 842 835 763 981 
19 822 888 966 903 987 895 852 952 959 812 990 978 981 968 754 956 798 836 923 
18 839 813 973 898 794 897 994 841 902 795 940 858 987 758 864 877 986 806 
18 920 821 973 978 961 791 913 950 989 759 786 885 901 937 969 912 883 764 
16 928 880 934 942 862 827 817 819 780 977 878 973 892 774 924 777 
18 753 848 849 788 792 764 883 988 771 841 774 854 815 941 777 850 884 782 
20 952 785 895 923 893 837 898 817 997 885 985 932 971 954 983 924 996 881 872 828 
20 779 840 956 980 901 945 893 845 959 928 774 976 897 985 867 916 882 777 766 827 
17 889 948 956 786 951 830 893 767 896 855 999 970 899 925 756 766 806 
18 822 975 992 841 872 809 973 867 782 807 875 818 860 795 828 988 950 932 
18 829 963 968 902 932 775 919 871 855 847 904 762 947 981 952 956 879 910 
18 803 771 828 975 938 882 917 811 842 767 973 940 904 778 923 966 776 972 
18 784 891 994 882 853 946 757 916 857 870 791 954 912 905 910 991 893 797 
19 901 935 983 868 900 827 756 818 751 857 896 755 844 783 787 934 948 770 903 
18 1000 946 829 996 977 951 921 919 791 884 803 754 917 764 853 812 909 751 
18 943 763 795 953 919 876 820 840 903 868 966 798 920 806 781 993 879 782 
20 832 867 880 918 855 908 914 843 939 870 822 984 945 909 794 823 973 830 935 775 
19 989 957 937 945 920 855 993 800 953 762 981 887 810 847 840 928 939 896 809 
19 959 841 777 880 927 792 966 771 883 990 945 915 757 918 890 919 974 821 981 
18 991 794 947 779 837 761 936 920 876 889 850 923 937 815 969 818 788 877 
18 988 797 777 843 945 888 978 813 906 932 937 855 969 767 790 871 980 779 
20 830 915 879 944 835 810 933 992 891 808 750 950 900 985 831 762 939 949 889 872 
17 868 967 892 756 969 869 938 883 823 910 765 841 793 772 955 911 891 
17 944 865 758 931 954 760 999 793 778 831 799 879 835 782 883 801 946 
17 765 925 797 883 805 962 979 879 775 907 864 789 949 776 998 812 869 
18 888 813 829 828 854 798 777 987 894 996 903 912 860 886 868 904 866 944 
19 924 899 861 849 966 751 987 888 788 992 843 779 991 850 838 981 823 821 869 
18 1000 814 803 905 910 985 959 993 918 999 778 900 800 887 804 844 878 937 
18 954 984 922 781 946 905 821 871 799 832 959 849 797 874 961 910 992 895 
17 977 979 971 976 772 905 862 929 984 967 947 904 815 873 881 923 928 
18 913 973 988 775 996 796 805 759 912 844 890 969 859 754 901 834 795 982 
18 808 935 773 794 759 919 914 886 881 958 957 862 792 917 844 993 963 943 
19 918 770 802 796 826 858 957 994 803 865 966 984 870 892 855 764 845 782 989 
19 934 778 781 927 897 860 789 816 767 842 917 925 985 835 974 857 777 889 885 
18 908 854 943 949 769 867 876 768 969 985 760 794 934 882 827 772 942 816 
19 908 839 756 999 784 972 754 751 936 889 962 809 834 899 969 880 768 919 820 
19 982 986 911 944 770 972 917 845 900 918 1000 913 860 875 825 851 959 930 852 
17 963 948 985 753 950 845 780 946 771 803 855 816 991 797 844 781 931 
20 985 878 814 916 925 899 979 832 920 966 803 972 919 826 940 886 993 931 938 955 
17 802 997 824 899 758 854 904 916 775 948 847 873 898 994 789 913 756 
18 926 784 764 765 836 800 894 967 777 853 962 885 752 882 995 921 834 903 
20 862 796 983 964 930 782 889 827 863 895 925 877 839 828 812 887 872 988 901 945 
18 758 873 768 753 864 935 783 985 995 837 899 917 877 919 793 791 865 939 
20 842 771 804 884 883 877 822 856 986 850 930 998 764 752 962 786 755 823 765 795 
18 781 759 998 808 807 934 915 784 889 767 904 818 990 896 873 925 804 921 
19 770 857 780 873 916 910 751 894 974 858 772 921 952 791 999 840 989 908 774 
17 807 937 855 957 973 910 803 951 912 903 897 867 985 794 828 946 813 
18 830 975 870 831 963 858 996 866 932 933 913 907 989 777 798 832 854 807 
17 838 844 917 775 813 960 773 919 875 947 990 978 848 780 816 974 853 
17 794 892 802 849 855 864 838 997 750 895 775 812 768 993 754 966 799 
18 786 919 791 926 948 812 852 796 896 946 904 826 825 912 995 937 816 877 
18 804 769 887 900 878 993 955 941 792 819 788 844 921 816 762 995 755 915 
20 886 982 772 808 949 950 995 763 943 868 837 941 810 946 832 895 891 856 800 774 
17 886 820 848 970 887 818 826 835 774 776 846 840 909 917 997 768 992 
17 760 805 988 763 916 931 946 972 962 899 924 953 827 892 797 885 839 
18 917 922 952 1000 872 762 924 860 778 810 923 842 884 859 797 878 889 951 
18 872 963 912 891 767 819 848 757 957 983 971 751 934 973 847 878 808 830 
17 951 861 785 920 828 912 804 860 817 791 978 939 831 751 778 849 856 
19 763 795 803 966 844 994 918 899 754 813 945 866 987 829 944 990 932 941 998 
17 889 836 891 825 768 781 802 769 831 944 824 927 926 751 999 848 977 
20 799 788 874 795 805 849 876 914 953 870 869 970 934 991 930 847 815 820 878 751 
17 941 842 923 895 874 828 985 804 886 938 994 876 793 775 762 844 779 
20 883 938 808 755 989 951 908 916 792 875 863 904 752 999 981 957 842 932 754 876 
16 853 868 781 818 960 757 948 1000 843 808 926 816 824 832 900 840 
18 838 928 884 875 825 958 916 827 954 888 873 930 990 776 968 1000 877 779 
20 929 751 996 882 949 956 870 757 875 766 865 772 998 793 848 760 891 867 982 789 
19 946 899 773 959 954 963 835 769 818 981 884 807 754 788 811 955 912 974 968 
18 915 947 928 957 770 825 936 827 851 967 987 769 988 817 800 930 856 979 
17 833 944 784 757 961 788 934 799 836 896 827 879 813 858 798 941 851 
19 780 900 796 778 942 899 976 884 802 781 964 823 766 821 948 875 891 827 995 
18 814 988 756 997 822 812 834 979 750 802 991 847 879 790 773 931 817 902 
19 869 987 793 968 760 831 998 889 965 804 759 921 914 899 750 842 967 871 846 
17 819 755 840 949 932 766 874 904 825 878 907 798 924 872 957 869 892 
17 928 753 963 969 957 1000 900 770 905 798 862 819 951 987 804 983 991 
17 902 946 983 894 850 758 802 972 989 854 965 931 997 759 917 820 761 
20 765 859 833 898 836 850 919 871 813 890 975 943 827 947 985 899 987 948 804 900 
18 946 996 809 913 840 862 994 798 805 917 898 864 960 790 894 979 817 760 
20 922 902 874 994 787 897 934 943 953 951 832 848 779 863 875 887 890 882 854 919 
19 797 983 859 844 916 771 976 802 863 915 801 894 886 979 910 850 917 751 772 
18 863 920 815 937 842 760 928 889 757 797 779 783 814 945 956 972 826 821 
18 790 803 895 973 950 846 817 903 780 926 927 997 975 792 988 892 765 764 
18 807 938 962 987 750 959 955 968 999 772 835 922 973 933 974 820 849 995 
19 866 869 926 1000 778 841 868 951 985 940 936 970 807 854 937 771 918 879 990 
18 873 877 970 875 863 982 923 826 874 960 820 805 762 854 981 922 967 861 
18 876 839 788 864 981 881 957 792 922 913 960 750 752 844 816 921 755 897 
18 759 828 862 897 902 820 844 873 840 769 788 976 818 990 939 914 822 843 
17 933 868 832 862 975 864 869 833 941 870 977 754 845 846 905 841 814 
20 797 864 801 988 978 844 930 887 940 891 975 769 760 879 823 759 767 870 860 970 
19 909 948 961 942 989 941 871 944 894 802 907 752 958 861 790 950 888 925 751 
19 888 884 970 987 976 933 942 753 921 894 751 769 799 828 952 967 827 910 966 
17 980 976 816 987 828 931 897 803 985 750 935 912 947 836 846 850 793 
19 841 855 921 853 788 981 885 880 778 862 976 823 988 838 938 787 982 947 909 
19 851 995 821 811 836 932 986 958 776 968 900 983 916 988 884 940 887 765 961 
16 958 785 963 924 833 778 768 895 960 934 984 794 786 849 982 993 
18 760 838 990 809 759 762 757 869 826 855 850 926 870 814 825 901 880 980 
18 777 854 821 801 803 996 860 902 864 895 867 937 786 837 967 818 979 779 
19 950 941 759 846 821 975 966 923 985 949 847 952 996 827 934 823 924 979 928 
17 811 922 988 831 798 993 830 909 876 899 889 956 862 751 759 866 970 
18 935 964 933 834 829 914 962 817 807 830 915 811 884 795 823 788 785 861 
18 896 901 913 761 866 785 858 902 780 909 907 775 943 797 987 796 916 976 
18 997 819 846 930 852 814 876 912 909 897 806 863 831 751 894 841 999 815 
18 970 946 982 771 801 930 879 949 914 774 947 959 855 848 883 996 783 874 
19 953 857 914 952 944 896 775 752 767 880 770 832 975 900 766 810 976 938 942 
17 874 910 872 998 784 985 901 862 870 779 781 950 796 869 751 956 755 
17 881 761 992 852 764 984 956 811 954 988 963 915 948 795 924 786 751 
19 887 850 756 806 870 987 830 751 893 975 984 864 852 992 965 871 837 974 831 
18 781 792 896 876 918 759 917 932 755 849 843 775 982 765 971 973 793 988 
20 898 754 989 797 834 876 839 991 887 919 774 949 792 795 927 861 983 877 933 817 
20 997 999 962 784 772 825 883 774 860 759 974 919 955 773 876 888 797 918 808 787 
17 825 932 978 777 921 823 846 810 969 951 894 892 819 835 771 880 942 
19 918 833 998 879 985 905 760 798 939 799 826 916 909 777 983 865 772 907 796 
17 846 831 987 767 886 812 988 821 794 958 854 845 842 871 961 848 856 
18 900 943 963 782 939 804 952 808 881 916 846 940 821 824 831 962 776 836 
17 1000 839 985 925 807 764 952 963 908 982 770 845 892 808 998 823 960 
19 963 925 975 904 824 795 882 995 895 949 863 888 889 989 801 986 929 862 823 
19 975 843 787 953 780 984 941 783 938 973 915 845 824 847 980 997 896 854 976 
18 790 787 808 883 828 959 978 752 879 822 923 924 894 797 930 864 863 926 
20 751 908 976 904 998 942 949 769 803 856 837 909 877 865 980 940 836 919 798 779 
18 857 858 912 852 895 946 939 794 972 945 915 799 840 961 866 846 948 962 
18 809 827 878 866 907 761 854 903 859 934 803 895 818 764 999 798 900 929 
19 798 963 771 843 903 888 795 920 942 825 777 875 965 960 996 990 776 799 753 
19 933 780 770 953 767 981 879 969 889 832 875 753 975 848 952 843 863 921 865 
19 873 928 806 926 864 978 762 979 990 998 755 986 913 980 955 841 959 854 953 
20 823 983 847 883 829 825 965 842 892 764 922 970 864 759 911 863 932 978 879 890 
19 809 951 860 996 845 937 873 979 776 917 876 794 821 907 751 750 799 913 870 
17 906 809 994 788 768 829 877 806 839 918 817 856 841 895 762 991 854 
19 753 874 794 951 994 919 795 777 960 983 879 763 990 947 756 819 906 788 946 
18 831 920 931 937 906 862 919 829 994 876 872 989 959 910 979 962 820 878 
17 767 889 959 935 775 910 948 855 914 822 999 996 932 868 786 778 856 
19 851 816 762 834 957 924 791 921 887 774 817 953 841 969 961 916 823 796 777 
19 908 885 766 917 814 884 923 980 952 992 837 876 795 907 784 770 906 983 805 
17 992 965 799 817 975 972 826 835 885 850 962 959 825 978 982 782 970 
18 772 776 865 884 964 816 909 928 819 855 818 831 867 755 803 993 979 866 
17 888 949 895 965 845 961 804 930 862 894 902 810 794 960 855 842 818 
20 922 974 772 872 926 960 764 803 893 885 895 950 799 986 765 897 918 841 806 780 
19 759 784 858 923 990 873 927 899 766 979 892 968 969 827 868 761 932 883 859 
18 814 945 862 825 914 751 835 992 923 934 764 761 874 822 794 953 842 904 
17 884 994 825 993 882 963 944 932 997 980 759 869 939 871 783 809 775 
17 859 775 864 804 975 926 993 885 946 963 911 799 987 800 773 767 768 
17 832 870 991 877 939 962 838 767 979 789 874 810 788 783 967 786 852 
17 962 828 905 906 924 851 816 957 943 895 877 782 902 849 785 921 780 
18 849 989 821 897 797 954 894 781 905 784 880 948 785 808 941 917 995 940 
19 986 928 865 875 863 776 955 888 991 827 831 975 899 916 816 794 878 988 949 
18 893 933 842 976 777 1000 832 850 846 803 929 808 790 800 884 780 886 981 
18 904 893 942 880 968 777 959 796 869 944 848 827 780 883 801 887 910 895 
20 805 918 987 935 799 836 910 928 785 926 857 880 908 939 916 827 863 883 804 854 
20 976 918 938 802 862 933 760 967 773 869 971 754 791 924 954 884 913 839 887 882 
17 954 964 880 758 975 972 946 817 804 760 755 848 824 908 909 955 938 
20 810 881 816 917 975 976 963 762 866 912 855 935 886 770 915 932 884 843 941 773 
20 922 896 826 960 986 936 842 790 781 998 1000 910 864 857 923 839 993 967 860 988 
20 885 856 909 963 883 894 912 985 975 967 818 873 983 849 943 946 810 903 799 787 
20 857 750 959 757 821 882 786 987 842 994 863 918 989 949 764 843 831 942 784 813 
20 913 879 825 981 764 959 895 793 951 791 872 834 822 787 946 961 970 766 802 757 
17 923 818 798 763 987 842 930 797 867 751 955 905 926 759 783 916 946 
18 785 920 901 904 997 900 764 812 768 881 791 814 790 852 977 986 930 973 
20 768 894 905 937 941 827 865 912 855 860 854 784 997 780 902 864 927 799 999 872 
20 851 943 972 905 804 812 829 988 825 770 886 795 798 971 959 823 840 996 916 801 
19 812 939 888 863 838 987 836 808 972 944 882 937 982 913 773 926 981 768 941 
19 754 785 960 959 838 783 750 1000 774 787 772 778 886 841 811 947 901 860 789 
18 852 883 809 952 975 841 922 868 962 770 855 767 929 863 766 899 970 772 
18 906 765 763 887 812 780 752 782 964 821 802 979 786 817 901 996 936 794 
19 848 897 890 935 857 865 862 904 831 751 930 995 782 807 835 929 920 763 798 
18 916 803 795 924 774 995 778 830 929 783 975 770 775 802 911 993 866 888 
17 917 863 945 894 927 921 778 903 922 755 896 860 801 899 838 991 787 
19 945 779 811 828 818 809 834 770 882 780 923 929 964 962 814 781 847 783 897 
20 889 785 915 926 974 996 838 867 754 863 953 954 928 792 773 789 786 991 952 946 
17 966 910 990 813 911 778 789 752 893 898 923 873 861 886 947 763 826 
18 868 963 956 994 757 959 803 972 811 818 888 876 954 817 834 750 936 838 
17 995 754 967 920 853 963 813 788 790 954 819 835 863 957 801 762 846 
18 792 804 781 754 776 921 763 918 868 995 777 974 971 912 954 816 910 973 
20 958 900 849 848 891 963 768 793 844 807 840 941 762 855 828 773 940 810 983 975 
19 978 866 970 927 976 964 873 983 847 865 977 924 931 773 887 891 937 850 809 
17 772 904 917 843 986 779 975 894 922 867 756 864 915 931 932 795 879 
17 919 877 876 984 815 944 857 888 945 835 896 786 862 911 836 958 973 
20 896 841 888 803 911 877 800 875 932 751 853 754 770 879 936 755 828 884 838 993 
18 847 880 957 967 778 899 834 849 924 935 837 819 917 862 995 920 987 929 
20 768 943 933 907 950 941 828 812 959 787 965 967 947 883 901 756 864 975 980 913 
20 905 946 988 865 794 818 844 957 869 899 845 997 949 846 792 955 940 815 950 945 
19 846 810 879 954 967 795 869 773 1000 974 966 970 975 992 805 951 789 937 820 
18 952 925 865 903 854 815 856 802 808 927 960 773 810 855 926 763 816 783 
18 928 810 995 998 852 774 908 825 844 912 886 973 985 848 757 861 891 953 
18 884 905 786 768 799 755 919 952 897 996 949 924 867 791 845 934 978 817 
19 960 800 943 990 902 789 876 891 936 950 913 837 971 883 821 803 841 794 846 
17 824 783 898 795 965 843 784 987 963 753 822 969 844 776 999 910 997 
19 942 912 883 896 946 813 930 775 852 878 980 807 882 958 797 974 994 824 771 
19 890 767 895 781 912 957 984 989 765 763 778 902 940 886 831 896 828 926 871 
17 920 901 873 854 900 774 807 835 804 853 965 910 926 767 883 913 830 
20 780 865 994 864 783 868 869 752 952 805 810 758 991 900 870 848 797 902 872 835 
20 820 807 789 806 892 795 943 879 989 750 865 956 925 963 992 883 981 921 983 787 
18 820 770 954 947 915 768 841 790 865 795 901 839 821 818 986 874 994 996 
19 838 831 870 871 796 851 933 898 973 841 773 916 947 901 839 982 791 926 984 
20 750 938 970 951 974 972 954 997 893 944 812 793 798 887 965 783 838 809 847 903 
17 853 907 964 758 936 846 955 968 996 857 972 855 926 792 804 832 816 
19 823 832 829 996 984 754 810 791 881 872 954 953 855 999 811 779 869 989 963 
17 820 860 894 901 961 800 877 783 824 813 875 992 841 832 761 942 891 
19 978 777 922 750 854 766 791 751 952 829 994 835 921 964 769 851 790 874 758 
19 852 843 752 944 863 992 881 753 928 919 814 915 985 836 793 850 802 780 975 
19 765 762 788 982 909 886 822 873 999 823 781 775 859 959 750 899 962 861 969 
16 950 931 847 936 959 938 958 795 939 965 905 887 989 825 870 791 
19 986 960 768 886 932 914 866 860 957 843 841 995 852 962 898 837 934 940 839 
20 827 995 894 920 957 816 760 972 834 759 779 948 940 761 830 804 771 942 819 873 
18 769 965 835 972 984 767 856 791 753 844 815 954 858 895 842 826 849 859 
18 819 855 982 993 957 972 882 763 816 750 947 873 782 953 997 761 865 837 
19 910 815 812 956 761 806 845 900 866 901 842 979 925 989 871 947 859 781 829 
20 891 868 980 772 762 803 886 955 987 751 837 776 884 929 970 764 855 890 991 784 
20 902 885 914 858 789 964 845 851 784 827 772 817 859 825 860 904 887 892 957 985 
16 755 949 824 800 764 769 865 879 796 759 859 803 885 907 886 815 
19 931 970 824 817 802 785 830 937 885 828 762 903 881 880 800 827 994 835 777 
17 982 753 986 821 945 988 838 995 999 791 968 833 848 890 867 781 790 
20 873 758 956 987 757 883 893 970 983 967 993 953 969 957 828 903 866 925 848 958 
17 828 761 901 763 804 947 904 766 962 941 897 995 925 817 997 965 889 
17 823 884 996 798 988 940 950 908 782 926 774 932 896 989 761 860 915 
18 887 995 890 769 925 784 919 881 889 817 959 935 776 846 991 945 917 909 
18 931 777 835 964 753 790 919 793 967 860 823 900 911 901 946 839 992 764 
19 979 944 972 770 977 861 982 832 910 883 836 907 954 988 750 771 905 797 992 
20 890 969 769 1000 956 945 986 938 922 889 920 977 973 773 831 767 903 818 842 995 
16 970 768 821 846 827 908 949 972 793 877 999 762 996 780 954 883 
19 921 937 930 927 990 773 880 966 803 838 771 867 980 849 931 781 935 783 865 
17 802 982 797 904 760 853 783 884 867 781 937 890 767 771 830 839 949 
17 946 967 814 761 775 773 866 932 887 966 891 886 855 909 771 839 781 
19 846 813 792 977 843 777 893 774 782 890 878 848 750 829 975 934 856 776 816 
18 837 755 798 796 780 922 795 850 963 806 783 958 896 789 794 826 923 765 
16 851 842 966 954 820 781 772 836 811 790 808 869 947 848 796 863 
17 901 982 818 827 1000 883 910 900 933 892 774 926 986 882 781 785 921 
20 759 778 910 927 836 935 979 786 769 755 905 949 856 901 985 789 895 925 981 915 
18 846 863 806 980 790 970 835 856 878 897 962 971 901 961 892 829 968 937 
17 904 750 799 929 806 821 963 815 822 942 779 785 1000 816 753 911 918 
20 910 981 883 853 998 979 788 783 849 988 836 914 759 758 925 972 958 863 782 878 
18 956 757 819 843 895 775 793 883 754 989 923 837 902 827 944 828 874 897 
20 954 841 917 786 835 920 817 756 974 932 912 757 966 891 946 865 766 849 878 945 
19 754 879 949 822 839 925 975 817 934 943 869 751 891 940 818 795 989 926 778 
20 810 864 967 936 753 840 925 995 949 822 955 847 939 802 969 902 855 987 844 957 
19 883 958 975 915 800 789 875 863 852 963 782 870 812 935 901 872 916 984 823 
18 929 829 855 919 951 908 889 866 914 946 801 973 925 897 883 788 862 875 
17 806 977 849 905 809 943 823 777 763 911 984 909 885 807 950 780 812 
17 757 847 858 911 800 811 829 815 988 990 974 999 944 1000 756 836 884 
18 875 946 853 753 858 818 868 1000 777 815 909 959 885 968 793 863 870 963 
19 756 768 752 931 953 829 862 786 791 982 893 958 826 762 761 814 981 903 812 
19 880 883 877 899 881 799 819 839 766 865 831 941 768 800 925 834 971 841 811 
17 810 795 792 980 863 940 809 888 922 910 885 998 909 777 923 786 985 
16 815 757 756 760 893 903 987 923 831 974 855 918 949 752 892 811 
17 899 757 992 802 828 858 965 991 797 885 867 790 872 924 912 871 995 
18 882 911 934 777 886 937 781 887 805 970 978 791 795 783 757 927 926 873 
20 957 789 880 777 835 854 817 847 800 997 936 940 756 757 897 994 825 761 826 784 
19 912 884 916 971 985 914 958 818 894 895 892 827 918 781 908 876 875 976 800 
20 894 843 974 791 831 992 769 757 787 912 989 806 840 901 850 968 908 858 882 993 
19 858 817 864 818 855 824 968 753 848 984 919 789 866 932 829 954 921 752 873 
17 876 871 802 872 818 840 860 765 966 803 796 756 920 833 940 793 790 
19 936 803 867 760 982 824 895 894 943 771 997 794 844 757 892 876 948 960 945 
18 915 946 921 817 993 873 853 800 987 972 770 858 865 843 898 867 829 996 
16 777 786 998 928 936 913 820 994 897 978 951 829 969 819 941 793 
18 802 857 842 991 951 805 999 862 767 913 887 942 940 916 907 808 826 797 
16 937 979 940 816 755 972 945 863 850 894 750 929 905 930 766 926 
19 933 821 885 750 973 920 886 873 842 841 954 786 989 853 890 858 845 919 901 
17 890 828 888 900 934 948 939 786 893 970 830 938 967 907 825 829 798 
18 974 903 767 875 936 978 910 771 829 837 994 775 965 798 807 866 881 905 
19 971 847 977 973 859 972 774 969 885 789 982 974 961 770 985 999 778 965 854 
19 786 918 913 833 884 997 986 962 904 957 989 836 817 765 834 850 945 1000 981 
18 855 828 829 984 896 934 862 810 964 753 958 772 944 811 766 797 813 900 
18 790 785 830 874 783 851 758 948 930 822 800 762 929 810 943 838 823 889 
18 995 977 990 834 817 781 966 916 861 837 903 773 873 787 989 958 888 795 
18 834 896 918 988 985 937 863 760 979 807 757 814 825 851 782 770 827 976 
19 812 962 842 998 972 932 914 802 861 908 987 870 867 969 935 876 999 820 955 
17 786 890 778 761 827 897 993 939 775 911 814 857 989 843 876 809 766 
19 825 847 856 875 998 828 831 755 988 776 922 805 864 919 785 961 944 879 818 
19 903 899 986 853 814 936 794 889 969 897 861 935 766 968 828 987 972 781 764 
17 945 965 855 999 898 996 943 966 818 919 840 787 844 843 970 836 873 
18 876 756 925 884 825 800 922 910 958 918 881 752 754 873 930 978 938 814 
19 931 923 943 983 982 874 865 825 988 999 756 802 751 998 864 856 840 782 986 
20 904 845 833 960 989 843 795 922 755 863 884 933 898 777 851 911 837 752 927 971 
18 797 792 793 959 905 815 942 997 928 809 899 886 882 851 862 849 759 764 
14 823 778 901 927 769 904 803 952 759 848 995 783 822 767 
18 943 972 895 892 887 858 929 890 827 759 805 828 793 850 785 826 863 900 
17 976 774 870 982 995 876 762 843 993 971 962 810 773 893 872 758 916 
18 944 828 817 865 876 987 905 948 958 965 963 999 789 765 868 750 836 911 
19 831 974 770 789 794 978 868 762 869 907 971 965 796 824 776 900 947 780 968 
17 937 822 891 950 895 885 759 887 841 831 782 930 812 804 908 753 750 
18 789 883 950 829 905 897 909 889 972 865 896 920 977 908 853 877 846 851 
19 923 896 982 790 895 977 964 908 916 968 978 995 798 843 974 986 807 928 761 
18 821 966 836 899 936 979 788 962 763 771 945 832 991 847 911 972 865 954 
19 897 932 815 945 865 828 943 968 763 982 903 916 875 987 905 973 971 977 979 
20 914 891 832 961 759 903 881 941 855 869 859 768 831 812 924 893 858 826 905 960 
18 802 823 804 964 951 798 793 915 856 756 850 862 779 827 844 971 897 968 
18 755 812 983 779 946 932 829 799 993 834 888 795 949 839 913 927 911 821 
18 801 870 942 841 988 874 894 771 996 788 797 951 845 826 757 787 799 830 
18 845 798 928 850 761 966 940 969 881 982 932 930 774 773 955 755 941 857 
19 796 871 776 869 781 973 765 864 995 755 879 836 974 875 913 928 932 917 785 
20 910 876 886 755 849 946 808 752 814 769 968 792 819 894 919 801 833 806 985 989 
20 897 767 864 954 810 970 879 958 819 899 917 940 918 995 771 790 770 780 885 823 
17 953 925 924 989 754 884 892 806 996 774 856 827 844 778 825 876 794 
20 841 865 896 885 993 810 1000 805 975 875 972 977 978 753 820 829 752 779 892 845 
17 877 759 866 949 812 950 923 786 817 789 861 753 823 964 946 881 967 
17 904 782 787 970 873 786 953 917 943 817 810 908 762 751 850 877 925 
18 895 890 886 768 835 789 948 848 879 815 795 821 916 957 940 959 953 991 
18 809 927 963 863 759 762 842 784 890 810 934 839 756 957 805 898 942 840 
20 875 914 983 797 850 865 984 823 967 833 827 960 917 972 993 884 902 796 765 873 
20 856 957 982 859 870 925 802 777 997 812 991 963 875 979 993 874 922 768 945 917 
20 902 986 926 870 760 780 897 869 751 834 910 943 987 983 978 979 953 920 867 800 
18 923 800 814 881 775 896 870 932 968 827 948 978 994 833 852 756 796 979 
18 986 831 883 928 767 921 937 851 824 881 889 960 783 869 754 982 970 904 
17 980 901 751 774 816 946 771 775 827 939 819 824 932 853 809 984 928 
18 917 931 776 841 952 883 998 930 948 924 808 789 938 909 817 805 820 947 
20 754 897 759 790 801 840 938 788 765 993 775 958 900 955 962 921 812 917 916 830 
20 843 993 996 901 796 879 969 753 931 774 895 958 990 872 953 756 813 828 937 884 
19 928 854 857 821 812 976 824 792 991 869 890 757 840 970 975 750 953 862 899 
16 860 821 758 807 952 873 886 935 975 892 895 819 855 998 914 1000 
16 791 781 902 991 797 845 1000 834 897 786 933 778 814 769 879 880 
17 928 912 989 779 868 792 839 862 896 844 930 866 787 973 984 864 886 
16 818 785 782 754 853 945 968 757 800 766 953 869 997 759 910 917 
19 790 878 991 806 943 850 980 916 928 862 876 986 782 952 810 938 940 846 798 
18 988 836 913 884 857 898 873 869 927 811 773 876 947 942 883 903 859 752 
20 821 775 980 960 918 846 788 871 972 833 865 765 889 985 787 819 802 906 776 803 
19 943 873 906 980 765 973 769 888 966 812 962 987 804 969 907 941 825 778 855 
20 942 966 919 861 977 893 949 975 981 863 760 971 904 932 935 834 767 999 914 921 
18 820 788 848 762 843 956 947 936 870 797 955 919 868 996 921 968 760 818 
20 840 796 916 815 759 810 804 802 964 801 841 986 943 979 919 970 928 872 883 992 
18 810 752 876 796 881 957 838 980 762 857 757 789 954 843 904 909 912 786 
18 834 942 866 829 760 901 787 973 789 870 998 932 807 874 768 869 778 752 
19 764 853 858 785 835 894 813 849 986 970 828 961 895 967 856 752 931 962 863 
17 802 777 913 929 806 833 864 771 953 911 931 951 899 782 948 875 944 
19 846 924 848 942 977 874 850 791 973 985 824 986 783 774 830 818 915 852 870 
19 810 795 966 903 896 835 843 984 877 820 822 779 883 979 750 892 840 863 912 
18 970 887 890 978 782 819 862 820 800 940 852 777 979 818 906 937 796 788 
18 792 924 869 789 810 886 885 857 763 850 888 817 969 774 972 863 826 975 
17 758 801 951 879 764 850 841 939 933 909 809 847 856 874 802 979 953 
19 953 936 933 980 767 864 877 858 916 775 917 875 789 952 786 752 942 813 967 
20 993 924 935 754 981 760 1000 854 922 896 821 968 909 859 836 752 822 866 790 798 
