1000
0 0 2 0 3 5 0 3 7 8 1 11 9 3 11 11 5 2 16 7 19 4 16 17 10 10 24 16 11 23 12 29 27 25 32 14 35 16 24 30 0 22 36 0 19 10 15 27 12 7 10 5 24 34 2 10 56 48 43 12 10 55 8 27 61 16 45 3 68 23 56 50 42 61 14 4 62 11 20 68 68 46 47 36 36 1 1 28 33 33 71 6 6 85 48 40 76 0 4 20 87 3 85 59 5 29 80 81 45 90 60 100 83 93 97 115 39 116 49 33 11 103 91 99 45 0 15 103 64 127 59 119 61 77 24 77 48 122 65 76 71 64 28 24 18 35 33 42 97 74 64 16 5 122 11 146 46 29 137 94 65 125 112 115 84 107 129 145 147 83 125 74 44 14 65 174 95 55 23 60 27 46 89 105 146 46 74 16 129 82 84 115 43 30 96 152 12 51 31 78 83 33 51 62 70 150 78 177 32 84 124 75 195 192 124 102 98 171 131 182 27 73 199 208 165 1 45 55 106 113 227 164 14 116 135 79 233 81 64 21 239 71 216 122 203 213 131 89 34 65 164 19 116 125 185 209 192 251 97 50 12 255 113 85 57 185 84 238 9 264 211 129 166 177 238 151 6 63 66 159 196 117 138 109 152 108 51 160 152 258 231 260 232 61 162 37 192 90 201 230 161 296 179 86 68 82 73 13 288 155 276 4 95 37 119 4 189 52 0 26 105 67 108 19 249 322 174 236 278 297 150 292 319 278 134 319 179 170 9 30 88 165 115 78 80 314 107 150 118 90 334 260 198 310 98 266 69 5 87 54 111 72 126 234 326 59 111 303 338 268 118 4 51 352 219 122 313 250 214 171 60 324 317 78 327 50 341 254 63 220 322 285 277 84 201 233 373 65 275 184 116 1 153 0 384 144 36 367 25 264 116 329 79 200 47 283 280 235 71 332 16 220 54 222 378 70 318 194 366 0 35 411 368 323 13 60 192 59 340 408 24 426 400 205 118 180 43 52 3 200 19 232 197 318 36 260 373 362 12 413 312 315 173 71 372 139 206 89 409 10 443 295 58 50 26 438 80 413 241 287 64 233 114 215 394 17 384 122 266 155 460 367 107 477 314 195 146 274 116 384 229 215 403 242 348 256 177 467 143 403 367 477 335 91 461 31 202 11 233 325 379 22 289 522 266 349 524 372 492 478 425 202 242 151 27 316 244 147 425 506 528 190 237 36 330 354 72 39 99 449 28 127 134 474 293 100 500 119 432 181 256 241 48 468 167 217 465 90 250 348 159 308 395 243 450 70 475 30 264 316 304 539 269 300 460 286 36 422 156 32 47 221 452 389 58 568 198 422 44 579 182 167 95 86 372 604 210 229 302 466 449 467 153 51 32 74 118 587 368 578 199 503 25 250 584 399 320 250 95 415 296 617 63 571 241 103 455 350 269 472 635 300 151 427 495 335 306 644 53 637 86 579 21 373 9 182 348 541 13 284 33 472 10 68 381 61 126 642 606 115 291 661 628 142 431 604 0 520 579 238 342 558 658 595 41 528 635 297 116 257 530 559 350 616 101 164 276 568 280 437 76 422 70 336 530 180 274 90 647 701 463 525 199 486 205 325 706 146 199 305 609 464 16 638 369 267 15 637 632 457 584 684 153 410 195 100 662 13 331 554 363 101 135 137 516 394 130 411 550 683 518 649 115 167 569 329 81 12 133 627 52 494 237 674 278 101 221 71 176 435 297 160 96 218 116 556 635 230 425 723 273 476 400 204 431 330 115 671 109 359 93 768 386 724 282 172 757 421 480 608 533 794 735 113 55 326 733 620 545 413 493 689 614 574 99 558 485 275 356 305 87 35 508 753 2 40 652 292 674 54 501 594 119 46 123 740 745 294 524 435 673 381 36 21 352 281 18 153 24 741 290 570 57 134 47 116 772 201 813 474 328 794 383 261 811 533 58 293 240 637 405 864 268 321 220 276 867 298 20 185 458 107 667 881 829 311 167 875 607 592 380 802 318 65 561 228 194 713 354 462 272 55 898 776 494 359 195 435 420 808 524 223 217 413 250 601 841 887 654 187 158 162 795 910 878 129 430 829 591 271 259 693 896 367 291 748 620 143 63 339 132 747 25 142 570 75 45 407 467 159 219 643 899 936 70 91 124 50 563 764 455 392 79 531 251 758 729 291 492 535 645 957 958 1 11 187 855 878 851 133 689 411 364 797 817 815 811 183 508 976 470 744 857 529 479 343 798 431 42 732 
1000
18 742 955 303 956 411 74 993 293 911 691 697 811 414 62 159 109 277 397 
20 339 834 949 244 441 992 470 877 356 559 21 214 26 727 891 795 897 271 231 514 
18 511 718 733 418 92 665 849 446 766 632 860 239 291 777 46 903 835 667 
19 23 765 404 677 425 451 120 564 586 300 749 287 229 999 858 604 161 812 648 
19 711 244 301 406 208 271 145 799 645 566 172 829 854 512 860 878 465 160 378 
19 768 88 217 34 160 120 972 981 354 353 215 755 568 418 310 604 75 31 735 
20 294 70 977 560 962 569 300 523 900 382 839 179 260 202 766 181 51 679 350 362 
19 542 321 722 799 597 168 980 864 202 588 981 18 405 96 689 972 299 804 912 
18 844 431 578 351 564 866 286 966 92 927 100 319 391 803 211 902 472 731 
19 793 960 387 209 585 755 59 18 896 873 76 947 643 526 345 908 121 208 64 
20 301 447 544 309 138 28 266 545 40 368 873 870 292 259 581 848 837 606 928 856 
18 913 743 320 117 658 231 305 160 501 46 329 986 388 146 431 968 449 962 
20 786 34 742 456 956 282 225 270 17 226 714 564 367 183 631 148 201 705 806 700 
19 589 520 935 987 971 921 104 34 826 677 843 208 931 229 519 902 500 15 763 
18 899 788 125 858 907 760 137 50 401 959 216 880 762 499 243 964 555 174 
20 227 175 277 551 930 139 520 332 577 191 661 605 85 206 920 130 211 49 848 862 
18 308 92 66 929 34 872 704 9 562 185 289 892 140 427 883 517 158 425 
20 574 575 936 48 343 533 303 629 115 975 759 952 832 208 90 603 7 447 364 66 
18 94 655 68 956 675 678 813 212 33 948 89 623 634 997 99 396 511 752 
18 144 641 337 510 334 522 348 164 737 69 774 167 130 327 340 708 921 31 
19 467 282 464 337 874 312 105 475 929 392 520 143 584 735 515 252 994 835 379 
18 937 515 643 33 286 798 77 633 120 413 747 234 906 494 781 938 765 32 
18 858 842 449 132 550 574 452 116 895 567 145 720 37 254 210 100 262 746 
18 951 887 848 737 679 494 73 914 365 840 286 109 241 469 169 484 22 242 
18 631 587 367 266 268 835 599 112 930 649 230 47 532 329 940 394 913 101 
20 110 575 238 837 152 252 701 599 368 608 968 545 332 716 869 654 165 478 227 121 
20 811 505 96 806 754 861 941 530 572 244 313 266 417 309 343 888 926 889 126 41 
18 167 920 108 244 484 77 146 829 877 794 389 153 775 142 911 155 693 496 
18 229 852 351 761 21 553 979 869 347 791 362 214 327 355 789 964 414 812 
19 526 969 393 866 370 237 611 520 863 862 626 683 332 302 810 46 341 622 833 
18 960 617 950 590 526 34 747 399 267 972 216 14 853 347 507 271 782 981 
20 270 275 630 327 128 518 454 59 996 435 917 901 578 995 358 675 80 374 427 348 
19 13 784 58 227 621 171 410 321 511 38 805 806 302 330 162 609 542 840 748 
20 758 60 358 53 957 612 763 969 313 290 146 128 744 768 586 416 107 940 431 811 
19 569 551 880 795 463 411 626 509 766 182 552 450 589 49 830 158 858 670 980 
18 992 100 315 58 773 909 112 873 565 88 736 426 906 7 431 889 277 815 
19 813 809 259 104 8 338 934 567 88 255 742 180 69 501 436 346 543 535 102 
20 772 93 473 134 840 717 124 518 864 175 490 777 398 331 96 214 634 728 861 759 
18 343 953 764 541 490 666 480 4 76 141 450 291 743 911 629 179 144 67 
19 492 762 508 790 387 820 761 414 970 499 585 82 775 226 916 416 323 91 468 
19 221 437 996 281 235 591 660 990 565 5 8 999 390 426 382 760 788 997 641 
18 656 836 54 98 971 420 788 832 942 987 846 643 515 644 62 255 466 254 
19 380 892 995 825 203 253 864 925 366 108 276 556 744 374 35 249 759 84 701 
19 728 822 303 118 576 297 673 501 819 263 236 106 367 577 202 95 169 558 588 
19 534 311 679 151 750 651 415 149 227 871 105 544 578 746 288 865 486 345 275 
19 732 184 443 690 358 923 700 47 196 99 697 968 944 83 133 981 23 819 779 
18 459 894 287 864 178 614 14 76 758 581 180 490 116 25 628 132 901 153 
18 282 629 163 456 60 870 666 219 211 243 964 957 786 373 741 231 406 249 
20 461 151 894 661 868 131 600 275 812 377 996 548 967 975 269 923 887 644 344 552 
18 673 408 313 700 471 170 930 922 719 412 30 450 581 53 218 326 856 357 
19 890 166 104 758 54 249 345 320 349 797 450 174 709 678 427 339 882 256 263 
19 695 254 555 604 724 138 709 3 260 117 200 658 836 323 619 641 503 52 74 
20 237 136 913 478 800 216 779 82 206 31 364 88 700 344 857 821 310 470 393 653 
19 808 614 857 252 881 145 100 355 841 60 55 999 895 546 597 418 136 176 937 
18 474 397 280 301 619 94 652 111 683 755 604 343 338 634 219 628 30 584 
20 711 839 799 702 357 373 974 549 602 311 757 29 274 403 505 364 985 845 567 155 
19 954 741 530 299 6 582 396 245 164 96 483 416 793 391 169 421 697 549 294 
18 777 334 613 700 312 261 855 180 87 706 124 530 248 322 471 371 875 100 
20 453 418 482 789 240 899 346 289 603 735 646 66 938 392 762 330 538 110 857 307 
19 627 877 303 923 347 359 431 251 424 855 965 472 456 351 691 403 407 690 168 
20 396 767 842 698 202 466 216 5 621 654 672 904 965 831 907 335 381 403 383 264 
18 422 745 901 844 811 658 690 605 55 652 274 103 1 432 756 655 988 46 
19 488 536 994 134 528 334 276 863 840 764 423 617 619 347 722 483 286 256 63 
19 902 795 655 6 354 639 89 359 467 110 960 903 13 598 208 409 550 358 482 
20 865 809 312 718 476 29 50 86 22 487 712 824 850 346 499 915 523 836 316 105 
20 553 158 841 128 740 287 721 45 172 947 317 309 254 173 969 852 94 932 729 924 
19 542 828 488 293 684 835 355 783 23 229 33 996 486 352 436 300 336 651 411 
20 790 212 74 977 313 585 783 401 89 143 791 505 570 325 389 83 862 194 384 947 
20 683 224 484 48 532 418 834 487 259 94 873 907 332 263 537 872 196 446 709 521 
20 93 591 62 47 181 640 662 549 358 78 325 582 267 160 126 889 517 473 672 73 
18 182 339 317 516 69 967 301 794 997 179 237 393 438 65 744 864 33 183 
18 860 799 108 198 47 778 69 473 373 7 165 785 41 398 837 851 436 934 
19 7 275 303 550 995 154 950 632 257 138 217 202 541 612 895 347 645 800 335 
19 82 654 339 514 998 254 789 730 570 258 435 147 883 560 154 458 671 716 936 
20 81 253 143 835 730 583 808 815 322 240 681 305 123 497 479 362 951 201 394 291 
20 222 242 443 508 491 343 832 976 547 423 755 375 189 790 720 622 363 504 307 451 
19 764 666 745 422 13 639 366 415 278 277 472 814 624 113 637 551 557 508 585 
18 708 427 530 525 239 890 3 950 166 900 400 214 869 538 192 305 758 146 
20 977 12 866 401 411 41 262 472 693 175 992 475 794 334 282 623 413 898 172 242 
19 93 655 662 736 896 234 496 121 502 966 538 995 980 858 480 633 540 986 807 
18 805 777 733 74 204 169 338 705 129 318 462 742 130 251 745 621 335 964 
20 105 990 581 314 214 720 812 711 454 580 697 288 706 693 368 12 242 471 523 358 
20 826 864 363 309 613 726 593 336 620 327 679 966 426 905 329 903 600 247 38 799 
18 851 448 822 823 997 54 820 684 221 185 549 354 77 902 998 664 161 966 
20 503 667 166 952 840 609 744 962 103 347 653 639 237 925 930 671 174 110 577 779 
19 731 148 855 971 102 401 962 825 402 400 335 328 734 895 742 547 247 967 682 
18 498 879 900 705 456 599 295 293 598 336 348 388 723 787 614 674 88 44 
19 166 996 269 128 165 541 968 756 123 832 538 919 619 615 326 344 814 464 113 
18 57 951 325 805 121 863 202 955 882 607 664 473 497 856 26 119 571 564 
18 568 501 498 741 336 646 255 138 354 471 374 158 225 234 723 173 526 515 
19 543 236 30 344 894 815 80 215 448 85 419 108 712 856 756 671 237 376 642 
18 610 700 130 898 176 221 955 200 380 405 145 801 44 256 165 901 660 11 
20 533 781 759 290 883 997 75 565 583 170 852 577 545 390 214 387 644 82 261 792 
19 628 309 721 405 290 499 495 889 348 959 675 631 899 433 407 802 222 297 355 
18 353 490 698 542 50 403 673 754 750 634 588 198 65 836 959 717 718 687 
18 878 799 558 891 746 357 445 398 259 911 764 271 597 69 220 80 254 101 
19 418 955 219 240 277 278 714 334 387 940 609 998 133 140 297 950 127 889 202 
18 59 888 184 894 846 772 946 513 72 256 330 498 973 516 195 509 607 57 
19 721 130 277 508 265 341 912 576 494 358 504 891 483 653 650 374 215 860 168 
20 605 729 500 617 985 910 55 518 459 354 476 29 372 188 712 735 151 351 801 85 
19 653 440 792 971 594 306 588 207 966 53 341 78 164 678 573 711 967 530 129 
18 527 640 584 589 923 316 650 225 157 238 978 154 285 242 270 356 309 562 
18 655 818 118 893 700 723 427 82 844 150 660 464 845 726 808 534 431 645 
19 510 553 793 152 408 907 181 482 937 406 814 354 890 434 83 325 505 32 415 
17 926 840 985 70 782 274 709 132 907 105 410 983 751 779 230 156 220 
18 237 86 667 282 566 958 981 758 723 455 491 930 413 125 384 540 836 545 
18 33 453 175 832 742 883 32 74 29 357 629 96 138 456 784 213 84 833 
20 811 401 33 537 727 622 573 675 790 173 225 301 336 580 291 778 524 234 578 641 
20 958 517 24 591 625 113 866 613 519 622 674 926 722 344 286 931 682 909 178 578 
20 862 352 951 519 565 213 438 440 413 941 102 722 755 463 931 401 161 235 907 28 
18 728 90 854 215 47 353 815 465 644 921 2 952 250 232 4 410 511 523 
20 277 686 268 418 66 70 366 348 604 451 626 899 142 969 732 494 441 663 963 195 
18 647 421 185 933 418 485 742 922 433 550 265 728 508 551 712 394 573 404 
19 357 43 21 535 253 342 809 590 95 915 659 177 238 973 319 26 292 921 127 
20 34 681 939 43 991 999 271 848 394 180 39 171 838 620 316 490 514 25 519 868 
19 661 761 9 536 283 132 365 743 491 277 673 654 619 494 880 144 264 932 826 
19 254 826 187 956 582 963 941 506 862 987 315 249 97 3 747 392 404 625 674 
18 894 214 296 587 423 817 403 647 231 312 700 751 801 297 11 398 444 351 
18 422 184 63 602 729 478 468 46 325 375 528 173 329 497 34 369 492 930 
18 588 536 595 866 914 332 227 369 553 248 778 282 729 342 478 74 666 496 
17 138 72 537 889 561 795 28 302 215 172 230 640 482 625 670 191 442 
18 821 387 947 364 204 768 173 164 973 766 653 832 181 235 664 294 984 739 
18 422 210 279 830 756 676 1000 202 244 85 231 105 696 399 478 537 950 178 
20 30 514 994 897 810 501 4 982 663 59 401 979 412 497 683 326 989 160 214 762 
17 20 49 812 58 386 778 786 683 681 698 182 910 69 831 544 798 499 
17 113 689 733 305 800 188 709 44 667 812 933 293 817 271 15 463 145 
18 998 323 693 449 924 666 244 599 243 594 64 600 270 890 118 23 566 438 
19 287 488 105 540 263 523 648 753 646 924 184 440 654 40 353 51 640 22 667 
17 133 441 421 970 391 400 406 975 137 204 489 29 696 122 437 468 174 
20 305 968 677 900 853 855 905 907 199 502 990 87 953 185 292 689 781 695 96 38 
18 520 313 344 834 442 160 143 902 268 425 924 418 750 2 739 881 550 290 
18 956 586 68 80 655 739 246 131 28 462 966 725 939 126 134 202 109 258 
17 223 262 418 389 650 346 756 867 403 557 160 987 618 311 76 416 761 
19 460 849 525 84 715 344 407 277 818 2 468 8 742 914 200 922 465 286 995 
19 974 605 365 993 489 984 30 494 99 394 335 866 15 431 128 19 270 95 761 
17 436 230 406 549 328 248 127 468 761 150 191 637 303 935 66 891 963 
18 522 499 471 116 840 791 259 417 660 9 451 322 83 270 758 525 700 984 
19 600 245 310 257 822 554 921 492 709 425 680 490 555 571 247 524 464 744 699 
19 720 272 875 72 154 214 36 869 499 737 610 622 587 599 266 909 284 476 313 
20 412 893 846 914 734 388 979 601 71 264 240 862 693 306 164 683 399 673 2 898 
19 897 820 203 852 82 584 882 747 500 448 963 77 654 109 763 811 627 190 545 
19 139 186 218 871 484 261 961 470 448 433 363 810 774 739 894 413 273 677 158 
19 950 835 642 106 567 721 281 133 585 191 779 938 996 598 466 132 898 694 916 
18 358 351 127 450 443 937 284 301 600 984 638 432 863 76 344 765 996 965 
20 495 852 296 970 531 350 316 627 703 265 617 352 424 323 726 878 108 904 493 15 
18 329 281 771 718 682 604 627 609 703 460 28 405 974 886 752 779 361 193 
20 807 127 897 333 711 255 114 299 38 241 252 150 189 65 283 380 953 116 755 471 
18 865 163 340 73 593 598 57 814 608 473 287 188 225 584 853 75 652 968 
18 667 434 890 807 393 99 315 356 914 56 69 324 728 384 103 119 159 253 
18 377 712 90 50 387 969 932 980 114 374 502 787 935 472 823 115 866 384 
18 916 260 356 285 700 594 466 705 276 543 340 352 955 249 36 269 471 217 
18 556 946 632 484 565 75 468 120 917 574 469 355 328 782 609 303 117 606 
19 541 772 565 646 816 809 608 261 343 505 628 586 396 366 869 313 704 915 511 
18 534 125 472 168 521 553 760 71 641 292 191 976 232 383 896 603 555 729 
17 571 333 19 827 621 343 941 231 605 370 864 273 411 270 615 537 924 
20 791 837 782 46 718 167 300 195 497 24 551 151 610 228 594 81 38 842 969 30 
19 198 335 429 289 714 206 555 897 509 434 441 23 178 226 704 107 769 196 84 
19 773 357 298 516 500 939 449 447 363 913 982 597 23 524 475 312 926 888 439 
20 459 200 945 662 494 383 473 683 508 207 498 149 279 80 593 523 589 846 420 454 
18 940 406 449 455 314 613 398 677 360 167 937 411 944 625 897 557 263 126 
18 745 917 690 336 346 988 35 870 502 638 695 64 541 615 453 204 854 762 
19 37 793 110 619 301 124 983 105 250 992 466 765 388 399 153 562 244 340 40 
20 440 791 974 281 240 94 301 889 24 625 80 362 396 182 829 604 246 773 480 358 
18 731 335 778 373 69 347 218 88 361 606 276 620 510 720 303 967 453 119 
20 184 986 842 415 980 987 210 39 673 330 744 108 505 197 307 953 837 112 258 552 
20 766 772 588 22 609 839 868 952 677 710 694 264 853 936 231 641 44 691 556 750 
20 427 460 882 765 736 955 848 697 661 34 679 309 80 67 209 365 756 129 964 1000 
18 734 228 435 131 928 45 480 86 872 437 23 481 524 438 720 501 990 694 
17 754 405 275 606 440 434 472 998 632 531 554 144 420 353 468 73 650 
18 134 877 606 737 90 425 568 282 651 406 411 937 234 99 174 485 944 34 
19 469 880 273 904 651 261 96 626 182 989 55 399 568 595 837 33 296 823 547 
18 628 282 604 846 636 211 993 857 992 156 408 647 377 456 906 622 675 28 
18 345 953 281 8 162 905 38 715 171 172 188 721 688 788 316 12 952 151 
19 731 218 101 309 393 137 18 216 755 759 147 787 30 397 622 758 127 176 81 
20 312 630 727 974 325 52 731 845 899 260 844 210 651 644 259 484 767 253 658 36 
18 594 101 565 464 566 345 813 287 54 511 357 965 654 375 669 504 922 87 
18 209 198 917 87 172 739 122 603 811 475 610 427 327 279 563 17 310 738 
18 450 321 513 226 803 315 585 831 738 536 558 632 716 23 830 483 138 972 
18 882 113 410 292 886 696 294 904 756 668 94 375 718 893 759 651 286 983 
18 693 631 752 300 766 23 756 738 129 98 722 174 907 735 726 387 419 712 
20 541 353 6 760 347 657 756 873 757 899 463 551 605 396 121 648 381 714 439 482 
18 234 299 724 50 177 403 762 456 263 863 269 361 33 122 548 855 13 327 
19 791 458 978 355 26 843 403 800 178 474 301 50 456 314 647 981 410 186 563 
20 398 234 833 224 51 516 558 202 636 378 615 919 787 173 967 623 219 918 296 220 
19 670 803 463 357 801 735 923 93 608 231 57 686 289 323 263 894 769 401 235 
19 622 513 27 826 142 406 686 228 903 907 515 953 299 677 878 934 564 70 779 
18 233 56 980 44 840 547 92 138 465 163 272 427 939 297 880 90 323 541 
19 910 715 929 438 608 562 532 16 41 450 296 739 870 863 325 301 706 363 378 
18 449 730 184 191 95 15 854 780 770 959 762 132 576 287 406 415 456 796 
19 823 36 31 691 543 596 792 612 779 815 200 882 694 183 324 438 949 963 545 
18 161 250 878 828 409 644 473 634 891 584 682 393 850 512 279 430 864 227 
18 626 732 250 768 695 264 643 30 242 769 625 457 73 401 231 289 581 996 
18 662 99 997 148 686 605 235 516 285 153 23 81 360 855 283 802 896 113 
19 521 433 887 625 370 236 884 241 222 158 431 892 712 83 559 81 376 410 391 
19 948 96 722 577 503 874 463 934 444 375 638 686 233 730 294 682 881 986 588 
18 196 590 146 871 748 601 135 205 611 961 947 447 837 391 421 56 718 420 
19 191 796 794 881 517 491 579 384 792 714 293 211 412 173 807 359 789 103 436 
18 345 742 550 184 855 925 849 804 684 969 972 594 335 478 968 905 52 121 
18 203 637 23 206 116 900 160 314 261 350 35 250 163 662 17 833 986 575 
18 39 178 849 688 110 239 17 500 480 145 185 353 223 77 991 824 791 876 
20 113 686 144 869 606 21 710 176 17 57 961 573 514 317 179 726 912 711 570 949 
18 206 252 330 631 804 528 376 525 714 367 960 534 419 625 820 215 636 754 
20 43 967 980 179 702 904 113 956 824 174 636 487 710 165 177 983 600 61 771 238 
19 82 377 680 591 81 725 459 447 339 273 435 91 311 746 300 502 215 523 964 
20 546 401 686 704 610 200 131 748 293 244 456 163 915 652 443 793 148 412 205 975 
17 979 442 345 999 774 19 50 100 678 513 451 534 457 391 712 517 628 
18 146 759 204 825 435 226 823 594 483 436 238 736 623 605 726 694 538 845 
19 804 576 699 242 200 365 799 547 806 226 825 611 810 626 376 123 938 734 343 
18 776 291 626 780 609 90 152 480 829 116 825 590 443 494 73 704 771 593 
19 548 932 686 962 386 231 939 384 638 107 771 246 408 185 804 53 24 584 929 
19 699 714 410 842 692 949 530 402 253 934 104 221 8 719 7 907 909 341 63 
18 487 607 262 691 170 443 920 155 621 571 266 335 315 745 134 759 925 188 
20 719 876 2 854 135 309 646 416 971 459 605 161 811 783 615 604 152 680 892 47 
19 679 960 37 187 284 74 181 497 970 927 433 657 489 981 576 186 43 283 17 
18 165 739 969 419 942 466 796 310 693 373 390 393 251 894 1000 581 150 963 
18 709 963 915 453 116 201 781 190 121 170 554 538 277 304 727 291 120 435 
18 216 752 628 955 134 179 291 233 860 408 35 851 947 890 456 182 401 497 
19 158 763 512 304 292 153 315 751 800 404 843 664 772 564 581 521 370 585 528 
20 341 899 998 209 596 31 65 621 607 228 884 613 199 331 75 742 217 243 780 135 
19 539 963 496 893 852 173 574 459 752 141 253 931 957 751 809 66 342 301 13 
18 403 383 944 97 484 204 246 723 542 921 198 708 674 570 447 446 457 149 
18 216 400 120 5 427 818 602 674 615 115 447 7 201 441 41 439 126 732 
19 355 269 944 868 20 679 818 866 95 959 782 179 377 727 544 35 465 372 845 
19 879 594 614 709 90 480 819 507 283 65 303 685 115 924 942 743 89 359 457 
18 924 40 839 515 753 297 875 848 600 589 85 215 301 954 572 633 679 461 
19 149 711 779 76 592 286 474 425 806 597 165 411 786 136 355 73 245 295 195 
20 692 698 149 980 51 603 712 688 613 709 602 107 425 104 989 466 196 38 890 625 
20 453 840 443 76 401 166 578 417 725 681 211 255 392 547 738 157 486 65 772 243 
19 570 460 89 182 819 639 823 147 17 616 371 649 581 761 207 674 933 171 991 
19 324 601 939 374 716 448 546 871 438 8 676 870 736 557 485 379 323 526 798 
20 827 863 922 361 695 737 51 15 982 618 496 205 40 924 168 229 671 363 286 669 
20 652 410 824 834 774 271 755 162 444 739 72 687 767 537 301 667 25 890 551 934 
19 874 461 706 319 419 504 678 659 17 137 324 111 351 170 580 552 536 25 814 
18 104 347 381 14 26 474 97 928 429 551 751 561 774 481 920 828 316 775 
19 747 74 686 521 381 735 427 785 828 350 157 802 821 992 845 267 223 166 544 
18 148 576 942 927 115 984 270 399 425 264 185 674 971 92 6 131 388 190 
19 690 447 62 821 995 860 879 617 669 251 806 532 288 184 726 900 461 11 38 
18 382 164 494 534 4 404 473 51 9 872 724 451 444 901 634 149 703 31 
20 382 273 140 538 644 497 926 594 618 909 574 21 771 613 435 133 348 537 448 575 
19 269 611 66 103 771 968 244 811 672 653 11 886 783 178 655 4 68 1000 952 
18 745 121 902 888 187 73 112 381 293 146 318 387 670 541 821 533 651 509 
17 579 84 730 350 201 491 853 394 179 894 619 633 958 121 846 663 560 
20 604 205 559 593 572 279 59 442 716 663 297 847 910 51 575 543 595 769 409 285 
20 820 50 121 511 786 517 749 18 322 891 421 890 847 71 437 136 406 535 738 672 
17 646 478 760 338 975 28 977 999 776 882 609 537 596 939 401 501 345 
18 742 173 942 425 30 770 758 760 773 684 45 253 492 642 729 683 595 927 
19 381 28 11 102 525 667 772 110 779 254 128 132 592 151 594 704 186 630 734 
20 352 661 759 84 585 115 747 186 16 275 435 981 52 475 368 247 462 630 925 217 
19 129 510 184 43 982 572 252 862 774 369 581 916 946 696 88 388 874 583 797 
20 57 152 906 423 823 996 793 252 966 803 74 49 716 640 249 809 485 859 586 942 
20 693 743 512 610 794 784 875 193 799 924 546 246 128 271 507 787 117 125 195 932 
19 96 464 675 406 291 800 803 513 574 852 687 252 177 611 317 729 176 864 555 
18 896 270 451 897 313 114 747 206 763 843 894 919 986 265 644 547 652 503 
20 335 228 633 282 342 308 887 714 582 137 64 721 384 655 565 210 150 669 864 331 
19 949 666 951 547 244 29 528 656 829 386 127 757 612 394 457 389 929 294 238 
19 245 119 502 480 1 541 630 489 56 130 910 544 214 819 711 537 632 387 635 
19 393 499 392 592 364 53 553 382 263 189 258 707 867 94 120 441 168 578 96 
18 828 433 699 673 206 113 527 742 877 42 244 203 1000 547 980 765 696 52 
20 478 557 597 316 535 101 868 303 908 774 496 243 57 690 432 934 537 577 490 605 
18 35 890 258 169 888 525 165 703 31 699 354 614 244 87 830 903 690 571 
18 529 736 902 900 40 606 161 127 228 46 82 603 556 742 199 7 567 857 
19 530 821 597 831 150 26 114 38 307 14 449 570 483 481 977 197 177 585 979 
19 2 230 161 628 499 472 446 547 572 901 154 182 584 406 971 933 941 710 640 
18 380 714 898 328 883 262 353 654 848 628 577 991 587 792 723 662 257 217 
18 76 220 657 48 661 856 804 75 354 347 967 787 534 708 288 640 58 779 
19 292 414 857 313 630 153 402 718 40 418 926 331 131 118 771 349 170 416 581 
19 482 325 587 419 342 554 338 422 646 250 796 295 361 878 835 641 38 458 105 
20 723 352 702 500 32 651 366 906 705 85 119 948 485 235 307 576 137 530 160 676 
18 76 217 536 251 850 261 457 349 208 877 357 37 125 331 666 489 133 108 
20 121 143 989 978 770 641 811 8 251 240 358 370 314 58 630 112 243 887 153 157 
18 624 280 581 149 121 663 117 391 424 102 707 250 66 144 311 410 760 871 
19 931 560 735 552 7 685 429 623 904 690 153 703 35 814 556 745 2 722 956 
19 601 404 840 873 377 199 260 263 658 135 159 455 677 507 312 136 478 647 316 
19 187 309 738 396 719 29 883 682 640 194 579 863 502 237 61 516 176 824 433 
18 296 282 7 378 201 17 424 88 286 228 902 192 342 267 66 810 720 383 
18 464 503 257 310 941 583 990 748 940 758 148 710 967 751 235 714 269 920 
20 319 409 707 742 951 778 626 963 873 402 487 27 398 25 354 660 520 467 549 460 
19 540 161 542 460 426 887 505 192 81 46 596 77 511 515 871 257 285 17 974 
20 195 449 57 581 341 181 856 213 72 252 128 480 893 953 186 899 242 785 101 724 
20 229 647 949 401 538 688 513 15 443 762 860 514 984 823 713 456 932 871 71 684 
20 500 450 8 558 43 443 550 789 553 435 99 900 296 547 486 693 926 881 294 100 
20 461 278 654 899 615 844 256 160 875 56 740 487 693 833 85 791 19 836 3 252 
19 246 325 845 664 789 628 642 816 656 633 138 463 411 855 273 169 505 398 444 
18 44 977 714 560 329 54 82 995 475 733 356 195 909 856 146 908 287 888 
19 556 393 259 816 234 737 315 976 663 76 197 631 273 674 615 387 46 52 258 
18 109 804 625 112 410 466 852 178 863 783 116 892 498 657 217 318 281 389 
20 179 929 78 947 888 215 463 536 909 471 831 731 951 822 443 14 747 668 520 682 
19 137 736 866 742 447 288 152 375 839 591 384 211 258 604 64 842 537 460 308 
19 212 31 499 50 105 450 282 575 249 308 95 462 811 428 98 94 274 190 562 
17 756 914 691 668 363 223 3 362 807 887 266 773 867 518 495 706 468 
18 592 430 328 38 357 153 891 324 914 641 235 288 805 117 910 144 981 170 
20 205 203 133 369 929 289 295 228 621 570 236 340 39 368 5 13 580 988 804 854 
19 384 334 297 274 591 920 247 526 884 680 679 21 354 570 805 678 733 326 500 
18 894 693 88 532 643 863 535 825 982 101 539 433 889 552 27 155 375 343 
20 403 394 375 992 891 604 765 874 467 472 586 332 434 612 569 212 55 945 274 190 
20 785 81 255 529 13 890 779 115 233 756 340 178 471 889 695 507 444 643 204 237 
20 738 297 321 404 962 421 726 925 624 377 774 716 787 842 945 794 452 315 50 237 
18 416 740 110 317 794 17 238 646 812 608 557 826 424 418 500 554 229 364 
19 298 404 814 211 595 700 913 544 529 496 114 715 714 33 799 845 115 687 896 
20 910 897 485 572 363 260 689 163 188 787 880 337 240 813 145 659 622 938 569 917 
19 246 114 333 359 44 124 756 991 677 545 399 118 818 70 976 191 920 494 742 
18 310 569 186 664 239 116 672 161 623 689 204 463 557 246 308 331 6 501 
20 84 420 276 127 426 471 240 62 555 189 190 609 590 622 794 281 650 696 833 944 
20 442 604 299 741 282 977 599 13 331 780 621 475 52 836 757 340 229 796 301 826 
19 152 662 664 953 792 394 886 218 854 558 326 909 162 504 220 871 912 106 555 
20 663 297 304 652 958 239 71 57 801 613 754 677 457 849 932 148 615 368 661 997 
18 499 976 612 173 276 339 775 825 325 602 101 87 639 52 812 719 169 738 
18 637 533 171 823 227 898 668 805 294 906 35 814 485 961 607 329 638 777 
19 988 276 803 929 366 79 555 139 767 213 385 9 452 843 463 993 772 340 677 
18 658 860 811 25 908 405 404 146 178 30 197 449 468 807 4 955 624 486 
17 421 649 654 904 617 852 378 856 635 256 611 976 773 546 200 335 983 
18 23 367 663 520 413 671 878 584 425 529 857 605 660 385 381 697 295 341 
18 734 479 716 679 833 488 587 846 448 818 555 700 110 239 469 270 249 165 
18 411 250 150 683 609 617 991 189 965 13 96 417 934 483 135 840 503 699 
17 887 940 643 326 527 868 530 763 974 123 773 537 113 325 620 133 587 
18 893 599 879 640 419 625 99 255 17 853 204 198 111 183 403 100 197 476 
19 158 903 654 866 88 341 959 598 266 398 772 225 223 66 586 178 352 639 630 
19 500 978 932 919 493 490 17 901 74 840 890 202 577 591 763 811 188 390 599 
19 277 168 6 211 130 84 606 662 281 105 550 692 257 140 405 288 925 936 531 
19 913 648 461 531 287 258 295 612 850 961 807 767 796 360 152 482 343 825 322 
19 898 983 110 965 619 229 494 555 846 886 933 529 95 446 724 193 97 751 657 
18 817 769 383 340 36 634 517 749 355 659 350 392 567 615 942 790 66 194 
18 979 123 50 107 759 24 684 95 649 8 310 862 377 936 668 451 842 243 
19 891 588 210 929 242 184 729 37 789 641 77 298 724 364 766 944 360 793 251 
20 842 642 302 810 659 353 248 98 592 255 536 999 572 82 15 847 194 617 218 69 
18 812 680 341 458 818 984 361 215 334 368 487 365 885 80 159 165 810 499 
19 153 114 996 230 544 513 622 664 322 340 242 885 366 960 827 741 728 479 569 
18 700 372 715 99 243 107 37 828 173 951 178 545 813 771 147 50 981 434 
20 857 459 956 97 717 446 196 718 208 240 84 410 189 141 747 318 300 178 651 36 
18 453 929 312 701 355 93 250 739 893 712 43 303 959 111 348 238 30 750 
19 291 178 827 183 992 820 673 562 516 545 359 455 309 775 558 726 51 244 776 
19 501 586 547 332 257 262 439 663 293 951 301 986 495 244 493 229 256 449 134 
19 86 758 659 730 748 264 891 863 188 136 359 32 360 349 372 144 357 115 385 
19 289 653 978 224 256 512 158 553 199 920 976 259 596 233 389 251 263 624 881 
19 649 789 175 692 111 749 851 466 898 667 450 297 29 566 125 835 992 432 633 
17 960 97 439 319 931 290 92 334 834 557 448 172 715 300 589 711 647 
20 747 379 643 228 487 468 981 227 265 509 926 449 402 848 871 394 845 21 20 259 
19 906 157 536 928 228 929 170 964 509 701 299 399 374 899 879 568 483 987 839 
18 873 328 913 891 321 291 946 103 998 301 564 608 837 700 685 36 666 370 
17 719 18 714 818 220 418 645 291 415 917 6 949 647 506 860 705 990 
19 631 612 3 678 480 916 263 147 659 847 150 49 14 173 815 827 476 8 604 
18 431 911 941 572 740 283 670 756 302 319 890 773 148 525 994 763 709 22 
18 389 836 776 205 227 954 34 775 865 900 183 472 286 272 475 328 837 125 
19 485 849 246 17 109 401 687 574 778 240 174 481 674 386 584 671 884 86 153 
19 502 167 621 935 72 328 664 975 543 207 347 702 996 380 315 95 856 685 593 
19 509 45 676 798 162 801 290 496 251 573 455 68 513 443 104 42 522 144 565 
20 767 180 455 944 611 629 327 737 956 205 771 81 791 175 981 322 29 179 183 677 
18 939 274 166 503 555 155 645 246 549 613 942 811 200 156 859 212 420 1000 
19 147 921 976 23 781 295 231 802 249 989 114 795 878 818 527 512 254 356 477 
20 376 584 75 222 515 435 935 25 522 992 646 566 257 922 854 907 782 77 899 41 
18 955 920 305 557 166 432 968 748 303 240 159 462 643 562 893 529 57 310 
19 600 485 710 188 440 775 949 265 758 225 574 145 557 415 524 447 322 660 559 
18 788 184 344 426 151 695 908 658 633 30 596 126 398 342 123 307 399 772 
20 362 545 656 981 312 162 23 387 692 801 618 491 990 854 280 265 101 190 636 850 
20 220 607 732 322 742 518 734 135 65 343 497 35 982 974 193 133 632 609 440 43 
18 434 144 678 296 930 389 110 294 170 356 902 32 217 122 928 781 735 347 
18 854 1000 347 784 932 30 463 570 635 630 614 220 657 101 903 819 152 522 
19 415 745 58 579 456 485 510 412 346 376 803 140 467 351 524 80 222 221 535 
18 784 389 101 598 433 604 259 32 838 765 544 465 709 57 958 296 206 95 
18 817 66 201 747 594 589 660 433 521 519 171 730 351 876 144 525 349 691 
19 531 747 558 396 977 790 855 896 888 708 121 906 130 940 236 350 440 199 679 
20 967 964 598 174 826 699 803 589 12 663 282 743 54 364 804 396 823 266 927 867 
20 275 393 213 430 163 274 188 190 581 874 46 70 752 827 303 771 822 866 374 75 
19 457 292 643 635 273 699 307 434 838 174 600 449 979 592 785 376 85 720 30 
20 357 374 492 256 187 16 220 48 331 190 720 2 493 545 46 208 877 930 279 12 
18 160 850 808 4 241 735 430 68 494 231 69 66 70 538 84 875 215 795 
19 53 440 763 278 587 606 781 814 574 889 596 714 176 859 172 216 385 226 15 
19 803 42 564 263 618 184 683 161 45 244 106 311 813 394 4 187 222 571 639 
18 815 406 175 842 107 269 73 855 506 611 992 653 141 87 810 18 669 305 
19 150 782 880 118 963 519 172 595 196 512 490 989 264 454 153 659 154 786 972 
18 98 187 188 468 712 995 814 683 32 554 693 67 838 21 623 772 649 568 
19 541 203 615 941 825 173 168 972 607 597 399 851 372 557 133 787 728 562 701 
20 830 726 134 685 905 260 671 247 821 684 705 629 465 649 757 837 57 310 547 958 
18 399 946 13 654 935 610 48 261 375 566 775 951 624 485 463 669 956 82 
19 296 777 579 440 570 301 942 360 527 365 4 808 876 184 491 820 353 131 824 
19 442 650 807 766 898 731 604 415 598 457 876 476 190 629 703 839 344 510 428 
19 185 143 283 586 894 341 44 761 159 630 229 983 682 503 444 872 955 56 816 
19 960 452 511 549 374 76 6 913 234 835 819 523 738 238 704 210 931 848 973 
19 56 304 133 395 916 124 834 205 189 700 145 277 622 675 986 476 260 629 971 
19 157 427 704 120 205 913 45 191 622 935 681 256 266 505 433 894 862 767 286 
19 733 499 747 144 968 81 436 375 448 840 243 895 70 680 102 427 134 360 845 
20 759 638 966 824 413 672 321 203 962 431 773 846 904 851 86 372 358 193 663 55 
19 175 456 337 703 371 597 715 177 922 763 557 502 551 278 734 15 804 770 642 
19 282 719 465 773 169 947 53 737 284 362 844 561 298 619 724 155 880 240 499 
17 260 9 686 649 593 197 971 170 246 212 914 368 75 91 725 209 50 
20 599 63 61 248 820 340 189 403 513 853 948 256 328 877 73 686 69 250 60 774 
20 12 89 203 201 223 384 192 374 731 451 815 88 628 279 328 148 453 420 323 591 
18 201 37 981 86 91 755 886 173 619 543 116 181 460 278 50 569 21 343 
19 662 265 869 888 535 885 665 76 756 945 916 35 407 80 60 266 594 774 992 
19 568 138 733 414 667 691 100 799 261 830 942 33 796 340 953 194 459 553 727 
19 263 669 917 396 323 387 251 748 609 338 645 233 218 668 791 575 903 844 461 
18 901 687 668 518 563 240 837 762 343 909 329 42 155 630 610 628 385 171 
19 201 670 88 126 797 547 641 540 588 731 194 715 954 361 796 947 630 135 417 
20 830 491 320 292 132 65 925 279 311 48 46 427 385 269 18 479 517 120 623 395 
20 862 612 414 997 453 274 513 657 629 826 306 416 929 531 722 921 711 281 263 379 
17 886 769 270 395 780 931 804 425 960 295 9 721 237 124 523 141 984 
19 369 359 267 558 142 617 370 198 985 488 311 196 888 568 360 570 417 485 69 
20 629 162 57 430 425 666 999 741 770 933 594 120 381 812 936 530 188 763 40 784 
17 667 732 128 676 477 930 613 44 266 206 782 888 346 931 117 708 660 
20 746 735 175 354 57 457 929 336 274 645 689 184 291 353 874 835 446 503 405 879 
19 327 153 653 38 533 719 211 316 633 472 20 906 217 199 358 109 264 185 980 
19 301 889 173 280 259 814 703 952 12 548 768 241 251 807 212 91 981 481 131 
19 37 877 48 342 142 644 570 181 445 952 245 672 470 786 246 573 66 421 692 
19 668 578 152 175 240 172 238 380 45 309 787 826 520 894 497 734 927 888 401 
18 416 764 329 102 662 414 32 456 221 147 508 466 318 280 371 824 962 565 
20 206 159 893 979 332 230 364 187 166 906 578 48 147 122 900 140 286 365 83 543 
19 370 726 879 646 670 585 299 643 144 862 553 431 140 790 710 337 107 210 723 
17 613 406 714 285 245 850 60 911 604 465 953 2 384 884 875 543 378 
18 413 313 865 287 199 398 274 792 310 722 713 436 747 770 645 642 245 886 
20 720 100 487 277 350 598 735 635 38 449 869 99 700 492 804 344 472 396 248 198 
18 954 987 371 231 996 768 955 563 203 769 210 883 293 376 353 698 692 743 
20 125 171 614 302 42 681 338 871 71 852 809 271 894 544 366 349 474 771 515 394 
19 624 461 24 797 295 952 570 888 581 329 189 482 689 365 166 719 62 455 36 
18 371 180 331 91 595 629 75 67 132 363 485 8 650 695 735 799 721 203 
18 757 916 759 473 608 532 642 272 429 512 556 74 177 83 171 533 815 205 
19 504 742 187 69 257 55 423 137 734 942 951 623 724 84 457 48 342 682 85 
19 274 914 959 494 627 661 514 478 903 698 862 628 160 155 934 536 448 762 207 
20 645 532 672 509 680 698 749 733 405 997 38 307 366 562 630 667 773 255 948 121 
19 916 677 126 661 373 617 169 118 325 603 588 253 53 640 822 64 867 872 421 
18 70 763 735 904 492 989 556 847 723 656 303 72 853 495 497 528 667 758 
20 429 477 798 624 911 807 216 290 244 954 95 994 672 462 357 925 228 398 437 47 
18 119 236 270 994 629 659 645 808 828 537 597 219 643 821 186 168 399 497 
18 460 874 70 682 789 650 362 406 101 456 371 164 318 424 21 440 162 510 
19 455 68 870 137 367 730 320 238 810 508 900 860 760 109 523 722 803 952 344 
20 138 837 204 988 920 230 872 935 217 316 244 732 557 423 705 677 48 271 562 958 
18 112 669 511 387 306 606 152 412 779 701 40 146 26 449 969 484 1 23 
20 212 384 85 394 470 885 861 778 257 207 32 433 312 259 935 505 498 951 175 936 
19 686 701 643 728 511 782 866 706 948 392 647 1000 140 981 722 277 333 64 433 
19 487 144 710 505 446 999 120 762 266 631 295 677 841 897 167 791 324 668 555 
18 529 80 966 653 654 833 945 819 571 118 630 829 56 144 750 737 758 274 
18 997 639 614 712 546 677 865 989 316 154 273 996 454 965 422 275 89 576 
18 574 994 383 429 610 896 259 353 177 139 167 289 594 49 67 519 847 40 
17 809 612 225 711 3 348 319 73 301 466 424 497 201 460 218 153 345 
18 929 474 478 49 196 65 823 806 197 778 738 986 366 403 560 935 445 502 
19 214 416 769 445 500 792 913 863 601 908 285 325 777 196 671 838 20 941 880 
18 923 247 649 788 753 837 167 282 256 103 196 104 619 959 39 957 590 285 
18 788 153 466 14 640 229 43 847 147 757 418 636 689 915 114 359 495 830 
19 673 556 395 902 494 910 78 228 86 362 812 733 203 353 596 367 511 492 611 
19 177 671 593 194 964 865 954 870 211 798 692 30 331 127 529 808 686 36 872 
18 505 337 659 330 463 971 238 969 807 690 227 460 187 779 648 68 111 468 
19 503 918 53 186 760 971 361 927 120 527 50 129 929 995 288 479 542 132 233 
20 334 949 498 44 158 339 961 274 310 260 413 338 312 579 31 879 826 236 145 905 
18 97 981 464 315 77 497 320 403 708 704 155 254 751 57 678 487 238 765 
19 887 147 568 725 133 258 319 635 441 325 792 867 783 430 831 931 811 210 977 
18 240 722 490 221 142 134 95 753 21 405 339 582 106 804 616 467 233 486 
20 381 767 933 457 256 672 42 799 946 89 511 653 1000 63 639 345 347 28 228 322 
18 300 490 78 569 934 355 151 534 327 974 907 62 37 398 484 438 508 435 
19 482 12 603 569 275 161 933 922 929 50 998 923 250 408 454 98 593 517 590 
20 631 749 85 99 772 24 918 11 13 705 496 829 74 777 644 546 963 753 495 136 
20 709 543 970 707 175 846 38 808 384 452 816 753 915 546 869 111 766 417 849 150 
18 704 141 270 805 961 419 879 518 198 907 301 89 363 172 841 819 339 129 
18 4 225 952 67 716 559 138 834 545 442 328 527 754 726 746 862 280 911 
20 946 635 216 975 304 160 20 515 426 422 252 681 391 360 64 592 175 866 131 394 
19 267 301 233 553 857 282 871 197 283 961 744 250 123 676 682 588 912 640 613 
19 230 15 415 72 1 771 758 144 305 119 299 82 37 992 460 610 528 431 847 
19 108 812 998 147 982 637 245 835 346 594 411 578 753 182 240 254 442 21 199 
18 933 337 41 411 275 924 230 614 500 776 203 372 212 345 633 833 223 729 
18 894 481 479 798 720 61 610 818 217 857 92 279 548 206 77 650 717 204 
20 398 220 578 361 145 127 910 803 68 679 309 744 815 922 905 459 745 246 184 850 
20 16 953 276 191 880 567 634 199 557 939 796 441 637 948 915 409 549 100 232 299 
18 220 403 29 175 67 380 420 412 381 938 832 201 458 314 134 135 470 808 
18 948 907 148 51 270 822 91 173 930 118 36 840 443 127 769 946 79 805 
19 316 307 968 738 48 41 81 288 722 290 108 679 820 40 178 170 146 614 341 
20 614 244 279 870 802 495 776 100 479 377 984 976 327 187 506 110 871 408 549 987 
19 555 61 279 693 973 938 620 248 230 342 151 79 985 731 306 242 356 103 936 
19 456 767 235 950 839 717 907 523 594 760 129 816 476 341 268 392 781 733 531 
18 445 956 679 40 703 142 495 389 841 473 860 160 785 229 790 287 583 108 
19 160 666 774 7 963 274 317 779 503 524 805 944 344 501 18 215 557 456 781 
20 672 985 353 173 874 309 414 129 372 410 440 445 65 156 57 969 755 653 869 655 
18 819 785 791 868 702 738 469 955 838 717 139 748 183 565 467 907 348 619 
19 400 620 514 585 948 841 784 425 338 186 119 632 508 464 940 216 327 621 99 
18 456 962 687 626 22 650 935 852 707 674 339 996 190 139 562 680 997 255 
19 264 110 785 457 487 194 370 714 550 902 814 764 53 925 219 292 770 129 908 
18 380 87 461 16 955 401 708 14 37 44 541 660 233 200 920 435 234 762 
19 66 15 870 168 528 739 833 384 904 992 873 953 607 481 88 560 793 679 949 
20 429 874 311 107 734 561 242 560 126 819 349 458 846 323 166 574 139 895 971 112 
18 969 434 606 623 753 462 658 757 436 214 53 921 547 646 432 943 72 792 
18 388 650 32 434 805 583 965 658 563 748 597 657 576 814 173 380 153 678 
20 25 948 19 453 322 978 246 918 737 248 805 396 776 476 185 971 460 313 840 120 
20 123 741 679 722 429 906 845 787 4 172 181 195 365 542 611 478 743 249 470 763 
18 163 515 249 338 802 18 345 606 185 52 183 768 805 634 200 22 855 276 
19 63 767 957 377 358 928 96 683 158 464 183 674 768 816 548 839 912 802 44 
19 149 131 882 974 327 355 691 136 435 530 624 118 258 539 285 818 907 392 271 
20 839 231 222 950 215 87 576 676 351 314 54 686 955 898 998 654 680 788 995 218 
19 409 319 21 577 110 770 916 232 321 578 514 40 734 444 681 495 72 862 508 
18 666 765 191 426 205 228 949 304 55 533 459 37 198 412 158 528 981 276 
20 744 320 308 893 846 539 121 450 285 544 989 484 506 152 171 755 174 168 739 120 
18 828 373 823 891 242 516 142 404 352 59 555 265 481 313 353 538 527 893 
18 930 460 622 533 580 318 551 870 295 658 220 20 427 496 28 528 992 686 
20 708 416 421 703 793 215 268 668 163 171 828 491 836 609 987 485 937 590 740 813 
19 774 139 369 163 528 860 57 982 423 425 449 318 671 828 180 320 386 491 875 
18 577 926 703 713 174 766 116 429 862 804 455 788 579 660 170 637 874 118 
19 485 312 397 343 684 751 740 375 585 251 623 910 863 850 58 155 202 250 719 
18 444 268 978 734 171 493 510 656 12 407 985 561 765 193 597 68 608 312 
19 111 730 899 913 485 852 815 676 573 91 64 12 329 658 167 812 200 181 495 
19 53 634 977 975 817 885 612 819 870 422 901 693 8 143 93 744 99 164 311 
20 998 680 387 8 664 266 526 720 495 623 713 777 115 279 448 544 900 668 491 380 
19 437 424 595 465 828 903 395 798 801 422 756 1000 333 954 93 594 861 245 460 
19 302 977 919 738 320 776 633 639 732 670 17 222 447 174 922 20 591 105 279 
20 598 652 995 242 851 659 486 674 476 390 736 215 175 768 581 841 374 97 261 969 
19 225 834 145 151 877 727 287 446 494 87 780 36 163 789 619 778 862 88 583 
18 753 194 810 749 617 72 598 828 992 15 199 191 468 582 653 202 347 947 
19 246 6 77 538 298 867 868 972 27 937 166 472 461 996 372 672 564 244 889 
17 753 496 369 841 589 284 286 397 143 713 226 491 12 737 131 896 800 
18 617 813 122 99 934 618 526 981 724 571 867 556 16 873 274 957 693 809 
20 236 431 811 904 890 193 169 702 586 903 928 400 629 217 438 114 723 117 119 572 
19 192 386 619 986 891 61 478 646 427 741 861 310 36 880 389 603 334 720 516 
18 124 705 780 109 564 913 789 804 698 3 535 978 326 567 320 758 132 930 
19 813 555 78 264 999 405 525 651 939 322 152 912 67 138 978 584 447 875 582 
18 884 170 544 368 531 788 394 645 626 764 572 497 29 78 882 418 554 785 
18 741 227 260 391 755 221 152 148 407 204 489 850 187 996 864 445 213 174 
18 131 467 373 144 905 442 710 799 382 456 550 690 773 151 476 477 614 629 
18 578 974 390 904 276 456 725 572 147 893 535 2 379 941 373 197 635 906 
20 227 572 443 302 151 876 534 316 757 925 181 738 22 17 48 243 512 638 824 787 
20 353 347 811 37 290 412 559 215 971 22 386 499 469 562 814 431 812 832 991 156 
19 320 309 756 178 471 134 514 264 291 168 166 571 709 843 578 550 814 105 452 
17 765 45 488 127 157 722 756 854 314 592 749 141 178 859 861 7 992 
19 275 338 617 844 969 659 274 128 421 584 986 316 266 702 776 76 611 532 779 
19 450 701 421 526 859 590 515 551 906 483 826 530 601 210 989 896 140 310 868 
19 657 460 299 400 428 671 774 673 697 58 643 789 539 185 882 116 816 459 172 
18 331 959 902 438 542 5 965 275 349 924 754 332 595 812 976 559 975 853 
19 654 31 86 120 433 616 811 561 355 852 452 34 173 910 967 83 702 375 821 
18 894 863 243 365 347 676 325 75 12 782 890 633 573 702 638 397 909 463 
18 275 644 500 574 25 595 192 946 963 828 780 311 358 831 137 873 846 57 
19 272 220 166 533 406 640 705 332 902 236 373 959 152 755 144 44 817 781 552 
20 843 98 652 65 959 14 790 688 679 24 412 314 162 235 755 924 273 859 967 12 
18 407 804 224 743 305 176 581 713 564 463 314 195 379 737 554 943 123 613 
18 540 281 894 68 229 541 292 332 291 59 724 355 286 234 457 328 79 194 
17 73 567 873 875 863 819 709 920 388 234 126 178 754 631 559 75 634 
18 902 816 329 739 177 809 276 418 630 991 526 405 551 286 413 674 164 955 
19 417 979 913 88 682 101 198 729 153 897 731 850 249 722 448 739 517 545 97 
18 368 597 2 168 146 55 699 419 905 907 481 679 163 132 77 418 493 235 
18 472 264 938 863 261 869 297 212 665 189 681 431 533 641 455 105 218 723 
19 162 221 222 727 48 397 906 581 797 850 485 233 237 85 461 988 700 315 307 
18 735 99 411 724 336 511 654 888 287 536 524 818 922 935 868 960 381 1 
19 45 979 705 696 667 356 335 640 264 219 325 729 208 444 566 507 788 320 906 
18 155 72 953 259 451 353 825 682 749 262 644 460 280 639 199 464 480 482 
18 507 296 91 287 873 469 866 897 188 723 341 757 884 244 191 342 311 694 
18 92 341 522 61 709 231 545 902 770 824 810 149 481 913 259 531 498 772 
18 348 728 70 512 578 480 340 291 983 240 47 669 380 2 572 783 181 579 
20 997 890 103 358 760 244 619 345 66 662 122 716 840 655 551 674 315 325 663 333 
18 705 55 96 517 515 178 772 393 932 421 766 127 465 499 76 878 433 767 
18 567 150 132 333 329 841 868 509 112 983 560 299 923 58 114 816 917 84 
18 820 181 618 994 206 943 912 600 622 132 217 956 301 118 241 117 226 625 
18 125 822 597 926 709 872 337 287 756 416 16 963 915 520 571 9 30 409 
20 205 819 30 195 55 317 282 713 570 297 10 518 61 181 662 599 36 263 94 817 
19 400 429 404 962 814 162 816 253 357 632 372 132 703 420 535 340 243 342 143 
19 11 161 866 264 964 340 684 752 660 796 952 352 647 287 685 894 380 387 373 
19 148 783 607 177 929 925 91 563 731 602 944 253 307 511 850 197 999 760 130 
19 605 641 625 543 757 665 306 162 814 849 349 121 629 645 860 524 417 702 580 
20 947 192 409 648 291 129 866 26 793 406 888 912 60 1000 504 677 71 479 700 133 
19 557 1000 969 195 318 633 847 755 314 688 104 961 784 349 540 110 515 167 178 
18 149 656 363 87 271 944 746 790 597 816 544 567 126 665 178 343 988 484 
20 674 755 491 526 64 348 284 104 449 660 24 141 925 247 603 134 694 721 186 570 
17 238 412 589 1 827 343 549 998 56 195 744 839 905 116 66 578 958 
18 195 99 561 677 634 840 807 90 896 646 194 913 117 554 211 803 295 6 
18 746 954 962 225 197 620 82 930 687 929 112 318 616 661 103 607 190 51 
18 623 538 460 330 354 733 349 535 68 452 94 283 415 356 313 49 70 602 
17 174 864 533 677 445 705 433 916 426 199 726 475 993 396 653 202 73 
19 874 35 276 388 23 44 211 138 198 237 512 254 556 177 415 832 910 319 426 
20 712 870 83 65 466 549 292 116 827 446 670 322 820 128 102 598 599 482 46 253 
18 205 716 72 888 642 699 397 405 116 409 972 969 452 698 204 82 902 309 
20 14 337 551 550 433 235 977 808 929 260 243 836 915 796 990 515 930 220 867 974 
20 499 221 412 702 294 794 715 206 160 442 636 810 62 941 264 481 415 501 822 245 
19 339 534 625 322 515 791 604 1 223 96 931 651 996 299 309 109 998 499 292 
18 339 525 875 841 603 807 705 422 816 402 851 843 213 958 23 470 987 798 
19 829 271 326 185 4 490 618 387 158 691 908 42 348 987 888 740 907 774 636 
18 833 884 324 64 65 248 218 696 507 239 27 870 118 876 182 794 616 637 
18 538 101 203 225 752 875 401 447 452 3 586 140 956 965 278 872 582 54 
19 847 968 966 579 848 667 839 858 198 298 911 877 373 154 398 793 147 475 264 
19 26 484 777 123 460 408 330 293 755 611 232 628 636 461 239 671 516 811 856 
18 377 4 818 457 955 58 976 395 79 682 166 353 905 471 799 318 843 226 
19 789 375 966 633 553 128 80 986 30 685 140 585 883 203 452 406 513 816 161 
19 723 751 133 991 80 572 321 609 43 673 344 291 675 364 899 200 124 574 494 
19 74 372 139 855 747 815 247 593 875 117 811 808 485 80 745 267 982 690 443 
20 626 231 810 14 837 679 878 233 258 549 892 56 86 369 279 72 849 853 117 5 
17 802 299 640 896 225 132 381 20 187 272 641 26 117 792 587 924 725 
20 479 563 143 993 192 252 989 26 127 211 60 164 699 55 56 224 636 459 425 963 
19 574 301 171 843 148 532 640 536 412 562 33 340 816 604 314 200 229 163 95 
20 50 803 149 349 261 584 249 955 148 510 864 795 404 262 308 962 673 142 968 457 
20 642 689 892 910 303 958 946 829 375 757 181 487 959 894 396 373 847 2 601 794 
20 335 359 738 798 457 848 543 18 179 541 230 221 836 343 964 520 993 885 881 147 
19 360 688 35 652 518 588 975 324 370 94 826 873 860 818 213 215 684 700 478 
19 279 42 128 345 150 335 608 493 125 189 243 928 475 940 965 165 198 572 595 
18 314 820 451 25 397 494 429 282 516 883 942 409 378 757 790 638 826 442 
18 346 176 305 760 948 41 672 8 21 437 783 487 841 309 874 825 551 184 
20 914 987 907 649 855 261 809 476 326 387 692 273 163 290 765 347 592 969 209 610 
19 628 308 692 47 307 567 282 14 957 787 673 900 438 889 642 562 463 346 283 
20 161 165 323 748 474 792 685 950 946 666 508 563 618 281 529 592 577 938 595 902 
18 524 879 508 186 401 184 304 834 704 58 165 448 694 60 992 310 466 245 
18 182 647 251 297 588 343 362 336 376 403 844 628 152 102 136 9 614 677 
19 773 1 184 92 270 732 579 531 440 112 213 205 333 332 989 759 879 256 348 
18 470 122 239 872 673 618 431 740 3 169 665 611 192 7 301 413 422 62 
17 352 470 172 290 835 536 641 847 304 516 541 243 492 53 555 359 897 
18 311 198 227 304 745 792 707 649 303 659 704 158 818 324 785 585 962 439 
20 107 551 694 960 901 862 138 311 172 843 627 840 253 418 769 123 175 969 739 834 
18 790 955 17 744 534 665 303 673 102 878 893 549 820 75 868 919 664 171 
19 572 542 752 266 58 422 98 95 18 710 514 416 32 879 594 412 780 548 220 
18 252 204 721 151 205 597 164 225 430 920 466 800 907 349 612 11 137 575 
19 401 329 303 292 140 445 536 790 131 394 123 742 114 269 18 651 419 596 793 
18 955 710 474 355 960 503 972 422 537 76 747 643 105 607 902 967 455 579 
17 950 746 172 463 565 107 653 757 924 192 912 731 186 432 213 291 888 
20 922 834 611 936 478 800 336 195 906 327 404 429 393 179 511 30 291 68 784 897 
18 897 580 945 661 956 249 785 9 446 774 126 553 807 227 479 545 354 295 
19 867 18 231 495 622 748 967 89 214 331 530 54 488 546 194 793 178 383 505 
18 341 328 141 857 870 654 306 509 854 743 716 316 451 91 406 550 249 545 
18 635 493 863 123 95 115 248 12 791 210 697 20 224 604 180 535 254 655 
19 979 235 828 719 417 526 568 205 304 372 711 678 116 309 627 932 826 655 545 
19 711 43 387 409 547 293 339 312 5 168 444 148 369 564 695 330 821 914 18 
18 56 529 474 367 611 664 906 368 831 773 37 477 231 261 551 333 866 492 
20 59 97 868 277 433 750 651 127 424 201 889 780 564 899 796 671 362 980 996 842 
19 325 904 993 134 532 698 814 898 93 192 778 29 436 355 40 117 459 727 246 
19 362 289 987 341 326 934 843 639 740 443 745 552 280 352 900 834 144 764 804 
20 422 200 824 216 245 295 833 334 930 760 916 11 457 125 865 766 614 712 181 313 
19 657 993 57 235 773 294 467 302 530 484 11 596 948 671 924 521 792 687 897 
18 631 201 975 335 44 580 757 599 876 481 486 832 732 825 451 177 839 532 
19 191 852 499 818 390 788 958 81 496 419 933 462 898 245 815 339 215 787 916 
18 41 950 269 643 774 36 933 289 132 890 805 675 399 541 272 594 322 202 
18 706 887 589 402 654 405 99 827 46 987 15 949 687 178 114 510 522 59 
20 690 922 290 338 367 383 71 644 824 958 678 253 84 199 20 799 511 870 830 430 
18 681 927 26 897 566 570 316 590 909 412 756 287 427 585 340 843 282 973 
19 864 590 167 309 274 825 89 315 121 546 968 628 133 560 138 844 62 318 193 
17 270 187 769 959 285 316 106 286 884 680 992 672 623 59 322 818 593 
20 831 257 943 233 931 718 147 671 650 975 765 565 351 643 213 230 111 185 909 45 
20 468 173 629 745 897 488 116 925 755 652 420 273 783 542 399 729 514 832 569 208 
18 64 239 863 610 50 195 566 655 381 997 70 777 156 395 221 415 41 595 
19 814 173 615 876 468 894 550 687 919 77 863 982 303 120 860 927 484 101 632 
18 213 627 900 233 618 976 57 280 187 249 428 832 144 924 561 335 137 825 
20 61 481 258 535 583 114 542 672 169 214 740 894 679 990 400 458 754 164 947 513 
18 863 7 917 686 785 998 620 314 922 980 678 968 33 213 831 414 805 252 
18 663 33 28 375 973 426 649 180 727 483 12 279 954 147 342 373 401 918 
20 183 309 437 421 60 758 66 294 465 492 176 323 643 890 733 276 749 493 641 196 
20 145 717 897 42 447 793 954 735 276 98 405 828 883 578 313 424 222 857 377 961 
19 201 379 889 752 579 760 186 57 22 200 736 639 801 99 466 345 61 700 709 
18 176 894 803 281 76 4 463 957 960 891 67 682 617 936 177 178 366 100 
18 749 235 571 753 228 508 725 625 307 899 498 917 291 109 446 66 615 852 
19 506 347 745 87 32 263 622 207 896 217 697 640 69 992 848 747 271 548 754 
18 770 482 495 989 30 85 952 375 424 977 509 477 930 251 489 185 108 316 
18 103 492 340 845 894 465 493 93 24 857 336 698 199 800 47 956 185 762 
18 996 245 673 955 214 801 622 445 868 281 453 689 364 640 543 371 283 465 
20 296 549 314 35 360 265 428 903 829 376 820 554 51 741 846 80 248 53 291 940 
18 227 225 795 882 738 817 848 771 5 828 527 159 570 903 464 612 493 814 
20 712 618 909 1 784 979 929 49 454 561 211 761 350 750 793 315 20 575 840 231 
18 847 76 253 346 561 75 686 34 300 722 639 251 677 957 437 694 965 229 
20 686 175 309 374 296 484 216 87 277 428 952 479 62 257 599 643 537 840 768 970 
18 887 159 824 438 699 926 391 988 287 357 222 178 683 782 192 72 968 789 
19 122 828 224 223 836 909 590 24 930 135 974 421 291 771 42 519 691 759 199 
19 23 369 144 58 155 50 30 877 749 262 134 829 162 626 426 228 497 802 719 
18 515 689 904 141 857 82 345 679 681 644 270 516 848 438 417 945 90 200 
19 798 98 102 925 866 71 851 182 276 692 940 413 347 906 737 808 628 876 113 
19 820 452 842 167 501 146 438 807 318 596 387 251 940 789 33 586 465 742 715 
18 45 608 876 781 380 671 231 676 916 589 298 27 590 947 840 130 125 878 
18 707 560 248 481 9 60 231 690 95 345 988 867 911 51 763 293 146 935 
18 118 605 399 914 774 853 43 279 365 975 189 224 318 60 258 439 789 792 
18 618 488 685 750 838 686 287 63 224 193 732 416 835 718 389 208 129 393 
18 604 165 47 593 320 208 142 425 384 127 679 73 114 313 708 310 997 140 
19 400 930 725 514 375 257 612 68 219 665 398 844 281 683 547 286 540 658 629 
19 76 633 784 923 746 974 845 329 928 673 816 722 518 416 230 112 865 730 228 
20 649 885 37 266 134 317 393 555 451 564 890 980 876 477 548 75 485 829 276 771 
20 84 622 746 994 806 266 899 603 482 237 315 985 557 228 759 112 793 680 196 947 
20 435 467 779 166 54 305 301 617 950 229 564 993 606 263 97 145 324 538 554 279 
19 334 341 633 821 475 291 956 605 319 926 513 123 793 114 990 285 144 534 790 
18 272 565 835 115 798 69 866 127 552 981 189 643 818 254 747 340 393 266 
19 308 951 616 738 972 397 846 254 57 892 930 518 665 883 253 370 469 455 660 
18 354 931 332 147 643 264 174 412 276 75 245 365 574 606 541 103 242 219 
19 593 987 560 453 230 142 184 695 253 322 819 36 108 378 776 359 765 41 215 
18 687 530 706 263 730 393 704 929 727 519 185 58 983 176 520 709 864 285 
18 66 618 21 147 521 102 699 837 929 258 520 674 80 946 401 642 374 976 
18 453 164 489 83 774 674 100 412 467 163 321 812 561 857 622 348 713 424 
20 796 144 464 505 134 286 161 869 248 226 717 841 26 725 669 610 644 202 80 361 
20 226 303 163 339 126 270 111 919 107 673 222 599 589 543 755 437 736 238 363 961 
18 722 548 167 173 843 991 554 479 676 514 566 459 476 11 546 695 516 156 
17 173 514 357 863 36 857 290 214 741 181 45 294 752 527 433 873 190 
20 804 166 168 785 162 456 766 431 444 111 340 945 474 838 35 617 905 928 879 426 
17 435 5 170 946 464 117 75 629 616 543 812 505 471 570 323 855 678 
18 211 117 897 497 270 966 279 704 943 302 18 264 351 276 61 577 430 295 
19 148 362 670 140 691 177 383 646 602 478 138 527 417 730 192 39 319 739 283 
17 661 835 418 743 525 286 50 830 76 898 72 399 329 545 768 304 552 
18 852 394 779 130 114 544 973 802 398 343 490 306 346 583 884 352 919 213 
18 857 736 631 91 265 624 79 258 15 182 920 581 204 343 780 266 529 353 
18 709 558 841 1 232 497 928 80 166 463 523 831 185 929 916 350 210 659 
19 57 948 788 957 302 587 425 740 927 655 180 116 827 728 157 154 278 84 690 
18 1 638 534 236 569 934 697 152 591 794 640 701 933 819 415 48 271 878 
18 843 244 938 281 768 30 101 206 939 116 470 259 52 39 582 990 375 502 
19 129 124 544 321 773 341 605 754 606 104 427 572 309 1000 459 130 667 498 61 
19 900 128 981 476 221 195 469 248 452 154 508 51 696 347 428 167 106 781 460 
20 144 716 812 39 156 377 573 991 353 625 772 471 734 219 633 386 827 70 273 787 
18 574 941 291 27 275 744 323 158 375 654 324 650 111 693 613 837 939 681 
18 29 830 865 21 816 763 252 44 525 26 199 37 778 4 45 513 359 949 
19 970 232 847 579 964 795 978 658 845 511 934 827 540 837 513 245 190 828 767 
18 603 321 368 815 468 414 42 28 860 23 354 943 835 66 412 486 611 833 
19 111 181 442 731 143 125 892 306 105 94 204 155 953 5 187 532 576 913 657 
18 711 192 681 11 793 63 470 461 854 727 903 415 214 222 167 526 264 597 
18 719 816 456 424 616 187 820 625 307 856 963 148 289 173 229 428 81 691 
19 300 157 275 527 472 573 429 48 923 444 906 640 160 593 641 515 358 931 279 
18 18 31 821 794 944 725 229 543 686 594 900 610 259 538 600 976 225 807 
20 357 752 242 102 673 268 456 575 250 480 171 794 179 431 336 573 924 800 999 218 
18 989 266 798 477 862 170 118 993 628 707 315 220 224 781 307 248 811 259 
20 640 286 284 977 691 285 669 949 344 888 690 903 578 48 818 510 870 53 811 330 
18 993 198 808 666 211 949 39 174 777 533 526 912 300 826 182 973 641 378 
19 580 266 306 570 695 878 346 145 325 163 651 469 347 556 109 495 704 381 134 
20 672 228 995 501 565 760 775 362 413 798 158 45 903 765 458 705 682 548 463 865 
19 440 65 928 333 93 465 929 82 697 747 617 351 331 499 918 400 386 685 200 
19 692 132 183 289 381 652 257 126 944 356 181 168 318 164 380 822 473 949 600 
20 914 284 590 192 331 353 94 855 916 429 854 377 289 811 736 98 687 256 200 975 
20 577 868 551 439 276 314 283 58 384 225 60 539 136 166 751 960 465 74 357 409 
18 598 774 278 669 903 392 78 298 153 428 215 498 998 937 538 307 394 940 
20 433 677 587 165 886 840 812 955 192 689 803 629 881 514 357 907 486 173 17 580 
20 731 277 272 538 13 840 86 58 624 614 898 315 662 404 623 701 468 716 441 340 
18 171 439 128 146 489 888 284 268 438 463 65 998 460 408 624 295 578 667 
20 620 679 497 41 385 108 299 970 197 470 406 343 216 582 222 306 58 45 199 691 
19 5 642 510 287 738 128 402 945 311 653 386 769 539 675 814 120 708 727 26 
20 224 672 871 646 74 964 729 769 204 261 173 807 89 551 530 872 809 386 266 715 
18 995 28 586 107 286 706 257 575 359 708 883 293 512 280 67 821 563 808 
19 184 64 736 697 893 350 661 141 370 113 968 340 74 669 753 3 343 698 257 
18 984 350 735 990 42 866 486 563 45 481 124 378 234 800 487 214 706 1 
19 280 435 375 792 744 802 783 574 863 192 232 181 63 873 754 791 120 266 430 
18 787 330 701 401 281 863 543 700 681 667 771 698 443 202 654 911 55 607 
17 785 725 262 921 245 819 326 994 425 32 399 388 559 227 527 117 843 
20 337 523 625 55 848 353 902 708 635 602 885 67 873 433 212 91 317 118 274 965 
17 989 652 39 722 86 372 485 309 273 400 317 752 274 120 897 607 427 
20 772 900 388 542 911 915 163 182 149 649 504 745 387 502 197 747 566 488 52 597 
18 678 323 849 679 787 54 675 148 236 988 172 596 536 640 409 957 240 639 
20 316 419 201 41 926 683 379 918 816 219 532 31 780 633 228 296 149 787 23 762 
18 337 586 822 813 242 545 353 439 944 263 77 14 518 806 622 445 567 966 
18 643 435 700 839 420 115 561 767 989 951 281 89 502 873 884 225 390 286 
20 81 731 246 889 883 2 809 178 927 131 941 814 351 232 114 393 594 696 150 712 
20 360 246 907 254 187 959 706 128 178 64 528 972 109 92 361 784 856 575 108 133 
17 902 808 766 996 973 919 221 854 824 783 927 346 710 887 986 146 816 
18 440 5 831 654 25 634 679 994 824 207 481 218 583 304 544 391 329 837 
19 935 526 25 845 558 284 305 516 200 625 144 836 388 494 576 42 344 233 879 
19 947 870 279 962 572 198 437 7 366 348 534 40 260 135 12 481 911 549 280 
18 944 60 852 595 929 62 448 284 645 268 677 667 703 662 223 337 907 5 
20 402 399 592 241 547 723 188 711 937 382 754 20 633 598 488 649 699 681 212 124 
20 126 389 659 247 507 273 621 243 300 976 187 97 790 584 148 408 539 90 774 553 
19 536 917 66 194 620 172 865 601 692 492 558 78 413 199 986 682 176 69 702 
19 730 924 977 310 149 18 663 952 552 244 894 30 47 899 122 904 235 986 39 
19 764 377 797 736 46 527 733 780 213 485 759 591 898 829 714 872 696 418 513 
19 112 340 244 936 813 511 508 824 825 142 24 36 302 242 815 452 303 325 149 
19 443 677 334 186 23 791 632 189 170 459 160 757 472 158 349 911 808 793 55 
18 649 929 959 624 136 800 849 548 984 81 824 70 451 22 118 470 339 435 
20 907 540 913 868 552 559 699 286 184 179 922 632 207 469 347 711 547 426 988 7 
18 577 269 738 665 277 395 819 859 699 38 32 137 421 749 416 926 222 737 
18 414 676 771 371 278 385 614 241 854 869 723 759 122 140 568 369 397 505 
20 378 80 54 310 271 307 361 755 190 251 247 774 701 594 983 334 622 678 712 957 
18 854 32 285 784 95 296 777 48 596 424 295 688 190 990 86 965 781 629 
20 177 698 52 424 560 278 788 621 139 933 155 925 161 850 445 412 62 273 943 57 
20 648 569 931 310 339 243 364 523 469 677 900 809 983 984 319 48 727 12 452 193 
19 899 446 580 996 436 926 553 545 669 508 862 377 297 141 455 537 603 656 385 
20 533 304 994 924 308 236 798 598 522 876 686 879 519 771 733 241 196 964 704 449 
20 999 386 894 347 277 630 131 879 707 415 405 654 294 960 134 718 994 75 940 37 
18 636 732 59 509 613 27 685 966 970 220 839 170 588 41 877 316 467 455 
19 240 280 345 29 827 381 219 293 475 845 678 302 465 615 956 664 778 444 315 
19 705 426 136 520 928 457 406 235 833 157 652 694 899 51 577 332 675 860 282 
20 492 17 207 684 459 108 392 238 71 954 124 615 727 921 93 956 664 660 220 196 
18 591 454 857 589 192 774 970 623 193 65 116 727 471 790 479 706 344 856 
19 620 501 405 546 943 664 634 239 325 969 555 292 188 348 380 439 25 584 771 
19 141 828 151 365 478 48 276 350 940 833 354 240 522 878 340 855 874 267 116 
18 121 810 38 683 887 450 8 693 729 278 943 635 639 354 872 841 181 179 
20 868 145 936 298 561 551 590 456 210 452 453 174 591 324 920 930 568 262 133 757 
19 509 394 835 350 270 137 6 230 740 935 921 916 417 932 913 983 552 181 719 
20 765 65 534 149 163 409 75 293 838 418 506 144 895 88 7 558 860 794 368 189 
20 132 242 572 285 955 107 695 782 101 562 122 460 628 712 527 847 412 792 868 626 
18 805 491 323 993 432 755 318 403 367 551 901 972 394 721 677 53 951 690 
19 450 670 424 573 915 186 702 281 689 413 668 532 501 857 63 344 428 977 200 
20 430 566 137 139 918 231 691 336 285 45 615 64 830 950 181 731 387 534 72 749 
18 681 140 548 702 536 160 580 748 73 236 653 360 930 96 829 76 576 484 
18 168 324 924 449 216 391 301 268 104 255 606 519 208 978 308 59 338 120 
20 842 372 81 561 548 50 490 127 147 640 712 195 165 260 590 482 770 620 421 246 
18 113 277 1 622 898 226 987 571 654 467 16 625 618 450 79 729 347 913 
18 454 483 465 746 768 484 156 97 622 823 561 54 310 715 776 974 251 349 
20 598 953 857 443 15 966 488 814 927 792 648 649 914 171 52 930 155 197 346 905 
20 1000 104 824 493 557 525 846 289 299 906 811 431 287 640 954 306 291 439 329 923 
19 883 859 812 962 923 396 377 640 895 413 594 861 294 698 795 421 862 372 810 
18 786 800 448 573 624 867 609 281 351 532 242 716 355 107 524 940 241 969 
18 950 118 880 475 360 417 244 243 212 552 452 425 913 648 215 962 341 107 
20 260 22 166 476 287 794 94 205 450 615 962 215 408 57 377 757 540 58 18 71 
19 538 90 815 195 985 529 786 198 91 840 165 253 223 359 945 215 19 58 302 
18 245 555 452 216 140 358 368 875 329 669 697 818 648 267 889 576 902 433 
17 654 154 700 131 31 940 123 137 582 724 206 595 142 496 917 454 918 
18 773 344 21 746 105 907 931 200 254 281 97 644 801 341 848 964 310 368 
18 293 825 513 175 108 35 495 714 5 216 244 353 821 785 970 287 177 672 
18 335 814 7 944 584 693 939 189 870 383 245 340 930 882 912 376 975 262 
19 121 268 653 727 76 682 731 674 445 134 124 788 640 763 429 958 902 806 547 
20 237 887 184 203 651 610 667 982 91 217 674 345 370 159 555 739 710 284 863 934 
18 39 598 240 108 505 399 337 989 562 496 624 857 412 636 877 567 122 142 
19 437 216 922 657 782 680 827 347 418 605 461 396 936 715 149 39 121 153 564 
19 460 237 699 231 37 899 540 82 65 656 944 829 179 590 986 982 549 96 754 
19 268 37 361 780 234 488 767 659 430 459 770 859 34 450 3 49 40 833 973 
20 147 20 975 71 814 702 759 743 314 441 364 38 306 669 478 100 638 269 709 469 
18 768 630 66 861 529 615 636 981 595 87 280 208 909 722 376 866 774 479 
19 112 643 726 200 343 963 980 624 806 493 973 772 621 695 355 550 52 898 537 
20 170 629 706 212 282 449 147 199 383 861 31 404 537 320 613 17 312 477 547 637 
19 330 274 351 928 535 424 37 136 273 297 345 641 433 497 516 568 306 302 584 
19 210 370 87 562 113 453 691 590 320 854 400 404 676 794 536 796 494 507 735 
19 635 123 94 349 785 277 600 861 752 497 138 64 106 627 101 85 218 730 740 
20 912 796 907 637 39 654 267 400 799 746 364 361 382 689 423 932 394 740 830 825 
20 135 78 413 403 220 451 292 331 442 6 138 599 361 653 170 450 350 8 97 796 
19 486 554 30 50 211 476 238 650 522 953 292 528 976 737 150 442 890 995 366 
19 218 680 805 987 281 348 61 95 309 956 773 526 110 931 758 445 5 846 868 
19 705 416 895 949 292 295 90 119 539 194 909 680 683 398 983 364 934 145 22 
19 49 352 628 769 350 500 543 592 242 53 643 662 924 92 403 733 342 481 795 
20 315 700 659 845 55 365 484 279 532 152 168 960 235 449 481 973 439 44 7 509 
18 34 267 946 931 324 471 297 549 797 18 912 513 146 305 27 50 813 239 
18 376 596 302 285 345 743 611 104 963 631 77 970 221 973 693 178 150 313 
19 138 883 626 241 395 34 41 885 413 765 348 360 182 671 757 650 880 722 783 
18 712 543 41 210 374 508 36 461 416 171 42 222 132 952 981 525 842 977 
17 830 7 146 851 481 791 810 743 515 382 353 960 431 803 899 930 618 
20 748 483 716 318 302 124 434 500 797 726 210 64 40 989 23 526 687 811 171 407 
18 726 19 569 593 96 456 414 833 883 376 755 77 471 224 991 986 783 357 
17 633 506 189 206 407 311 646 12 52 138 645 929 629 987 675 587 635 
18 704 328 823 850 80 322 257 835 783 377 538 821 333 721 217 6 420 485 
20 421 219 155 851 647 816 304 565 573 653 225 533 835 608 525 141 453 180 766 23 
19 931 29 331 9 287 16 699 87 718 228 897 706 518 920 320 185 213 938 742 
19 378 502 835 819 518 560 469 791 517 418 927 747 888 584 677 344 768 45 929 
19 806 640 364 692 39 811 415 676 781 706 45 223 483 798 167 646 621 58 505 
20 939 400 611 712 109 170 84 21 337 274 321 551 16 72 785 477 43 798 147 88 
19 348 282 140 677 842 206 892 149 263 200 960 473 962 308 128 237 599 877 28 
17 286 668 677 166 643 3 948 819 226 869 916 223 319 440 321 280 378 
19 12 993 275 977 125 147 624 861 931 19 295 248 929 391 26 357 24 607 801 
18 831 670 595 276 782 705 311 934 639 730 882 398 487 188 442 623 95 630 
18 132 798 647 534 617 49 301 589 3 659 715 839 686 995 558 73 588 286 
20 734 402 647 719 291 900 557 978 873 467 23 590 437 26 619 510 823 434 841 966 
18 540 195 855 883 381 813 644 444 587 998 404 790 865 746 984 156 162 551 
18 634 918 78 362 776 975 612 582 567 143 465 673 395 204 961 311 750 607 
18 949 451 117 760 952 748 20 765 939 14 606 610 807 793 198 640 955 202 
18 400 437 580 368 585 436 478 973 401 563 993 590 773 689 785 570 411 729 
19 553 395 886 513 272 187 989 844 642 156 431 520 269 871 682 953 394 979 369 
19 778 191 60 536 252 168 165 372 994 497 735 601 296 832 100 722 236 858 954 
19 27 493 151 225 69 256 810 183 552 741 787 90 665 875 517 710 678 926 93 
20 314 214 698 751 112 48 944 912 761 310 128 212 331 450 705 653 902 551 367 241 
20 899 827 735 271 15 305 120 139 740 359 243 823 954 595 690 738 258 675 993 448 
20 990 26 906 951 701 477 969 174 54 570 463 999 875 316 668 424 62 209 972 797 
20 865 955 898 920 418 462 150 145 47 525 885 458 48 812 718 598 580 904 87 992 
18 404 673 622 633 10 350 31 523 570 826 757 222 878 439 793 493 400 104 
18 684 755 380 924 170 156 105 72 331 398 200 758 589 607 38 78 982 958 
20 337 324 199 619 788 888 274 598 578 520 743 256 900 155 406 394 687 961 680 935 
18 144 858 915 468 372 342 733 761 436 51 595 262 840 280 184 20 277 16 
19 112 986 737 478 985 844 151 678 561 551 444 215 987 41 676 359 858 197 245 
20 332 428 436 522 576 568 599 928 61 783 445 156 771 904 747 193 965 910 167 273 
19 776 825 571 166 57 578 607 996 639 500 488 368 207 646 518 550 478 172 842 
20 419 762 525 856 473 53 302 520 774 723 198 271 283 920 22 412 767 690 738 754 
20 880 639 723 95 364 94 886 412 381 31 214 948 676 334 966 113 567 519 283 589 
19 721 115 325 743 388 497 799 191 214 196 937 239 961 52 863 552 698 524 710 
18 939 40 395 730 780 8 955 271 708 520 829 573 715 496 529 32 965 624 
20 239 26 601 698 654 644 471 575 223 533 998 753 990 818 719 788 812 338 59 651 
19 218 52 94 892 78 90 985 462 137 70 680 294 102 539 263 638 624 44 620 
17 50 902 444 754 632 679 784 706 485 248 124 208 940 171 452 793 52 
17 403 618 791 481 644 605 244 321 87 899 684 619 739 297 256 428 282 
19 231 70 143 47 600 126 83 704 590 269 417 512 400 725 948 678 236 904 76 
19 47 947 219 626 2 248 792 483 496 953 902 145 530 226 291 620 915 118 652 
18 454 863 177 765 274 569 568 633 808 874 2 359 133 203 266 117 659 520 
18 948 867 314 140 699 371 807 968 826 617 323 453 593 334 155 872 553 134 
19 516 191 693 962 736 5 55 666 620 25 230 893 835 465 426 543 500 218 719 
20 269 787 765 243 795 722 148 349 463 610 976 447 51 53 753 660 375 946 261 247 
20 738 712 736 383 227 678 769 677 696 81 758 914 751 83 277 818 611 523 14 653 
18 255 561 957 968 454 638 534 652 350 777 277 362 787 749 745 887 599 527 
18 650 644 812 243 98 487 870 589 767 150 932 322 619 182 134 768 756 225 
18 291 356 95 45 793 17 533 595 441 580 18 451 919 828 131 254 642 344 
19 871 552 311 393 116 205 371 154 283 660 907 335 984 276 607 680 755 568 52 
19 869 395 203 103 810 400 113 559 537 288 480 610 211 497 197 159 926 885 768 
19 332 287 774 541 336 102 880 797 131 496 121 951 684 53 352 10 128 706 173 
20 848 614 593 953 510 346 642 281 348 623 421 923 535 547 447 574 806 310 481 352 
19 532 849 165 988 504 714 122 208 436 422 287 956 101 131 959 126 777 990 976 
18 741 731 739 146 544 555 581 62 944 571 469 635 277 788 9 478 418 263 
19 899 93 832 53 14 707 567 259 969 465 358 143 315 416 696 10 406 543 266 
17 328 289 473 356 671 913 432 285 965 239 51 154 290 312 727 486 535 
20 871 2 130 252 769 573 809 299 76 265 369 512 89 51 79 384 458 694 124 246 
18 23 287 844 416 904 531 466 983 932 809 684 744 17 691 368 951 644 869 
20 198 560 897 979 435 354 617 835 528 285 388 864 716 175 891 8 703 444 851 976 
19 115 785 853 275 810 518 714 634 210 823 477 556 901 240 194 300 575 24 894 
20 68 698 405 861 753 495 205 873 312 454 439 20 829 604 245 802 366 668 573 296 
20 417 196 188 69 247 80 24 765 677 149 167 871 217 763 368 506 355 316 101 803 
20 474 793 929 783 721 229 269 595 162 703 87 843 235 635 985 305 495 55 89 120 
20 256 500 249 139 536 467 171 423 570 266 934 548 518 76 367 682 575 361 591 307 
20 761 844 132 597 235 388 985 106 28 396 197 857 387 189 572 848 914 226 907 449 
20 724 792 715 389 800 173 90 423 262 914 49 638 893 580 172 391 637 1 138 31 
20 167 625 52 383 584 970 358 481 520 370 747 665 413 513 964 695 791 90 256 343 
20 458 608 845 689 408 711 122 854 308 190 671 579 581 924 638 576 254 649 572 996 
18 447 819 735 583 362 87 680 292 657 523 777 789 27 265 950 573 461 148 
18 677 477 211 191 247 740 451 4 140 743 723 915 74 777 385 141 995 147 
18 718 332 488 672 326 335 600 688 212 627 104 353 508 334 689 945 25 940 
19 154 838 211 177 517 996 65 579 534 69 644 716 410 117 907 443 219 208 823 
19 621 653 193 113 139 915 993 40 218 669 119 672 14 354 453 529 1 507 262 
19 967 507 258 300 295 646 700 362 453 534 28 493 550 868 166 638 986 911 793 
19 934 842 665 670 24 696 273 203 612 573 403 661 488 517 669 269 67 900 427 
18 758 257 18 455 713 568 162 917 36 20 31 269 124 952 444 500 469 767 
19 318 925 586 131 784 125 777 921 667 708 456 874 382 170 348 393 319 151 425 
18 658 814 968 189 295 678 752 451 59 261 727 813 77 660 227 753 592 694 
19 869 304 615 969 128 504 685 894 634 212 701 850 543 262 470 654 35 8 742 
19 553 624 770 472 37 799 850 148 245 384 842 206 248 533 588 197 283 668 289 
18 419 205 693 144 370 732 507 842 534 904 162 217 718 331 22 59 14 749 
20 581 887 820 696 660 3 650 408 950 157 724 916 133 84 334 259 685 415 371 714 
20 287 460 945 44 601 182 524 179 148 432 948 459 626 118 636 866 848 144 944 215 
19 46 678 218 796 444 213 65 724 98 142 515 614 310 368 822 940 106 137 245 
18 341 395 663 69 81 464 281 566 18 878 362 542 765 201 353 694 9 125 
20 623 822 139 910 368 640 257 855 840 100 666 458 305 338 472 843 438 449 677 732 
19 55 975 881 656 725 281 618 7 848 661 601 60 796 483 780 412 273 418 888 
18 887 997 984 846 345 569 196 979 16 884 698 7 380 542 98 89 53 750 
19 1 959 983 65 652 209 578 447 279 142 703 508 93 521 847 503 961 614 517 
19 586 950 485 358 275 567 249 32 458 621 772 902 777 861 779 921 7 813 354 
18 364 234 943 451 697 228 684 83 199 101 613 760 495 754 77 513 921 366 
18 324 332 355 342 681 842 244 313 765 151 728 718 383 217 684 882 439 709 
18 390 115 803 453 913 480 491 715 771 502 772 131 322 89 178 614 514 442 
19 729 363 502 799 432 13 26 336 354 292 6 301 452 94 56 812 597 101 805 
18 968 72 81 469 334 471 783 507 745 754 628 577 339 519 987 254 422 31 
17 487 573 693 257 38 141 510 334 809 224 242 851 194 63 53 810 926 
18 419 381 746 649 587 166 7 20 396 675 229 162 716 968 315 536 90 838 
20 366 601 121 624 995 159 676 167 785 246 420 128 672 411 65 693 468 830 587 645 
17 792 705 816 886 1 271 329 542 711 541 151 682 89 421 161 523 226 
18 400 965 376 242 154 136 355 532 517 668 200 527 304 177 401 778 831 445 
19 420 832 858 235 87 615 40 425 190 939 581 948 187 536 44 980 796 427 944 
18 715 416 635 375 160 387 187 85 168 946 547 354 261 753 379 37 192 876 
18 837 166 503 807 350 1000 954 130 369 722 692 363 106 664 451 793 675 417 
18 192 784 569 123 136 224 673 397 619 593 983 287 268 290 432 795 589 833 
18 454 508 73 444 202 66 46 650 821 355 382 337 426 268 352 543 310 254 
19 166 581 874 145 562 601 360 924 629 925 225 7 787 635 528 144 332 972 945 
18 459 962 254 298 799 267 185 989 10 137 359 200 983 945 728 681 467 483 
18 270 565 631 37 833 7 233 32 449 119 587 180 926 302 325 676 81 146 
20 854 895 365 806 810 784 821 170 8 159 621 938 213 256 480 281 542 276 889 659 
20 76 444 176 544 474 968 620 450 53 48 240 741 716 74 198 388 183 784 833 962 
20 124 900 1 626 255 92 837 435 147 246 934 984 974 159 277 709 836 294 667 316 
18 348 234 754 913 209 797 684 520 982 580 806 932 473 543 273 692 235 573 
18 324 72 994 761 5 465 890 232 7 697 453 657 748 668 984 19 651 365 
19 299 437 712 341 270 911 976 924 948 310 36 256 582 97 204 839 3 108 502 
20 447 541 334 254 280 297 142 803 3 164 686 417 228 527 847 517 562 952 623 765 
17 777 540 298 117 896 590 489 870 386 357 770 974 74 874 774 226 67 
18 87 205 800 999 796 948 574 182 686 131 559 142 141 108 756 331 239 308 
19 562 991 293 448 267 344 71 497 649 184 711 803 45 967 61 232 412 871 339 
18 426 843 804 497 602 3 922 687 927 628 626 836 514 339 2 596 729 350 
20 446 623 226 672 333 379 851 525 501 731 513 545 440 845 883 872 395 112 365 756 
18 648 345 311 671 285 823 946 666 948 3 622 701 324 406 768 931 151 438 
19 578 313 715 960 44 984 688 258 858 328 663 484 273 465 4 40 36 43 712 
19 930 828 316 16 950 300 262 964 35 705 867 413 443 999 565 742 662 786 444 
20 85 107 605 45 988 458 367 739 344 772 582 818 810 432 667 436 953 243 913 645 
18 30 321 27 192 826 583 102 675 323 921 505 395 45 947 82 263 187 301 
20 698 265 667 901 819 697 156 681 97 633 835 310 530 268 883 626 798 130 27 674 
19 454 145 469 119 585 870 956 488 557 525 76 391 424 776 548 856 650 586 896 
18 367 480 248 534 665 226 169 230 675 62 645 578 633 386 651 823 132 444 
19 556 516 775 714 76 539 230 801 295 740 659 625 586 813 251 626 155 917 70 
19 228 36 108 137 405 919 69 888 308 261 241 591 990 575 549 385 286 738 131 
20 692 742 362 207 472 214 410 819 928 631 239 988 727 229 40 581 314 200 493 509 
18 499 29 438 453 307 829 871 543 967 937 910 482 240 922 469 254 737 364 
19 196 458 241 259 648 669 809 604 518 670 876 663 343 763 857 32 924 316 76 
19 41 270 474 229 889 257 730 307 936 138 558 46 96 543 464 368 729 815 864 
19 315 942 74 26 139 638 183 852 166 297 339 796 211 460 791 177 985 218 581 
20 739 199 949 1000 784 396 729 870 990 742 84 85 880 184 13 339 671 734 148 950 
19 15 823 364 632 539 991 109 836 908 165 114 150 634 980 138 703 189 74 883 
19 567 160 460 933 346 829 981 265 320 429 5 676 13 932 774 425 552 722 349 
18 449 683 938 597 551 255 109 679 812 42 361 916 390 105 729 624 527 419 
18 308 5 220 454 900 618 345 247 922 288 726 919 122 405 745 735 713 216 
18 355 950 259 791 727 782 410 588 707 904 155 428 75 716 686 943 868 415 
18 164 85 103 664 556 561 87 562 107 793 451 830 65 432 881 162 724 36 
18 231 873 475 350 712 436 598 228 109 382 66 884 742 72 849 136 685 299 
19 762 325 802 296 804 251 532 49 585 594 479 732 283 85 644 601 154 365 773 
19 794 548 453 857 425 112 249 586 882 183 447 803 194 49 127 929 971 119 766 
20 985 378 671 904 582 765 845 214 964 785 418 140 403 914 957 720 906 188 540 829 
18 420 996 546 686 340 518 330 847 648 870 68 71 586 49 728 859 137 79 
19 609 349 800 53 941 421 38 876 300 389 945 250 166 524 682 842 620 993 303 
18 274 637 251 799 423 294 518 361 475 94 607 465 227 468 35 654 84 108 
19 619 745 900 70 999 927 392 352 332 86 324 936 882 513 854 925 342 632 709 
20 954 37 344 315 921 995 17 306 451 644 595 885 384 494 439 526 630 98 678 600 
18 331 368 791 808 147 775 415 997 139 513 784 978 325 954 510 950 830 522 
19 761 554 424 96 936 469 395 398 883 366 980 43 540 906 631 402 836 854 775 
20 195 84 321 424 578 657 656 680 411 365 637 593 576 319 488 761 185 879 865 526 
20 492 873 83 339 114 531 746 666 435 251 475 425 372 997 21 777 796 102 236 548 
18 74 50 773 991 831 634 590 511 170 995 885 539 378 737 764 518 720 134 
19 163 574 566 521 412 716 719 472 60 267 597 440 119 50 672 153 759 12 309 
18 967 869 418 440 385 197 248 284 162 744 421 303 675 933 637 243 377 378 
20 962 429 300 384 304 843 186 499 378 995 178 248 18 796 480 775 270 553 576 341 
18 120 50 965 530 484 298 133 266 25 578 136 62 441 413 317 91 337 158 
18 533 487 923 469 813 891 793 905 39 450 753 455 869 209 428 418 678 189 
20 152 20 883 4 839 459 807 624 975 270 951 83 240 472 671 440 223 26 755 825 
18 103 898 148 771 540 582 64 758 450 825 631 388 486 981 983 175 507 663 
17 331 718 604 754 384 615 476 550 816 174 849 240 578 323 529 583 607 
20 533 634 799 74 736 255 605 707 896 777 808 199 223 797 474 38 89 280 94 114 
19 896 816 543 411 359 168 506 99 810 726 312 965 824 600 687 486 777 172 716 
19 305 281 651 263 310 863 382 637 966 365 202 613 4 156 710 704 688 213 666 
20 67 953 726 128 446 730 961 328 3 75 708 511 93 373 249 747 979 69 564 687 
19 122 424 185 972 969 126 294 596 511 756 333 713 855 741 476 171 358 873 587 
18 848 761 984 276 938 513 663 28 132 196 31 706 705 789 429 838 608 805 
20 581 731 563 973 116 119 739 1 819 360 78 926 836 464 512 136 586 880 579 663 
19 49 431 61 372 498 856 692 547 428 336 628 651 406 60 882 481 844 569 860 
19 670 687 451 114 340 885 736 145 242 18 302 974 924 69 503 232 297 408 362 
18 355 575 316 251 286 489 482 707 359 322 733 605 332 160 941 139 201 107 
19 36 666 143 179 684 827 113 250 524 374 539 574 872 332 581 497 723 612 183 
18 529 983 105 299 788 775 684 801 20 642 378 365 462 375 481 975 165 118 
19 996 616 357 154 374 509 794 514 89 372 436 427 230 179 177 734 586 169 631 
20 144 199 521 730 167 448 105 487 505 748 217 3 320 563 170 409 771 670 292 661 
18 22 821 129 139 247 311 301 935 913 695 314 908 217 181 971 484 69 691 
19 270 98 881 827 369 374 735 94 271 552 876 235 569 601 960 627 349 784 294 
19 83 914 3 483 733 86 796 221 300 176 729 367 908 474 748 771 393 641 182 
18 393 475 412 205 244 877 333 591 660 749 897 740 168 394 909 169 891 521 
19 379 761 495 845 142 12 197 946 775 694 323 395 500 874 529 617 849 801 553 
20 978 366 820 511 84 22 196 439 744 685 934 271 822 975 557 706 487 919 664 628 
19 7 991 443 695 72 941 903 115 87 799 170 10 62 905 192 287 29 302 71 
18 155 982 303 693 344 861 363 240 241 61 938 818 420 146 462 922 792 464 
20 306 211 10 436 578 936 816 605 132 113 200 246 221 192 148 937 938 362 708 667 
18 515 126 590 653 522 670 804 807 232 747 156 234 57 66 178 535 296 245 
19 401 98 181 8 618 350 372 871 991 615 514 576 321 583 146 141 813 738 432 
