129 839
277661 0
767102 1
999997 1
787606 0
672699 0
465348 0
369852 0
343380 1
950461 0
831846 0
766599 1
649327 0
680874 1
557195 1
500769 1
800870 0
695648 1
61259 0
107123 1
642961 1
779448 1
294691 0
940321 1
285381 1
226993 0
48483 0
906524 0
607097 0
655796 0
200988 1
321804 1
540123 0
643714 1
382931 1
362799 1
562820 1
235148 1
470495 1
908755 0
283084 1
871227 1
937591 0
690161 1
795182 1
682496 1
885469 1
227514 0
408946 1
260225 0
729064 1
476135 0
679513 1
852462 1
237103 0
544341 1
457275 0
146572 1
132162 0
336500 1
725407 1
806870 0
973969 1
121575 0
674257 0
761457 0
823258 0
298166 0
721198 1
17719 0
78455 1
60518 0
140898 0
43717 1
7594 1
80146 1
460234 1
349881 0
990542 0
435675 1
784561 0
908843 0
679602 0
526569 1
544931 0
660417 0
686069 0
781819 1
755805 1
158641 1
815061 1
397387 1
21275 0
477312 1
345713 0
473307 0
482912 0
215490 1
308982 1
352681 0
787824 1
615431 0
746275 0
883201 0
111892 1
388866 0
866426 1
774952 0
301472 1
841956 0
132833 0
494490 1
840577 1
340986 0
476125 0
264857 0
406850 1
102344 1
456443 1
387908 0
391534 1
848333 0
293159 0
363411 0
874585 0
675875 0
949290 1
787684 0
466736 1
919697 0
342359 1
616022 0
691689 1
394917 1
46088 0
655520 1
546316 0
835088 1
893268 0
688603 1
21778 1
707080 1
595121 0
836222 1
487271 0
524693 0
295773 1
92043 1
661503 1
306421 0
754533 1
284153 0
453679 1
248552 1
234430 1
670322 0
800550 1
413827 1
81087 0
75711 0
982235 1
759414 0
770306 1
666101 1
5409 0
523074 1
701733 1
14064 0
882203 0
965084 0
936792 0
675657 1
863426 0
191750 1
980110 0
684874 1
513081 1
360948 1
558481 0
53862 1
397360 1
163116 0
817614 0
770453 0
213095 1
785145 0
792785 1
898616 0
69281 0
265164 0
953257 1
37268 1
322797 1
159609 0
986754 1
758436 0
849778 0
516634 1
23981 1
104109 1
150974 0
219723 1
295329 0
8200 0
956218 1
464146 1
932369 1
817535 1
201165 0
101352 1
982209 1
606190 0
294956 0
578408 1
571105 0
171299 1
804208 0
218135 1
120526 0
786731 1
822943 0
856006 0
12358 0
75064 1
822111 0
568241 1
370777 0
402123 0
650922 0
125881 1
143945 1
711476 0
234996 1
721204 0
528417 1
647951 0
625244 0
703747 0
197257 1
268347 0
410100 0
787849 1
658230 1
913297 0
935275 1
707532 1
896162 1
232891 1
766818 1
991991 1
537670 0
135227 0
737131 0
411162 0
557579 0
184535 1
122834 1
88731 1
694980 1
449365 1
646899 1
882804 0
652532 1
434410 1
911396 0
231437 1
171082 0
263684 0
516626 0
493079 0
652917 1
598215 1
513044 1
626673 1
947859 1
588021 1
493822 1
235871 1
77595 1
955319 1
372264 1
593857 0
613993 1
50579 0
190808 1
431414 0
507711 1
356844 0
328478 0
374174 0
89777 1
785247 1
586240 0
89047 1
545446 1
155221 0
9216 0
89187 1
474417 1
633209 0
721004 0
743423 0
755433 0
103871 0
582007 1
939847 0
19827 1
693015 1
853502 1
292343 0
852242 1
590568 0
328164 0
314245 1
426784 1
432016 0
946864 0
818709 1
889973 0
136938 1
94882 0
943953 0
377124 0
263501 0
525719 0
839885 1
688978 0
416509 0
853191 0
309946 1
191045 0
836948 0
409212 1
568727 1
145765 0
230043 0
909496 1
59473 0
259558 1
368176 0
201057 1
642191 1
791920 1
594434 0
630663 0
421004 0
764278 0
845345 0
222142 1
649422 0
725768 0
935111 0
530342 0
903320 1
252122 0
424099 0
879555 0
239064 0
173423 1
308800 1
14758 1
811516 1
153002 1
438197 1
623604 1
75963 1
588369 0
610931 1
91697 1
383922 1
39545 0
479073 1
828973 1
432551 0
833186 1
876475 0
80429 0
659263 1
171965 1
48816 1
266120 0
482471 1
541465 1
101116 1
982789 0
520881 0
442571 0
871127 0
286814 1
973457 1
936433 0
156915 0
48256 0
159084 0
789295 1
245525 0
208864 0
564204 1
540136 1
696723 1
895372 1
814143 1
124919 0
157861 1
453921 0
107928 1
852445 0
782958 0
909572 0
850431 0
874688 0
707424 0
444587 0
230669 0
316393 0
885233 0
220806 1
683927 1
979649 1
902783 1
926200 0
437301 0
523079 0
346997 1
764626 0
359369 0
637819 1
408162 0
481342 0
792858 0
386501 0
104809 0
181485 0
635860 0
846261 0
129805 0
974952 1
370933 1
222758 0
563250 1
533438 1
231767 0
671555 1
445333 1
118034 1
783772 0
489338 1
795046 0
37464 0
133210 0
874513 0
596688 0
96961 1
344736 1
413313 1
600255 0
381706 0
74970 0
144230 0
303098 0
165416 0
920154 0
809295 0
742078 0
456168 0
526273 0
916350 1
838734 0
313984 0
154641 0
64207 0
575741 1
996371 1
539469 1
964338 1
535999 0
703975 0
745573 0
559650 1
511878 0
915677 0
791542 0
617620 1
516395 0
864395 1
603201 1
424953 0
95546 1
640048 1
517733 1
88777 1
828867 1
425084 1
643065 1
769095 1
820810 0
544121 0
783694 1
915647 1
539747 1
125113 0
818593 1
916054 0
356280 1
89950 1
207464 0
929515 1
294253 1
185136 1
407669 1
142109 1
692744 0
389857 0
390876 1
642863 1
325348 1
680174 0
60775 1
230482 1
188395 0
880117 1
64956 0
976141 1
739584 1
335300 1
418225 1
855839 0
205535 0
7330 1
184624 0
332296 0
768115 0
422569 1
716031 1
298252 0
848464 0
749550 0
611598 1
715592 0
348892 1
944375 0
111823 0
908621 0
404460 0
939488 1
301396 1
522716 0
38022 1
834821 1
272146 0
423629 0
606 1
727043 0
640292 0
700308 1
323788 0
731216 0
296694 1
595360 1
700561 0
762804 1
557326 0
622844 0
283207 1
989955 0
825669 0
963283 0
389055 0
228160 1
227616 1
900865 0
450437 0
891268 1
468897 0
857960 1
708311 0
57161 1
303721 0
330551 0
140228 1
118712 1
560058 1
378225 0
506669 1
121850 1
303600 1
429335 1
669734 0
278261 1
109120 0
209013 0
197656 0
7770 1
870298 0
142035 1
64585 1
980531 1
133519 0
444059 0
749198 0
341511 1
927736 0
82029 1
457410 1
664932 1
259371 1
186578 1
313418 0
759799 1
68936 1
804668 1
708917 1
34993 0
862147 1
218202 1
830266 0
195519 1
638457 0
612730 1
136757 1
863906 0
997290 0
222657 0
697123 0
816665 1
772225 0
178582 0
103494 1
281628 1
640205 0
944924 1
873212 1
572313 0
795135 1
400782 1
258883 1
134503 1
865825 1
136373 0
522759 1
44735 0
823823 0
132718 1
366596 0
835607 1
304141 0
475338 1
502428 1
328875 0
610767 0
939873 0
401762 0
965360 0
779096 1
763389 0
875056 0
799972 0
739548 1
219630 1
101581 1
54116 0
53940 1
309596 1
52283 1
619395 1
520846 0
791291 0
664425 0
438566 1
144167 0
696090 1
328513 1
228896 1
442477 0
480703 0
143022 1
953806 0
762826 1
164874 1
309204 0
230627 1
85985 1
163634 0
41994 1
167092 1
487153 0
165824 0
465756 0
784596 0
718738 1
412435 0
511627 0
112377 0
224366 0
729019 0
622598 0
342786 1
100019 1
119196 0
827826 1
18646 1
290046 1
422249 1
671837 1
249171 1
132279 0
751326 0
273566 0
546043 1
755000 0
100931 0
415871 1
597729 0
896610 1
985252 0
927139 0
803536 1
849912 1
661918 1
655969 0
208243 0
661491 1
24787 1
664803 1
943255 1
285913 0
967634 0
326315 1
318808 1
233831 1
327632 1
195493 1
29788 1
190143 0
620117 1
2239 0
714653 0
526720 0
903587 1
118321 0
478498 0
412914 1
471794 1
195174 0
593303 0
457249 1
231521 0
38943 0
667038 0
926986 1
201551 1
769372 1
150015 0
263096 1
217231 0
500938 0
349506 0
402493 0
772720 0
459468 1
727498 1
402813 0
435597 0
807660 0
972809 0
951573 0
535910 1
330822 1
348497 0
576728 1
967171 1
968657 1
895515 0
524266 0
602104 0
565802 1
418110 1
254947 1
585925 1
308001 0
209930 1
806906 1
109954 0
283134 0
255864 0
200620 1
935009 0
923233 0
85260 0
587712 0
79197 0
187838 1
40017 0
896569 0
701525 0
629492 0
430079 0
255470 1
649026 1
989578 0
312892 0
514347 0
632608 0
368023 0
51956 0
18537 1
312399 1
940749 0
799264 1
35554 1
566019 0
938490 0
937780 0
611295 0
83383 0
285815 0
448891 0
840266 1
508805 0
973035 0
240071 1
696838 1
147043 0
230103 1
475296 0
162495 0
319857 1
875666 1
753004 1
550312 0
543757 0
330698 0
793564 1
167457 1
290819 0
38150 0
77773 1
618716 1
434514 1
840556 0
802709 0
866577 0
627609 0
56954 0
225514 1
13787 1
248472 0
469153 0
51189 0
820520 1
225879 0
621890 1
794638 0
118362 1
994115 0
522002 0
397133 1
214650 0
3318 0
705387 0
529458 0
251037 1
577815 0
498190 0
430154 0
359565 1
324283 0
938511 0
916534 1
109803 0
412699 0
970156 0
74212 0
289262 0
460745 0
161310 0
477383 1
649093 1
720739 1
228155 0
642948 0
627954 1
854859 1
893166 1
507501 1
272894 0
886767 1
970447 1
512848 1
380428 0
480592 0
341667 0
155731 0
353044 0
625607 1
751514 1
350316 0
895066 0
249693 1
640736 0
560444 1
841770 1
940770 0
130364 1
557475 0
747157 1
522487 1
443038 0
840888 0
942533 0
38065 1
860670 0
8671 1
984979 0
151231 0
385720 1
838344 0
916456 1
552706 0
799619 0
989113 0
120645 1
167074 0
493114 1
683891 1
571893 0
796384 0
96119 1
557955 1
623945 1
769568 1
605355 1
581618 1
372964 0
104515 1
168600 0
678010 0
184736 0
592689 1
69306 0
456051 1
399506 1
251581 0
107506 0
147224 1
256565 1
560151 1
579435 1
652940 1
839187 0
317074 0
999997 0
460984 1
593690 1
973269 0
1088 1
485731 0
347154 0
736192 0
457179 0
152130 1
468033 1
728358 1
285935 0
652909 1
550192 0
567773 1
201518 0
393706 1
