1000 996
602576 0
853917 0
619637 0
839004 0
769058 0
817420 0
613416 0
869563 0
892894 0
682399 0
546377 0
518411 0
798199 0
887865 0
530256 0
710883 0
926190 0
719978 0
732325 0
708370 0
897951 0
966181 0
569257 0
687369 0
540877 0
550442 0
819810 0
723780 0
751244 0
801927 0
628381 0
660596 0
730143 0
905730 0
571281 0
546508 0
691839 0
512032 0
574526 0
526355 0
826256 0
553520 0
871641 0
520879 0
716752 0
808753 0
724571 0
870057 0
828236 0
846694 0
764187 0
595044 0
999486 0
599445 0
521756 0
822876 0
854124 0
785270 0
724121 0
672049 0
853029 0
748874 0
799400 0
579412 0
533357 0
580604 0
637011 0
980049 0
941723 0
579066 0
752885 0
944528 0
737535 0
588831 0
865137 0
638435 0
794697 0
978505 0
972051 0
935343 0
987224 0
602440 0
923008 0
613617 0
852730 0
674606 0
836094 0
589153 0
852977 0
901160 0
843530 0
501476 0
900629 0
673865 0
944146 0
771042 0
596903 0
684251 0
790264 0
964824 0
849886 0
992752 0
917491 0
581428 0
863884 0
823153 0
887578 0
684044 0
675917 0
508914 0
788625 0
678303 0
566291 0
913131 0
753067 0
858243 0
881589 0
909461 0
536170 0
974955 0
959824 0
696819 0
646973 0
956036 0
778507 0
720350 0
572746 0
947417 0
665737 0
589380 0
566794 0
928244 0
919917 0
522473 0
818510 0
789356 0
860020 0
879961 0
692042 0
644416 0
860635 0
712188 0
700600 0
621255 0
546958 0
845610 0
977204 0
788928 0
914494 0
695178 0
733181 0
865541 0
593707 0
581556 0
653665 0
789681 0
641169 0
770306 0
994279 0
793526 0
681027 0
985051 0
899974 0
839038 0
968681 0
978508 0
661570 0
577162 0
618547 0
545400 0
873736 0
829676 0
901381 0
999242 0
681140 0
589053 0
596607 0
698544 0
702546 0
730105 0
760484 0
935952 0
876645 0
955860 0
785508 0
697995 0
879967 0
563087 0
716036 0
711734 0
712185 0
667806 0
670602 0
603927 0
812671 0
647253 0
999947 0
616343 0
739712 0
717724 0
696101 0
865182 0
576666 0
884336 0
812021 0
748444 0
823781 0
836126 0
646174 0
727276 0
554565 0
658244 0
698675 0
788893 0
579786 0
953514 0
991143 0
720149 0
525167 0
711968 0
899429 0
829664 0
760093 0
690281 0
589727 0
771605 0
669542 0
896998 0
896741 0
832986 0
940258 0
897879 0
984835 0
761689 0
597210 0
756974 0
729905 0
653393 0
789130 0
634768 0
791741 0
842410 0
682391 0
668182 0
835767 0
730230 0
953829 0
908362 0
755350 0
768481 0
672454 0
975927 0
941154 0
583256 0
582458 0
911559 0
590072 0
641818 0
776122 0
707161 0
760796 0
722054 0
780797 0
510608 0
582799 0
759719 0
852404 0
654380 0
927942 0
538920 0
707442 0
611598 0
928446 0
565608 0
960377 0
576802 0
816861 0
663375 0
853120 0
727370 0
735627 0
529250 0
560955 0
567141 0
986263 0
768528 0
652220 0
821235 0
593659 0
839618 0
676944 0
973527 0
829786 0
844233 0
748724 0
745724 0
996000 0
841298 0
682779 0
623178 0
612654 0
701789 0
853316 0
643373 0
694279 0
558146 0
668522 0
698276 0
634366 0
847398 0
580352 0
758192 0
863165 0
955628 0
992661 0
987306 0
834157 0
921465 0
928508 0
679310 0
568096 0
625463 0
899270 0
583390 0
663594 0
592269 0
756296 0
929201 0
977990 0
856345 0
597058 0
818746 0
960057 0
791099 0
544894 0
736145 0
944489 0
650363 0
713460 0
822077 0
508262 0
532820 0
660329 0
863154 0
699740 0
944996 0
657734 0
648940 0
621766 0
791057 0
943466 0
771455 0
564605 0
940971 0
877813 0
758792 0
978919 0
677186 0
846994 0
574769 0
819874 0
504969 0
894035 0
565813 0
581143 0
790628 0
992647 0
844489 0
635993 0
636600 0
844787 0
832920 0
813550 0
718478 0
878786 0
657192 0
933371 0
546703 0
727005 0
700680 0
828778 0
715421 0
883737 0
537312 0
904795 0
824250 0
801871 0
695916 0
811932 0
943856 0
938976 0
881751 0
919386 0
865698 0
983975 0
570656 0
504110 0
611606 0
838381 0
922601 0
633790 0
677792 0
848554 0
650420 0
692926 0
507313 0
777927 0
702809 0
954250 0
996513 0
877656 0
998348 0
574332 0
603603 0
759214 0
704966 0
829437 0
616991 0
766116 0
939093 0
594651 0
691673 0
904401 0
595350 0
643715 0
957413 0
647902 0
776352 0
898011 0
874077 0
943994 0
579814 0
839042 0
564514 0
566613 0
710063 0
878730 0
836416 0
926607 0
738051 0
863883 0
764575 0
769897 0
605673 0
874023 0
742766 0
634994 0
694557 0
703616 0
592747 0
640429 0
954447 0
585372 0
509217 0
748603 0
867294 0
589509 0
718327 0
828836 0
532663 0
715286 0
590173 0
860697 0
530515 0
763009 0
587477 0
669552 0
509583 0
794101 0
546393 0
521248 0
989124 0
681983 0
660699 0
651434 0
595569 0
966642 0
664032 0
504274 0
617490 0
888321 0
841115 0
761631 0
837627 0
781437 0
716542 0
733157 0
568216 0
957837 0
545307 0
844868 0
827346 0
569652 0
645648 0
770057 0
757435 0
972250 0
533567 0
909035 0
589835 0
983563 0
785193 0
542788 0
739556 0
517252 0
668770 0
632789 0
758683 0
973802 0
712547 0
574303 0
758711 0
610436 0
959809 0
727665 0
585784 0
704720 0
729159 0
898450 0
907097 0
994479 0
998919 0
719802 0
905290 0
982113 0
840907 0
673886 0
801452 0
584955 0
832616 0
878918 0
577704 0
866855 0
782067 0
694006 0
956145 0
566086 0
916806 0
790126 0
807285 0
594038 0
612003 0
952251 0
636197 0
815355 0
916531 0
501661 0
969786 0
962118 0
503170 0
641106 0
788745 0
733426 0
852657 0
873837 0
724347 0
685701 0
532515 0
790534 0
667313 0
599340 0
888898 0
641393 0
910495 0
994666 0
626437 0
698957 0
573973 0
761956 0
720709 0
634126 0
583409 0
777338 0
822556 0
647576 0
713315 0
517013 0
562515 0
561023 0
994274 0
662301 0
584687 0
878174 0
774633 0
739303 0
648925 0
621105 0
944916 0
580508 0
949834 0
695040 0
659619 0
889426 0
581812 0
675202 0
739686 0
630482 0
791137 0
695212 0
794497 0
558113 0
787997 0
751368 0
543362 0
662260 0
986387 0
533591 0
531879 0
920416 0
511407 0
737133 0
879400 0
540153 0
821957 0
928211 0
889781 0
515573 0
664858 0
955658 0
970922 0
572653 0
855318 0
930083 0
723905 0
705723 0
571218 0
924179 0
918211 0
795299 0
673755 0
791832 0
582895 0
728696 0
833787 0
555937 0
940378 0
503869 0
705411 0
980548 0
764991 0
751376 0
592186 0
958669 0
512382 0
937861 0
559354 0
730043 0
790054 0
737507 0
815020 0
697057 0
974703 0
871959 0
804472 0
715262 0
800042 0
888650 0
743960 0
691524 0
819011 0
734790 0
564025 0
874883 0
750907 0
864940 0
741636 0
634561 0
894699 0
719253 0
925288 0
509621 0
794595 0
898938 0
889911 0
641251 0
896364 0
794848 0
658284 0
835484 0
789253 0
508997 0
656872 0
850340 0
599018 0
993692 0
670543 0
777789 0
783101 0
531264 0
687139 0
626165 0
631793 0
811730 0
954829 0
552092 0
562554 0
955248 0
558796 0
992749 0
954180 0
807753 0
740886 0
769295 0
664189 0
857975 0
673401 0
709944 0
761205 0
552528 0
909564 0
875461 0
718889 0
542488 0
754210 0
818443 0
925378 0
962225 0
534415 0
718647 0
656703 0
986615 0
958796 0
934138 0
756770 0
707607 0
769724 0
696017 0
703482 0
707821 0
927499 0
903900 0
957998 0
964101 0
805218 0
557333 0
925097 0
506098 0
597714 0
853656 0
894928 0
574601 0
780938 0
898392 0
798064 0
513997 0
834451 0
573467 0
526470 0
716534 0
872462 0
640294 0
654902 0
763557 0
606480 0
979106 0
913892 0
933004 0
953799 0
805884 0
966237 0
804453 0
553647 0
796387 0
899595 0
589479 0
646378 0
642444 0
758179 0
517588 0
542679 0
591918 0
869968 0
591490 0
644425 0
846887 0
508023 0
582770 0
895971 0
628560 0
504731 0
513934 0
594603 0
899228 0
507621 0
958638 0
769382 0
917897 0
948887 0
814255 0
615778 0
724116 0
705404 0
696053 0
504007 0
548077 0
808228 0
804880 0
966073 0
907208 0
836062 0
509714 0
946665 0
799135 0
866437 0
770917 0
661696 0
759562 0
804032 0
641454 0
800908 0
787816 0
613274 0
923213 0
534348 0
622248 0
800245 0
879857 0
510313 0
636418 0
811249 0
966347 0
819601 0
514108 0
536307 0
934887 0
874497 0
761015 0
688916 0
553384 0
589485 0
611781 0
996701 0
683088 0
960336 0
769886 0
769787 0
923892 0
713549 0
906303 0
587028 0
903054 0
712327 0
509746 0
849542 0
944273 0
850537 0
546148 0
631634 0
723965 0
925607 0
525381 0
567444 0
764433 0
571396 0
750892 0
544909 0
564965 0
816396 0
930861 0
864785 0
579198 0
503862 0
555915 0
765950 0
826299 0
514510 0
607720 0
564216 0
536819 0
672725 0
783865 0
823321 0
684872 0
660518 0
500596 0
590865 0
942339 0
760025 0
721045 0
981286 0
872075 0
743318 0
558675 0
541993 0
523576 0
932077 0
779449 0
932952 0
605501 0
704554 0
779174 0
982244 0
844371 0
614560 0
893193 0
880543 0
518856 0
586779 0
533790 0
812665 0
823506 0
628400 0
622813 0
554362 0
911927 0
555826 0
720773 0
528764 0
851672 0
851751 0
850220 0
867027 0
822211 0
537961 0
530843 0
970230 0
593644 0
742834 0
834504 0
772572 0
884712 0
523987 0
601467 0
876282 0
777141 0
704817 0
901908 0
830829 0
892337 0
596264 0
535285 0
500830 0
728110 0
796307 0
588479 0
747545 0
870998 0
636738 0
754172 0
857888 0
806095 0
851148 0
572024 0
764485 0
620205 0
809964 0
893594 0
533998 0
547754 0
587723 0
787019 0
858202 0
561079 0
907623 0
946454 0
816686 0
509834 0
760973 0
833161 0
787855 0
526220 0
882799 0
690004 0
880619 0
744841 0
632095 0
842034 0
926719 0
572989 0
762006 0
752084 0
610644 0
580982 0
747087 0
947514 0
962308 0
861044 0
777416 0
836785 0
699471 0
766325 0
823255 0
870231 0
558239 0
700797 0
557529 0
745007 0
784397 0
891879 0
994872 0
603675 0
696930 0
665689 0
632846 0
611454 0
879772 0
715511 0
731421 0
533875 0
702279 0
589845 0
691442 0
766324 0
514789 0
731666 0
715113 0
623447 0
534929 0
770158 0
914037 0
752922 0
500372 0
904982 0
686496 0
957938 0
622052 0
900316 0
764752 0
933521 0
899534 0
709353 0
580425 0
907738 0
502759 0
640788 0
939811 0
745438 0
602809 0
773914 0
723555 0
638631 0
530614 0
528358 0
604604 0
533231 0
753735 0
667285 0
834026 0
995529 0
753261 0
580558 0
974234 0
774741 0
851477 0
664554 0
694296 0
893222 0
507202 0
586358 0
849119 0
761201 0
933925 0
760194 0
691420 0
993201 0
740757 0
763324 0
717092 0
913133 0
941000 0
746491 0
760174 0
550346 0
539908 0
808551 0
617634 0
602418 0
926143 0
515118 0
734764 0
996551 0
817955 0
512500 0
975729 0
514785 0
578902 0
821300 0
861934 0
843301 0
992498 0
836305 0
948304 0
732134 0
973637 0
516333 0
548364 0
924001 0
920350 0
881012 0
879365 0
504046 0
909234 0
846593 0
852887 0
848368 0
983423 0
827859 0
777433 0
868280 0
768539 0
951466 0
821932 0
658823 0
545085 0
797132 0
511234 0
971910 0
907782 0
730724 0
668796 0
864001 0
761162 0
500814 0
927476 0
578000 0
848075 0
860795 0
860230 0
580476 0
653675 0
503364 0
788526 0
695378 0
842784 0
562297 0
619549 0
969322 0
765054 0
943845 0
991411 0
823388 0
937305 0
857165 0
746440 0
971110 0
585300 0
550021 0
714152 0
746790 0
627052 0
556977 0
721877 0
678111 0
722665 0
563362 0
677077 0
770100 0
541546 0
511025 0
546813 0
853349 0
645977 0
634997 0
897295 0
776725 0
799597 0
723721 0
966739 0
741835 0
902201 0
917213 0
662854 0
508079 0
785756 0
782152 0
897422 0
903903 0
535871 0
646691 0
700704 0
884271 0
715734 0
790774 0
948401 0
769969 0
839176 0
771425 0
926306 0
828509 0
766982 0
738792 0
876776 0
678957 0
603472 0
987175 0
733385 0
894589 0
757895 0
741819 0
990852 0
643999 0
617086 0
623415 0
548736 0
909665 0
776268 0
724301 0
733917 0
900863 0
832536 0
821703 0
895428 0
910796 0
882656 0
667091 0
679291 0
552317 0
683711 0
929267 0
821416 0
825675 0
759945 0
711782 0
505160 0
756108 0
647452 0
776672 0
578387 0
880670 0
869010 0
606568 0
928172 0
652274 0
545486 0
859373 0
554059 0
601438 0
523586 0
728768 0
684530 0
538315 0
781972 0
781993 0
562028 0
745545 0
804539 0
589246 0
521834 0
710504 0
695413 0
893590 0
774758 0
583848 0
955973 0
684175 0
693432 0
958299 0
841513 0
518468 0
508997 0
553872 0
873762 0
869838 0
540928 0
518117 0
725250 0
637097 0
960283 0
917856 0
931259 0
502083 0
727780 0
977629 0
650113 0
863247 0
975253 0
860874 0
796161 0
693649 0
917335 0
988286 0
565959 0
748306 0
851633 0
999847 0
822029 0
573154 0
763790 0
665750 0
868506 0
926462 0
746862 0
806165 0
993029 0
719543 0
959544 0
838050 0
726315 0
514763 0
726532 0
998249 0
939906 0
501053 0
751772 0
772982 0
988665 0
565421 0
952477 0
921781 0
837108 0
677468 0
999748 0
607104 0
634492 0
579168 0
698069 0
986096 0
776356 0
930169 0
914071 0
859911 0
943671 0
525484 0
706292 0
944819 0
972064 0
818922 0
842406 0
688881 0
899964 0
653536 0
925462 0
777779 0
933709 0
537891 0
659395 0
861777 0
989068 0
652315 0
950705 0
821502 0
673293 0
578802 0
675073 0
515290 0
840616 0
789455 0
744949 0
517596 0
752117 0
583898 0
639069 0
749164 0
873924 0
520694 0
753048 0
741846 0
918260 0
931962 0
520837 0
928108 0
636763 0
503204 0
957299 0
536921 0
544064 0
635359 0
725915 0
681722 0
588416 0
649593 0
641447 0
562890 0
657235 0
748628 0
962128 0
565452 0
552334 0
592955 0
673978 0
500456 0
707670 0
540342 0
664991 0
975982 0
608272 0
945892 0
736448 0
793993 0
762446 0
918123 0
990372 0
592709 0
835853 0
579537 0
889594 0
694082 0
837164 0
824438 0
903743 0
774600 0
661781 0
778501 0
630249 0
936268 0
996248 0
773542 0
613270 0
506626 0
733247 0
847701 0
769198 0
537058 0
937529 0
831390 0
944066 0
608818 0
617229 0
937843 0
676905 0
583732 0
844775 0
963124 0
527077 0
570935 0
633122 0
533174 0
669803 0
646870 0
740116 0
536519 0
728219 0
846485 0
828938 0
794415 0
524626 0
851010 0
561367 0
684414 0
914390 0
969870 0
766629 0
922906 0
770798 0
853074 0
642893 0
859860 0
815524 0
875279 0
867739 0
759638 0
721622 0
550002 0
685494 0
784486 0
942682 0
915056 0
811234 0
517824 0
504265 0
897075 0
741818 0
975493 0
643858 0
843071 0
847395 0
843979 0
838766 0
501678 0
920145 0
810986 0
782992 0
707746 0
664419 0
731999 0
700856 0
546365 0
937180 0
905021 0
825358 0
961977 0
514918 0
905935 0
948605 0
872652 0
590278 0
759878 0
837811 0
877831 0
501906 0
882148 0
801847 0
590085 0
571017 0
536516 0
558099 0
618726 0
847987 0
755524 0
975825 0
913299 0
992904 0
531521 0
589521 0
723215 0
913419 0
833243 0
581288 0
738563 0
708129 0
688313 0
603061 0
574796 0
743094 0
938424 0
895850 0
851819 0
709241 0
686859 0
661900 0
906446 0
966672 0
561974 0
837360 0
898153 0
805713 0
872596 0
803953 0
513124 0
599170 0
812393 0
735415 0
930374 0
664431 0
520206 0
916680 0
648616 0
957036 0
950575 0
798364 0
944531 0
774431 0
980750 0
589165 0
906433 0
895560 0
832151 0
511651 0
558700 0
907822 0
622825 0
633112 0
537637 0
911031 0
620956 0
920562 0
645279 0
990702 0
578730 0
659763 0
979854 0
831485 0
876591 0
796755 0
721165 0
755049 0
695313 0
656232 0
947947 0
673948 0
746857 0
719158 0
719026 0
675729 0
520882 0
690701 0
789240 0
537968 0
900748 0
553553 0
532713 0
571661 0
992019 0
930773 0
563637 0
724113 0
840137 0
515451 0
959807 0
606030 0
962347 0
615250 0
627043 0
699808 0
933609 0
715499 0
629894 0
891970 0
534670 0
749955 0
567064 0
911009 0
727872 0
972326 0
768807 0
772070 0
964232 0
781644 0
889600 0
911858 0
988211 0
508689 0
973812 0
688282 0
531769 0
852071 0
991091 0
933969 0
513652 0
759297 0
668236 0
865961 0
583476 0
718178 0
661326 0
812993 0
616147 0
748076 0
956869 0
662746 0
886184 0
740440 0
526767 0
867204 0
576661 0
768982 0
911748 0
911151 0
935657 0
934305 0
579840 0
721097 0
614776 0
910915 0
943823 0
586345 0
842299 0
524422 0
708784 0
745276 0
544764 0
708768 0
688818 0
738920 0
810408 0
581443 0
670625 0
619219 0
989026 0
523219 0
689810 0
945525 0
686061 0
856608 0
779845 0
761655 0
618478 0
976642 0
775375 0
744727 0
857338 0
803838 0
934963 0
849348 0
952374 0
672420 0
852355 0
874948 0
901374 0
834747 0
728151 0
867775 0
958345 0
940119 0
996519 0
739371 0
895100 0
912186 0
699247 0
766367 0
628463 0
925399 0
859029 0
938839 0
723878 0
744715 0
734321 0
663854 0
689124 0
673423 0
750845 0
713803 0
533701 0
674526 0
773626 0
556832 0
504416 0
755878 0
516373 0
696259 0
860237 0
861741 0
864544 0
639548 0
654316 0
647752 0
722061 0
772680 0
674160 0
786759 0
752184 0
970428 0
952261 0
926878 0
614898 0
960171 0
904758 0
868649 0
961026 0
674901 0
821351 0
500697 0
710124 0
907509 0
650684 0
617273 0
529328 0
623922 0
508812 0
935954 0
770472 0
946603 0
736610 0
916075 0
883613 0
615325 0
519677 0
507133 0
987584 0
611862 0
507064 0
972930 0
789821 0
874035 0
728411 0
908761 0
539201 0
946577 0
668304 0
556921 0
838399 0
656125 0
551943 0
959589 0
901053 0
819568 0
733616 0
825321 0
794147 0
725990 0
650379 0
987334 0
590133 0
674445 0
839101 0
965202 0
712263 0
867902 0
729781 0
848958 0
663595 0
693122 0
548510 0
535702 0
568205 0
724593 0
944628 0
992967 0
901121 0
772738 0
503895 0
574048 0
520288 0
964412 0
875533 0
672463 0
503614 0
925900 0
723894 0
679105 0
912906 0
634302 0
960376 0
633736 0
956229 0
911417 0
923521 0
586530 0
850855 0
529074 0
882496 0
699250 0
920623 0
567702 0
621999 0
650926 0
757270 0
795581 0
965021 0
971336 0
553367 0
760993 0
823158 0
976844 0
678434 0
755271 0
758444 0
572725 0
794024 0
646806 0
807905 0
621041 0
715819 0
581473 0
852133 0
541448 0
547143 0
930483 0
975304 0
843411 0
757426 0
881211 0
680118 0
871579 0
534086 0
673037 0
800391 0
731758 0
695923 0
949574 0
674175 0
803783 0
881440 0
524263 0
878155 0
921649 0
775440 0
548966 0
564813 0
818050 0
999296 0
948610 0
792784 0
990020 0
710302 0
812343 0
969085 0
756512 0
792948 0
836355 0
689884 0
829120 0
821076 0
808595 0
626628 0
645956 0
849157 0
625776 0
718192 0
879355 0
686073 0
765384 0
688527 0
990799 0
833529 0
591663 0
690656 0
714803 0
863230 0
681988 0
616414 0
586977 0
522550 0
563891 0
569977 0
688982 0
826916 0
812720 0
547066 0
939991 0
894917 0
675016 0
954689 0
761219 0
751464 0
902415 0
904838 0
666693 0
850931 0
661225 0
864312 0
526604 0
896749 0
879423 0
836008 0
691004 0
624130 0
573484 0
688266 0
584767 0
968673 0
845870 0
563993 0
860138 0
573647 0
628593 0
650526 0
846769 0
812701 0
668151 0
844655 0
859546 0
518098 0
999947 0
520697 0
887573 0
502911 0
703820 0
719014 0
891076 0
676550 0
783704 0
679734 0
799166 0
531641 0
618985 0
767665 0
768034 0
911781 0
503643 0
814060 0
571266 0
524105 0
864232 0
705534 0
919395 0
560155 0
938041 0
769187 0
667211 0
508387 0
689176 0
736336 0
586342 0
646396 0
650726 0
765553 0
656632 0
531078 0
559671 0
890619 0
635527 0
807709 0
739578 0
872565 0
682740 0
773382 0
571442 0
592334 0
502951 0
972278 0
792865 0
510360 0
856625 0
805987 0
602355 0
527308 0
787218 0
764140 0
722240 0
694393 0
517746 0
733466 0
902259 0
872578 0
534974 0
953270 0
906976 0
947727 0
956753 0
547473 0
506347 0
857916 0
547141 0
684624 0
576683 0
