394 900
215370 1
746419 1
245056 1
820033 1
940658 1
360860 0
447389 0
999993 0
880002 0
411198 1
757034 1
205657 0
227426 1
657481 0
725015 1
205651 1
467785 0
295288 1
35719 1
362664 0
296857 1
823903 1
359596 0
272768 0
146938 1
685567 1
501483 0
235175 0
770577 0
861007 0
671678 1
484279 1
704703 0
511627 1
519825 0
22933 1
251517 0
140776 0
192381 0
75596 1
931645 1
823119 0
477274 1
369007 0
276462 1
291216 1
557564 1
985354 1
905361 1
1073 0
834021 1
991278 1
990513 0
346073 1
971070 0
307479 0
283531 0
278766 0
539684 0
739113 1
819009 1
9601 0
60567 0
529894 0
631581 1
326148 1
308837 0
248435 1
905010 0
166148 1
228801 0
518360 0
293465 0
814721 1
12699 1
283698 0
794159 0
667125 0
924263 1
362425 1
466644 1
619893 1
477565 0
499605 1
566202 0
4281 1
231670 0
387401 1
273071 0
889863 0
780600 1
680443 1
327921 0
301586 1
517467 1
867867 1
870000 1
161503 1
382061 0
688440 0
579562 0
157792 1
204148 0
828918 1
787266 0
416385 0
595727 1
345285 0
114688 1
912627 0
366113 0
704139 1
871350 1
315335 0
297088 0
564078 1
27433 1
375845 1
939852 1
336061 0
98165 1
506965 1
499059 0
86119 0
944417 1
500864 0
134929 0
17094 0
552089 0
99715 1
879527 1
869089 1
658780 0
886257 1
573162 1
88583 1
842563 0
72879 1
197494 0
177449 1
91744 1
120489 1
900272 0
877760 1
695756 1
545991 1
566525 0
759014 0
762044 1
219747 1
516658 1
655253 0
168186 1
345417 1
37031 1
878840 1
683268 0
318370 0
923678 0
576872 1
801773 1
68852 1
231304 1
674449 1
988547 1
215938 1
630426 1
14575 1
678351 1
962739 1
767997 0
366191 1
367459 0
619893 1
61183 1
225235 1
669015 1
467263 1
336782 1
692356 0
626311 1
686917 0
561851 1
572603 1
660216 0
27453 1
71962 0
395596 1
14469 1
302557 0
486471 1
59209 1
834445 0
918534 1
649544 1
110461 1
566111 1
573661 0
694435 0
186509 0
287447 0
952255 1
913848 1
27802 1
679207 1
475542 0
845817 0
636237 0
171823 0
664570 0
660700 0
164873 1
595298 0
490122 0
647344 0
957381 0
378500 0
205340 1
12107 0
422095 1
302174 1
902227 1
383728 0
893205 1
693203 0
299517 1
108757 0
275206 0
825403 1
109860 1
911999 1
898336 1
805697 1
929070 0
581086 1
711104 0
708862 0
160116 1
643803 0
993574 0
247816 0
92069 0
714159 0
541101 1
706006 1
842728 1
75898 1
969267 1
97074 1
955633 0
667867 0
950301 1
101085 0
911137 1
676588 1
748164 1
195996 1
950673 1
386513 1
834311 0
608487 1
486142 1
54422 1
268995 0
115905 0
454678 0
151587 1
102189 1
65702 1
538167 1
656651 0
953997 1
918673 1
527033 1
537172 0
767775 0
954577 1
429192 0
790354 0
593019 1
417973 1
850939 1
100734 0
369857 1
164382 1
589573 1
881841 0
857247 0
997887 1
577665 0
808511 1
996437 0
625287 0
248989 1
96634 1
524682 0
354796 0
905056 1
887460 1
645781 1
544129 0
221000 0
778569 0
479318 1
81021 1
187914 0
806856 1
376926 1
452664 0
662026 1
331254 0
501595 0
37294 0
827633 0
481510 0
82140 0
470454 0
429648 1
438228 0
72231 0
458704 1
389978 0
112414 0
137541 0
422650 1
660980 1
825810 0
320827 0
522605 1
486709 1
451189 0
15560 1
409310 1
816056 0
301245 0
109083 1
961455 1
585970 1
371043 1
275966 1
856056 1
521485 1
578750 1
129792 1
807066 1
28189 1
678567 0
668190 1
378141 1
322686 1
709886 1
920119 0
685714 1
691926 0
154774 1
318394 0
373671 0
505816 1
659403 1
514350 1
223333 0
674270 1
911425 0
595214 0
308090 0
772164 1
467660 0
81221 0
405741 0
109278 0
786649 1
613385 0
944923 1
649224 0
179813 1
269451 0
705501 0
595107 0
28140 1
755302 0
36160 0
349192 1
735682 1
726801 0
219407 0
648525 1
634782 1
768714 1
714684 0
326526 1
393586 0
273527 1
342937 0
419386 0
162978 1
79833 1
423686 1
733955 0
564723 0
350738 0
164384 1
388394 0
824428 0
949974 1
584403 1
55304 0
591671 0
930587 0
126079 0
189086 0
383540 1
701278 1
651518 1
1032 1
395 0
668982 1
676499 1
144453 1
571682 0
350012 0
233708 0
993516 0
531794 0
850878 0
627141 0
474305 1
165712 0
250064 0
726003 0
678305 0
406967 1
224474 0
96488 1
924439 0
351176 1
969861 1
358412 1
195045 1
298195 1
686137 0
951925 1
618358 1
794830 0
993713 0
292690 1
89051 0
100943 0
389218 1
405921 0
593611 0
558125 1
874019 0
742914 1
129592 1
380504 1
362434 1
20547 0
870296 0
619909 1
290498 0
714449 0
292416 1
91512 1
465298 1
533491 0
222187 1
433642 0
6180 1
252662 1
129847 1
991991 1
937477 1
426285 0
519485 1
314882 0
794076 0
711662 0
650502 1
656249 1
533299 0
883156 0
604454 1
987100 1
864656 0
400831 1
471764 1
280249 0
384331 1
105991 1
224342 0
348481 1
435803 0
701350 0
367654 1
115551 1
65200 0
470825 1
567521 1
723828 0
576499 1
527320 1
351883 0
203013 1
632132 1
902948 1
970940 1
651600 1
92059 0
815291 1
871301 0
757701 1
835994 1
219632 1
206023 1
204565 1
533459 1
369726 1
642290 0
942899 1
934 1
266006 1
391952 0
495170 1
159981 0
272221 0
569633 0
872710 1
337370 1
684362 0
615587 1
498806 1
309155 1
73167 1
483706 1
9732 1
88443 0
942519 1
877991 0
704856 1
910457 0
776299 1
593083 0
858479 0
178810 0
15072 1
708662 0
592731 0
967452 1
347661 0
35037 1
101785 1
553639 0
73189 0
183777 1
385494 0
381251 0
362295 0
461302 1
637986 0
746250 1
756882 0
695965 0
521395 1
485860 0
713677 0
442647 0
195333 0
508300 1
101594 1
612653 1
297541 0
860862 1
809434 1
476578 0
424669 1
745421 0
530686 1
120257 0
793098 0
18086 1
982710 0
771680 0
8865 1
516793 0
277756 1
71129 0
369153 1
538672 0
905968 1
330757 1
968456 1
913117 0
888835 1
531577 0
742208 1
945304 0
879242 1
892373 0
323430 0
526452 0
254530 1
721174 0
112969 0
1976 0
441828 0
774595 0
788315 1
48902 0
64081 1
588416 0
360723 0
396138 0
499916 0
114575 1
992113 0
23069 0
531599 1
67576 0
88329 1
562247 0
802102 1
37199 1
85804 1
778063 0
324412 1
317805 1
626291 0
789588 1
870610 1
960547 0
4017 1
328317 0
668488 1
537474 1
973175 1
782612 1
194586 1
20734 0
129675 1
483642 1
507313 0
948316 1
778307 1
685793 0
397167 0
520030 1
31371 1
840794 1
699809 1
656816 0
218955 1
90360 0
535101 0
449289 0
620663 0
235857 1
366852 0
220755 0
408116 0
959273 0
30553 0
74621 1
649790 0
666318 1
401397 1
176775 0
234696 0
867668 0
117165 1
327993 0
642537 0
663092 0
694238 1
638016 1
32640 0
345148 1
21570 1
96083 0
512268 0
932043 1
555397 1
450769 0
8160 1
583438 0
493254 0
447787 1
356318 0
670873 0
807702 1
609527 0
170321 0
331025 1
458400 0
459534 0
325525 0
43591 1
787426 0
382586 1
43920 0
351131 1
870605 1
633761 1
193194 0
861511 1
842457 0
240135 0
596323 1
888250 0
539816 1
246239 1
294950 0
833807 1
173489 1
275132 1
92925 0
978772 1
796419 0
259185 0
779893 0
503274 0
86676 1
429336 0
960582 0
86395 0
583560 1
129084 0
926099 0
559402 0
576488 1
232838 0
93355 1
662379 0
422832 0
898916 1
634738 1
189605 0
977196 0
95716 0
421563 0
431517 0
97851 1
54833 1
593011 0
192198 0
762106 0
719370 0
849789 0
321250 0
516231 1
71950 0
363478 1
850263 0
281189 0
629585 0
26590 1
54244 1
127271 1
209711 0
91171 1
861161 1
649607 0
278980 0
850903 1
682834 1
836622 0
981319 1
17206 1
921078 1
770474 0
736245 0
904492 0
506929 0
56061 1
588406 1
895936 0
899431 1
988991 0
794240 1
275631 1
751860 1
117070 1
50711 1
216021 0
144619 0
369879 1
344559 0
276186 1
316231 0
181084 1
765955 0
442443 1
322074 0
308647 1
851994 0
579749 1
419682 1
248449 1
921895 0
953719 0
885517 0
812138 0
273465 1
539074 1
466208 1
535533 0
760504 0
508729 0
583139 1
231321 0
81017 0
677205 0
975649 0
612567 0
772519 1
379129 1
962635 1
389623 0
920799 1
882159 0
413528 1
31968 1
456364 0
228207 0
185354 0
475851 0
890150 0
394676 1
482317 0
163287 1
680083 1
668881 1
747634 1
530393 1
97378 1
134098 0
143650 0
556652 0
393512 1
617502 0
292894 1
468811 1
800842 1
440620 1
778148 0
922880 0
730362 0
674307 0
555986 0
469136 0
708687 0
690613 1
185511 1
487341 0
985963 0
993676 0
786975 0
203114 0
515596 1
632525 1
835868 0
666546 1
102263 0
705354 1
362944 0
941006 1
728561 0
439544 1
990082 1
967268 0
31186 1
671187 0
270444 0
826035 1
886194 0
639018 0
545931 1
8573 0
390163 0
453345 0
771997 1
135582 1
994292 0
743781 0
91334 0
152707 1
140575 0
503033 0
628496 1
210258 0
648310 0
411308 0
677151 1
584059 0
750597 1
942757 0
133009 0
451759 1
384722 1
735469 1
222043 0
248965 0
421713 0
116724 1
543160 1
423054 1
695506 1
724286 1
740487 0
632919 1
689161 0
916204 0
499760 1
367403 0
941074 0
806696 1
953580 1
142097 0
959377 1
227352 0
629199 1
573058 0
589652 0
548936 1
674846 0
867672 1
191352 1
432416 1
782755 1
901991 1
663905 0
838712 0
863594 0
119122 1
875201 1
314335 0
263287 1
447823 0
513685 0
673139 0
923333 1
560980 1
484925 0
337743 0
960698 0
963773 1
733594 0
473219 1
829270 1
816706 0
389895 0
303377 1
799964 1
423927 1
628039 0
119646 1
512127 0
739174 1
739963 0
32446 0
655848 0
220996 1
469639 1
852268 1
77642 1
887063 1
22600 0
895322 0
120886 1
989051 0
44010 0
18910 0
210582 1
880323 1
952087 1
686684 1
2731 1
22690 1
47143 0
204660 1
755083 1
41034 1
118744 1
285473 1
982137 1
992136 1
299865 0
650283 1
404543 1
596983 0
855487 1
489452 1
363070 0
448790 1
368132 0
816645 0
387813 1
37015 1
116085 1
823127 1
760056 1
45207 0
412884 0
903742 0
432774 0
173129 1
375602 1
116146 0
902835 1
547462 1
648587 0
152119 0
234864 0
919300 1
463763 0
38203 0
265784 0
136969 1
217731 1
254191 0
75423 1
487580 1
573671 0
392305 1
764169 0
568628 0
597760 0
55668 1
990207 1
39022 1
82348 1
339783 1
944182 1
322660 1
188867 0
150998 0
201429 0
508677 0
818164 0
284718 1
225514 0
824182 1
60961 1
715153 1
385330 0
593624 0
311016 0
79738 1
619422 0
891339 0
97852 1
20186 1
124947 1
874027 1
123921 0
204208 0
426877 0
682541 1
525649 1
970014 0
980376 0
366092 0
535313 1
852545 1
812471 1
173453 1
598361 1
716752 0
51941 1
458308 0
998192 0
340964 0
813599 0
371542 0
487950 0
261255 0
738794 0
173266 1
145503 1
748676 0
537201 1
830177 1
113048 0
917978 1
281459 0
166656 0
416879 0
480012 1
590461 0
831786 0
821050 1
203568 1
629234 0
886099 0
492963 1
743372 0
787003 0
468740 0
874303 1
636225 1
577529 0
956227 1
895340 1
863470 1
26230 0
612025 0
369301 1
272820 0
121303 0
424716 1
926356 0
444235 1
6048 0
508896 1
299393 1
674744 0
5283 1
951468 0
468192 0
609418 0
348989 1
709997 0
856037 0
861756 1
476068 1
452451 0
508268 0
825266 1
211987 1
144029 1
920042 0
176409 0
600167 0
466785 0
282061 0
345620 1
597509 0
621370 0
57843 0
991622 1
15662 0
253485 0
478870 0
4408 0
438753 1
746230 1
106494 1
462277 0
381647 0
658384 0
941732 1
302523 1
762029 0
313098 0
768541 1
317443 1
28008 1
722770 1
704896 1
956559 1
246985 0
753041 0
908408 0
432955 0
414269 1
538979 1
666852 1
706520 0
488379 1
500899 1
941667 0
830286 1
430001 0
302385 0
234003 1
734311 0
601241 1
232353 1
703423 1
327869 0
746098 0
161120 1
451036 0
641134 1
452318 0
520343 1
860411 1
142983 1
85952 0
868024 1
451734 0
768450 0
614553 1
483143 1
387477 0
465326 0
440470 1
938043 0
244946 0
462614 1
685033 1
329320 1
911668 0
321625 0
509878 1
82729 0
235157 0
276798 0
728355 1
664079 1
106227 1
178696 0
348478 1
178775 1
76199 0
228006 0
560820 0
600674 1
177887 0
503579 1
466369 1
170283 0
374312 0
436442 0
133584 1
186461 1
508623 0
386542 1
500364 0
381458 0
437314 1
653650 1
727420 1
123022 0
979003 0
932434 0
366386 0
500975 0
555627 1
570123 0
910072 1
824918 1
215005 1
344431 1
452504 1
740087 0
88047 0
926423 0
736319 0
891197 0
856960 0
623797 1
801467 1
893634 1
561453 0
145991 0
343659 1
671846 1
724724 0
760582 1
494540 0
436767 1
68899 0
47401 1
214269 0
951774 0
320601 0
439877 1
245711 0
154333 1
307965 1
422747 1
142735 0
939984 1
362239 0
800106 1
19939 0
466269 0
284757 1
826014 0
768241 1
387523 0
15953 0
52845 1
66640 0
740420 0
495729 1
687687 1
383556 1
792642 1
956958 0
31263 1
911289 1
861159 1
438451 1
