996 996
578897 1
995478 0
511171 0
999999 0
546669 0
840484 1
923700 1
973730 1
944553 1
996341 1
604153 0
745171 1
694508 1
663164 0
594251 1
752410 1
566011 0
824357 0
717968 1
554809 0
921773 0
702896 0
593612 1
598799 0
816848 0
692334 1
933170 1
863565 0
988951 0
515499 1
705617 0
801377 0
722693 1
874628 0
729494 1
634826 1
953986 1
863149 0
934996 1
871620 0
808614 1
949088 0
589995 0
986017 1
973728 1
802722 1
867437 1
861842 0
817281 1
611630 0
964430 0
856128 1
580773 1
684911 0
916717 1
981707 1
868222 1
852994 1
776750 1
637207 1
900482 1
992544 1
680507 0
815843 0
865534 0
976311 1
907173 1
907136 0
955198 1
979404 0
518467 1
750269 1
608983 1
761978 1
878692 0
580868 0
619164 0
994726 1
740388 0
813882 0
850788 1
566840 0
608120 1
749043 1
883132 0
807809 1
887368 0
541859 1
790750 0
789806 0
685094 0
924877 1
899827 0
874252 1
789704 1
824429 0
572728 1
550297 1
676047 1
733214 1
586823 1
600673 1
579461 0
769792 0
867362 1
586941 1
539685 1
790297 1
731494 1
549446 0
962209 1
842167 1
777037 0
656456 0
541103 1
554563 1
602736 1
841210 0
571024 0
866546 1
884809 1
779960 0
570543 1
785528 1
536738 1
673186 1
881312 0
784172 0
590588 0
745455 1
988013 0
626537 1
983272 1
781649 1
934177 0
941786 0
894626 1
874483 0
902930 0
988810 0
918539 1
823433 1
718451 1
743615 0
902749 0
565837 1
611356 1
528030 1
636377 1
564401 1
726308 0
745886 0
565742 1
707571 1
558544 1
931979 1
859757 0
947259 1
862713 1
598713 1
646983 1
844497 0
906814 0
748593 1
906899 1
724295 0
930992 0
885546 1
913028 0
750065 1
562452 0
648000 1
988930 0
559916 0
779646 1
593230 1
545039 1
996151 0
618818 1
690783 1
753856 1
977235 1
797423 1
649853 1
925770 1
804332 1
750991 1
870402 0
675067 1
648184 0
970148 1
514864 0
762563 1
854147 1
774949 0
944404 1
903004 1
600375 1
579548 1
649490 1
959484 0
951893 1
897405 0
564956 0
719776 0
893801 0
665386 1
503575 1
977666 0
594667 1
756947 0
502804 0
655225 1
941594 1
955724 1
711874 1
567404 1
713678 1
791520 0
655535 0
940322 0
804564 0
875512 0
942646 1
597524 1
976418 1
755311 1
772362 1
789919 1
834305 0
726118 1
833539 1
895274 0
896876 1
676834 0
795286 1
679846 0
912329 0
779890 1
923447 1
686616 0
558307 1
672704 1
839953 0
701929 0
641087 0
943354 0
658985 0
781607 1
704242 0
804731 0
667939 1
829866 0
741221 0
800639 1
522897 1
549368 1
675568 0
969845 0
807955 0
827904 0
906622 0
743235 0
648305 0
841667 0
840336 0
995116 0
745142 0
986275 0
832353 0
832564 1
808364 1
704323 1
726557 0
598514 0
915887 1
903168 0
578140 0
506464 0
827903 1
862543 1
991355 0
706297 1
703090 0
860670 1
557913 0
963487 0
657760 1
923735 0
558977 0
931505 0
926297 1
636774 0
660268 1
800238 1
873030 1
589516 1
830757 0
842659 1
754532 1
761812 0
709486 0
709348 0
733920 0
728172 0
601724 1
865376 1
911410 0
703662 0
570783 0
773688 1
775129 0
911622 0
999586 1
788701 1
726452 0
765042 0
517450 1
654820 0
854439 0
692753 0
846059 1
740605 0
674713 0
601590 1
790285 1
744323 0
909389 0
693477 0
908724 1
845411 1
717466 0
664797 1
753903 1
782283 0
922154 0
926761 1
786018 0
762153 0
993616 1
920107 1
735633 1
714979 1
759612 1
866308 0
557645 1
669049 1
876664 0
925793 0
864626 0
613860 0
648765 1
638441 0
666645 0
740477 1
702257 1
999633 1
834496 1
728892 0
507102 1
895709 1
660724 1
786529 0
920701 1
790575 0
593592 1
817609 1
845602 0
920968 0
913479 0
750853 1
681770 0
731213 0
633907 1
870953 1
590078 0
603891 0
984928 1
558133 0
741446 0
921906 1
784932 0
921489 1
804257 1
855643 0
696622 0
552032 1
988849 0
868061 1
944632 0
905794 0
903823 0
775205 0
802279 0
802336 1
872798 1
859912 1
715406 1
503641 1
844498 0
817697 0
768822 0
581166 0
986950 1
617410 1
578818 1
511911 1
503184 1
720999 0
566420 0
833634 0
998452 1
901175 1
913302 1
844221 0
767191 1
760425 0
586887 0
533969 0
770436 0
900206 1
542949 0
833197 1
680575 0
751527 1
902437 0
583399 1
712578 0
919365 0
933993 1
658881 1
540402 0
935620 0
591454 0
666679 1
579461 1
687553 0
907118 1
523347 1
933812 1
860866 1
768496 0
810795 0
609316 0
995717 1
869778 0
712773 0
687319 1
697121 0
804714 0
654089 1
701134 0
702594 1
882565 0
715348 1
951748 0
508797 0
835840 0
526319 1
918318 1
620149 1
906361 0
725929 1
778020 0
651572 0
872829 0
821117 0
737478 0
846279 0
643798 1
788643 0
740853 1
584698 1
647437 1
623319 1
642501 0
703963 1
791477 0
880129 1
561962 0
579932 1
830986 0
696892 1
559335 0
658769 1
666014 0
922454 1
543571 1
507408 1
918138 0
615343 1
700339 0
742972 0
952856 1
665530 1
888726 0
659242 1
815536 0
501011 1
566065 1
649049 0
742680 0
911365 0
687148 0
774567 0
529106 0
512736 1
572285 0
821429 0
919109 0
869303 1
926787 0
522208 1
953480 1
651120 1
591922 0
524318 0
840761 1
638549 1
568792 0
796084 0
974091 0
696261 1
798153 1
899860 1
864641 1
988460 1
877662 1
600298 0
708230 1
853524 1
730945 1
747865 0
947111 0
707935 0
819587 0
966188 0
706246 1
682155 1
717144 1
557016 0
718152 1
858560 1
950754 1
738514 1
639529 1
913194 1
899546 1
754221 0
932245 1
861370 0
516941 1
920211 1
696255 1
861917 1
653238 0
592641 1
698616 1
564966 0
800832 1
973712 0
722258 1
598705 1
732391 1
843159 0
716941 1
650046 1
732583 1
598095 0
770974 0
972848 0
548270 0
551330 1
894910 1
902701 0
961950 1
676465 1
820804 1
540840 0
702387 1
513903 0
581403 0
946363 1
999349 1
916695 1
513050 0
832228 1
652233 0
730852 1
599923 1
896700 1
681857 0
863368 1
915617 0
502949 1
998442 0
670194 1
516244 1
686971 0
638361 0
949806 0
642514 1
944218 1
665300 1
511298 0
940769 0
718579 0
689035 1
563222 0
928371 1
567971 1
736168 0
808551 1
517804 1
724149 1
690351 1
621370 1
681116 0
506175 0
607920 1
904548 0
891824 1
637058 0
593465 0
689261 0
879615 1
596321 1
608654 1
871250 0
707115 1
607053 0
880587 1
515083 0
841740 1
673217 1
542428 1
924329 1
744300 1
741532 1
704068 0
635841 1
992432 0
551632 1
679737 1
725591 0
853702 1
919901 0
972249 0
641836 1
978141 0
851783 1
890601 1
528644 0
519589 0
889477 0
893271 0
705078 1
564975 0
782310 1
516765 1
632034 0
777931 0
851646 1
788408 0
615541 0
899222 0
852307 0
661028 0
674488 0
667253 0
503980 1
773438 1
758331 1
878550 1
577468 0
868048 0
665606 1
785328 0
649849 1
542321 0
734008 1
620812 1
672596 0
627068 0
589321 0
983464 1
602228 0
712644 0
770850 1
659068 0
639204 1
819853 1
771521 1
877243 0
620100 1
713241 1
804138 0
915603 0
726625 1
538218 0
536376 0
559059 1
669142 0
800315 0
761541 1
747568 1
935171 0
771341 0
942248 1
849500 0
796829 1
865989 0
714424 1
706136 0
757935 1
792287 1
585105 1
920435 1
537173 1
631397 0
784122 0
747128 1
520871 1
750733 0
806278 0
663514 1
919636 0
978401 1
727937 0
686805 1
755302 1
846161 1
644178 1
667955 1
884216 1
636251 1
537654 1
988290 1
649809 1
896588 0
722195 0
835782 1
900845 0
683512 1
654771 1
683947 0
913281 1
891514 1
779418 1
651470 1
591079 1
514345 0
714055 0
506826 1
580908 0
519669 0
827472 1
645036 0
726668 0
854692 0
726037 0
995100 1
943946 1
786151 0
751484 0
698838 0
939258 1
874286 1
872557 0
785796 1
822105 0
698322 0
948924 1
619516 1
556334 1
923185 1
762244 0
835995 0
764132 1
773279 1
979823 0
979314 0
882087 0
913314 0
804004 1
859288 0
883128 1
977115 1
597867 0
838327 1
817653 1
709498 0
842855 1
653704 0
687760 0
542067 1
854585 1
751909 0
974059 0
727511 1
664856 1
986777 1
879165 0
630145 0
825035 1
647933 0
565435 1
952593 0
912038 0
591772 1
540395 0
886955 1
522205 1
784402 1
794701 0
751029 0
899976 0
761300 1
852770 0
771144 1
868021 0
825628 0
770845 1
815422 0
872680 0
954112 1
672755 1
708147 0
689487 1
580562 1
577393 1
779441 1
546079 1
864604 1
585839 0
887128 0
576197 0
941643 1
632621 1
569748 1
598854 0
657333 1
622329 0
590271 1
678946 0
975641 1
609576 0
838680 0
812132 1
568936 1
907046 0
550666 1
776336 1
969951 0
942803 1
905874 0
920933 0
892292 0
752862 1
823274 1
717211 0
643679 0
848575 1
955576 1
767782 0
955453 0
758266 1
974651 0
998573 1
683045 0
671122 1
753192 0
843192 1
691560 1
581301 0
755362 1
775213 1
659369 0
754088 1
635253 1
945107 0
801381 0
836601 0
985449 0
567888 0
980753 0
628227 1
685217 1
699284 1
707632 0
688481 0
519494 0
699261 0
858289 1
788734 1
784891 1
751523 0
977322 0
621319 0
810028 0
768870 0
521456 0
891292 1
661877 0
836869 0
974095 1
987167 0
766890 1
558510 0
844020 1
707181 0
936462 1
767838 1
537806 0
894243 0
679821 0
839783 1
992416 0
522855 1
785938 0
595835 0
543355 1
638637 1
743174 1
762612 0
825416 1
577664 1
519268 0
864316 0
566768 0
844623 0
844200 0
908382 1
512172 1
858142 0
600955 1
506244 1
532890 0
885507 1
646130 1
767960 1
786724 1
955717 1
970437 0
928009 1
603674 0
972307 0
995866 0
510959 1
812511 0
577344 1
719581 1
773562 0
798269 0
517433 0
695995 0
628653 1
944819 1
817081 1
896367 1
770849 1
558124 1
644642 1
846753 1
743035 1
841608 0
745706 0
748652 0
660872 0
846104 0
860278 1
942511 0
891385 0
514245 1
907963 1
631357 0
512198 1
952451 1
541610 0
649997 0
629015 1
990971 0
539163 1
904826 1
954951 0
935818 1
688984 1
953689 1
712190 0
917511 1
953648 0
931762 1
556131 0
567968 1
722052 0
697414 1
932845 0
661282 1
766719 0
688560 1
758678 0
803143 1
530920 0
840821 0
967427 0
643597 0
814910 0
933945 0
526872 0
867293 0
616887 0
706052 1
622671 0
585389 0
871522 0
789470 0
969782 0
921150 1
740466 0
608505 1
628081 0
890380 0
664521 0
741595 0
543181 0
809103 0
743564 0
565813 1
980254 0
808719 1
841739 0
941838 1
752211 0
986122 1
594852 1
518154 1
807143 0
732130 0
720214 1
645457 0
796689 0
560589 1
544964 0
557234 1
674733 0
823075 1
979993 0
857145 0
975630 1
707263 0
670493 1
519080 1
704534 0
873563 0
646360 1
532718 0
913018 0
767455 1
842074 1
838413 0
882744 0
800813 1
509477 1
555934 0
918212 1
971117 0
601824 0
665149 1
588749 0
756703 1
688067 1
697756 0
828848 1
778083 1
720038 0
744098 1
700979 0
902884 1
711297 0
698337 1
603557 0
683622 1
901267 1
623934 1
979877 0
990739 0
647099 1
672830 1
715003 0
638199 1
732894 1
903875 0
540714 0
806034 0
850386 0
766213 1
542975 0
580808 0
990134 1
598639 0
767363 0
857221 0
913272 0
767108 1
853641 0
500082 0
757318 0
632055 0
775200 1
887310 1
947986 1
571370 1
678575 1
968157 1
991525 0
812088 0
750041 1
995026 0
773417 0
898409 1
913303 0
795600 1
846545 0
838635 0
929166 0
720567 1
714835 1
796941 0
542529 0
668578 1
607459 0
938933 1
813486 0
827205 1
964985 1
759102 0
553682 1
836641 0
899084 1
564738 0
653091 1
836403 1
691544 1
929640 1
949897 1
743435 1
951060 1
518090 0
560294 1
886273 1
952303 1
558811 0
665145 0
946031 1
512204 1
738027 1
675397 1
954395 0
843691 0
938555 0
794265 1
632054 0
963197 0
624079 1
661006 0
623242 0
867404 0
889046 0
651111 1
638428 0
503361 0
907779 0
623847 1
567532 0
736499 0
622659 0
571917 1
861500 1
585865 1
796004 0
598336 0
608694 0
631788 0
662487 0
806625 0
763795 0
689001 1
846240 1
891346 0
970894 0
792016 0
889021 1
602766 1
574336 0
569052 0
563950 0
690695 1
862968 0
640992 0
954855 0
722411 1
695067 0
941081 1
904892 1
525514 0
647070 1
757199 0
958545 0
638071 0
515343 0
554848 1
646206 1
639134 0
846208 1
901677 0
654022 1
773720 0
576775 1
828625 1
969783 0
574227 0
864221 0
841615 1
858428 1
719715 0
705490 0
542976 0
966055 0
928538 0
839686 0
741749 1
769688 1
761428 0
707220 1
902558 1
756602 1
696233 0
875909 1
991269 0
724151 1
539866 1
634107 0
585659 1
780932 1
637903 0
540091 1
799363 1
740230 0
951697 0
920702 1
881002 1
527756 1
581392 0
992520 1
825937 1
755127 0
708229 1
969584 0
619274 1
553002 0
758988 1
838750 1
745101 1
994385 1
633394 1
914778 0
636115 1
942065 0
631237 1
886587 0
502028 1
873564 0
761432 1
869397 1
634906 1
758256 1
849413 0
523096 1
915749 1
673412 0
976251 1
879360 1
686220 1
755046 0
515940 0
762918 1
658260 0
770005 0
809788 1
602340 1
656922 0
913085 1
898470 0
600934 0
649110 1
517200 0
714087 1
765325 0
799257 0
842465 0
762060 0
866444 0
705587 0
961757 1
537185 0
517157 1
619582 1
939413 0
503424 0
562163 1
657723 1
667779 0
998964 0
583814 0
799853 0
850715 0
740905 1
891600 1
905265 0
669194 1
694546 1
775435 1
630319 1
768322 1
946590 1
839680 0
870500 0
621365 1
527118 0
982146 1
723202 0
774447 0
916517 1
772080 0
535491 0
570172 0
770651 1
777664 1
788384 1
885361 1
505771 0
742269 0
588018 0
513298 0
703785 0
873496 0
863061 0
510654 0
564671 0
905228 0
973179 0
746948 0
787463 0
719614 0
836624 0
958929 1
515255 0
516842 0
913833 0
694540 0
610863 0
786805 1
812183 1
562893 1
963719 0
681914 0
756195 0
960958 0
797521 0
595100 1
567246 1
510623 0
830184 1
988916 0
785086 1
588504 0
765859 0
841348 1
687604 0
837534 1
548391 0
631130 0
796622 1
889314 1
779460 1
830194 1
558730 1
707038 0
661957 1
520947 1
544732 0
724544 1
697540 0
740623 1
712246 1
989635 0
513976 0
871151 0
638949 1
567578 1
574313 1
635826 0
712716 1
831974 1
553235 0
852601 0
874921 1
538064 0
609746 1
996194 0
762479 1
918883 1
561046 1
790702 0
935123 1
665447 1
901731 1
649145 0
992455 1
530515 0
696110 1
975450 1
754518 1
500986 0
806757 0
517691 0
802953 1
650638 1
971224 1
630297 0
948566 1
523964 0
573029 1
780035 0
580481 0
636078 0
758695 1
632382 1
846979 1
603900 0
813450 1
705015 0
822116 0
526498 1
525163 0
727195 1
668693 0
810092 1
803564 1
725068 0
900643 1
796020 0
859413 1
794952 1
687779 0
519784 1
523630 1
830355 0
538146 0
947429 1
630560 1
507572 1
581191 0
825277 0
939700 0
954085 0
624555 0
542731 0
728210 0
598055 1
796334 0
621677 1
853756 1
628167 1
797605 1
666204 0
805523 0
954003 1
740164 1
684849 0
535079 0
681011 0
917840 0
949888 0
786952 1
950326 0
675515 1
653431 0
644788 0
980587 0
918982 1
926869 0
652401 0
906049 1
736200 1
678847 1
928575 0
775039 1
944635 0
636932 1
589090 1
505315 0
875215 0
820526 1
730575 1
831795 1
592489 1
801238 1
584675 1
544216 0
531445 0
625008 1
530655 1
719715 1
554602 1
603482 0
876151 0
820768 1
692351 1
560005 0
959777 1
787621 1
632326 1
697345 1
816074 0
510066 0
926030 0
517922 1
903235 0
882494 1
775978 0
798582 0
599458 0
513370 0
777459 0
805872 0
625539 0
534628 1
881969 1
806202 0
789162 1
785825 0
702949 0
740806 1
635594 1
699021 0
681904 0
566070 1
850222 1
520888 0
636827 0
882829 0
523821 0
792621 0
815781 0
923455 0
937917 1
506547 0
904094 1
763100 1
741097 1
709728 0
683103 0
616525 0
727706 0
765365 1
905911 1
694840 1
908250 1
876537 0
636240 1
950084 1
620789 1
857132 1
982475 1
891451 1
832277 1
802793 0
859607 0
727360 1
888134 1
640948 0
852650 1
540548 0
882204 1
862412 0
507824 0
845257 0
790099 0
897369 1
565486 1
678798 1
765865 1
562083 1
958336 1
657849 1
970318 0
650854 0
531066 1
851598 1
971542 0
974604 0
830223 0
995558 0
785744 0
967811 0
522230 0
516503 0
909275 1
547331 0
717863 1
539526 0
537744 0
641729 0
556860 0
929665 1
765551 0
934231 1
662884 0
938590 0
933688 0
997458 1
877245 1
824128 0
712229 0
889056 0
792556 0
724365 0
610323 0
636038 1
531364 1
961086 0
827590 0
801814 1
881389 1
974677 1
942027 0
511805 0
585522 1
923087 0
586031 1
698352 0
583641 1
770104 1
910321 0
802452 0
576141 1
902581 1
549564 0
963705 1
648258 0
928427 0
732596 1
615278 1
675818 1
922275 1
616654 0
945539 0
930532 0
545223 0
923975 1
744928 1
754947 1
934972 0
731285 1
749720 0
540967 1
851055 1
620927 1
541986 0
854459 1
920807 1
553990 1
572210 1
535810 0
778554 1
677636 0
650856 0
877543 1
827629 0
743045 0
866354 1
889253 0
927534 0
549284 0
573307 0
903510 0
669388 0
694777 0
505289 0
507088 0
859873 1
619829 0
926006 0
588166 1
689273 1
554757 1
950257 0
552001 1
902519 0
705696 0
698724 0
544694 0
616906 0
693132 1
879764 1
846999 0
685454 0
739017 0
570668 0
550876 0
666656 0
749945 1
614026 1
890372 0
795039 1
681409 0
999206 0
820496 0
930248 1
892442 1
756455 0
552703 1
869215 0
514687 0
850002 1
933435 0
627445 0
913118 0
805945 0
538324 0
789441 0
590514 0
558378 0
546030 0
837901 0
953948 0
711614 1
806334 0
953551 1
523857 0
634348 1
606350 0
531730 1
766453 0
807644 0
658345 1
594426 1
895465 1
996789 1
912966 0
907699 1
994810 0
729705 0
646190 1
788438 1
816803 0
930833 1
778493 1
866385 1
544553 0
611655 0
763911 0
776107 0
640490 0
825614 1
833063 0
941374 1
631121 0
574689 1
783665 1
810328 1
541336 0
738427 0
942914 0
908108 0
733600 0
607984 0
751105 0
710670 1
738314 1
848406 1
786008 0
921116 0
590441 1
529146 1
837169 1
892477 1
542448 0
946258 0
838439 1
703469 0
797756 1
792636 1
540278 0
647072 0
712537 0
997349 0
744211 0
636886 0
593734 0
992343 0
966186 1
745939 1
656551 0
516023 0
606946 1
500902 1
668647 1
865150 1
552284 1
607453 1
811711 1
665356 1
542331 1
725506 0
878048 1
869232 0
657108 1
938684 0
882181 0
916508 1
581567 0
689387 1
923018 1
659466 1
889367 1
881932 1
545566 1
623631 1
702347 1
545419 1
801710 1
588726 0
774381 0
905034 1
523487 0
548463 1
731113 0
522016 0
967512 0
662272 0
907243 0
812838 0
973047 1
824399 1
790314 1
949517 0
663211 0
769195 1
932017 1
516182 1
965188 1
858855 1
672935 0
660732 1
617729 1
700015 1
542405 1
599876 0
781897 0
978708 0
543590 1
928009 0
943747 1
509607 1
654525 1
692544 0
985844 0
765821 1
821870 1
601045 0
647227 1
766656 1
719270 0
875963 0
644964 0
686698 0
627726 1
868920 1
545974 1
594351 0
946299 1
628545 1
619315 0
894553 1
791032 0
755814 1
565097 0
654771 1
590299 0
644783 1
710440 1
508974 1
661979 0
707622 1
968844 0
932524 0
920024 0
713135 1
884308 1
593970 1
563839 1
663019 0
988719 1
608003 1
867727 1
837737 1
525196 0
897686 1
564950 0
700762 1
679516 0
873815 1
675874 0
702120 0
682793 0
594099 0
963146 0
731149 0
882469 1
860689 1
778930 0
662853 1
776488 1
997697 1
899793 1
998691 0
508049 1
727204 1
576903 1
645635 0
619813 1
531546 0
778512 1
603482 1
683437 0
763611 1
841249 1
858637 1
582076 1
760725 0
917283 0
658176 0
508081 0
901474 0
515977 1
698580 1
935641 0
737407 1
618316 0
889563 1
833636 1
988503 1
755827 1
966637 1
817648 0
949744 0
605858 1
723203 0
823725 1
880368 0
998771 1
715130 1
947442 0
697420 1
858495 1
561093 0
539750 1
684797 1
518607 1
850192 0
679678 1
619357 1
515849 0
652321 1
817100 1
505793 0
936064 1
996372 1
832176 1
928015 1
727488 1
765383 0
602149 1
999999 1
527347 1
905376 1
674637 1
869779 1
577395 0
655426 1
