770 906
153908 1
800906 1
369680 1
948240 1
899621 0
355834 1
949471 1
414943 1
963030 1
507792 0
479594 0
701606 0
523080 0
217999 1
501776 1
589005 1
233710 0
257661 1
595478 1
278209 1
221393 0
666484 0
312983 0
999647 0
581670 1
233869 1
60609 0
886579 1
696040 1
999497 0
904061 1
143066 1
478695 0
758934 0
947090 0
587307 0
170907 0
603075 1
770523 0
287188 1
378245 0
238408 0
611560 1
653282 1
265294 1
310663 0
25674 0
777809 1
917376 1
610877 1
910857 0
857229 1
713413 0
145232 1
601154 0
424541 0
808679 1
384975 0
5000 1
500790 1
956174 0
603301 0
573498 1
934535 0
940152 1
165216 0
126103 1
594789 0
610806 1
988825 1
163241 0
688735 0
150585 0
966987 1
242859 0
96280 0
616431 0
834924 1
983616 0
121509 0
146431 1
39528 0
683032 0
602720 0
633764 0
552653 1
385983 0
172372 0
861072 0
16389 1
587330 0
714249 0
174636 0
250124 0
743484 1
714007 1
879453 0
597712 0
157953 0
938247 0
194002 0
494938 0
101349 0
751047 1
600309 1
791616 0
746271 1
150118 1
629430 0
325109 1
834190 1
447860 1
945907 0
762085 1
391221 0
517572 1
306956 0
802664 1
400561 0
856984 1
755152 1
991067 0
659577 1
901290 0
99231 1
964371 0
639480 1
917293 1
555113 0
555351 1
267471 1
784024 0
389010 0
817212 0
118121 0
368480 1
650594 0
717348 1
526285 1
956104 1
930718 1
853552 1
417116 1
340971 1
416316 0
166672 1
716760 0
263123 0
250819 1
35262 1
265948 1
304099 1
782535 0
975361 0
625322 0
574977 1
680296 1
80189 0
988492 0
235657 1
967095 1
429694 0
978729 1
670832 0
547190 0
139627 1
923048 0
837438 1
899053 0
629881 0
887576 1
518401 0
355210 1
127395 0
610931 0
446920 1
836729 0
945183 1
979599 0
877153 1
505805 0
231349 1
245898 1
938088 1
112541 1
770905 1
924090 0
253241 1
821585 1
303245 1
886225 0
48358 0
673363 1
732577 0
730824 1
495031 1
260605 0
291379 0
359669 0
883204 1
685026 0
518632 1
714647 0
273451 0
823666 1
938974 1
670646 0
968258 0
383837 0
206815 0
348317 0
335886 0
333254 0
496795 1
523950 0
632350 1
894773 0
345850 1
952042 1
956333 0
875231 1
487216 1
139100 0
924414 1
654013 0
79991 0
675704 0
690531 1
323589 1
307954 0
866635 0
126589 1
934627 0
532841 1
782272 0
811831 0
534153 0
109439 0
822131 1
646293 0
238561 0
351629 1
353515 1
418545 0
945335 1
864929 0
463775 1
658516 0
511505 0
502455 0
136483 1
33497 0
975197 1
382001 0
528646 0
404175 1
257352 0
769438 1
123478 1
56652 1
465222 0
531585 0
370594 1
298701 1
709665 1
780859 1
169799 1
66037 0
192343 0
814089 1
971806 1
881102 1
969561 1
441904 0
710545 0
151380 0
447785 0
778992 1
379042 0
348065 0
465679 1
450393 1
311087 0
82328 0
4509 0
714274 0
532537 0
270491 0
201729 0
280998 0
457754 0
231739 1
655058 0
104162 1
470961 1
836319 0
301272 0
521937 0
651435 1
446681 1
351999 0
923580 1
596930 1
740147 1
912837 1
348503 0
263452 0
895884 1
658809 0
155446 0
145871 1
20965 0
454408 1
458328 1
354751 0
430168 1
702988 0
296314 1
602366 1
781248 0
70433 1
343089 1
505360 1
15631 1
785446 1
546280 1
582636 1
629136 0
780776 0
600485 1
550937 1
776245 0
121218 0
152425 1
60859 0
455135 1
258818 1
492022 1
15622 0
979608 1
750457 1
267391 1
884581 1
143765 1
662067 0
605753 0
190369 1
417699 1
721995 1
186462 1
600032 1
981759 1
79055 0
528607 0
561935 1
29809 0
896648 1
746624 1
397822 1
920223 1
134004 0
530471 1
478232 1
517983 0
15998 1
834175 1
520573 1
394982 0
812310 0
795251 1
108532 0
937609 1
930337 0
748347 1
312967 1
599922 1
357265 0
402215 0
434487 0
850431 1
962633 0
212066 0
49553 0
119740 0
788929 0
761419 1
136409 0
151999 1
375955 0
886485 1
109117 0
509604 0
251322 0
1575 0
958529 1
321774 0
838040 1
93434 1
959133 1
934038 0
339972 0
125988 1
293828 0
193772 1
412780 0
736120 0
165332 1
398192 1
507864 1
787126 1
419076 1
518580 0
733869 1
621708 1
773748 0
295698 0
717963 0
523048 1
628588 0
581819 0
857055 0
191421 0
767024 1
301802 1
838625 0
21040 0
496515 0
836803 1
777670 0
94689 0
583424 0
274377 0
237316 1
538644 1
904985 1
469589 1
296426 0
555559 0
337527 1
820887 1
347562 0
848861 1
91382 0
136154 1
641432 0
486204 0
526228 0
209157 0
755932 0
367281 0
513072 1
696394 0
155960 0
607470 0
566411 1
808665 1
329553 0
22021 0
430633 1
577709 1
841304 1
883113 0
296713 0
66355 0
32012 0
869985 0
273415 0
483670 0
722298 1
594138 0
43872 0
897760 0
549535 1
344763 0
432147 1
597574 1
643999 1
742586 1
552667 0
606379 1
25868 0
41493 0
382572 1
920028 1
260606 0
470987 1
756424 1
759210 1
244809 0
87640 0
976913 1
624785 1
848148 0
657181 1
517722 1
427055 0
660497 1
980207 1
453103 1
568215 0
91508 0
86208 0
814719 1
179477 0
922225 0
350881 1
974258 1
167897 1
970715 1
322640 0
414020 0
576208 0
553867 0
353535 0
803664 0
487324 1
214883 1
854627 0
187759 0
424388 1
269607 0
850173 0
539457 1
596870 1
829626 0
976517 1
705701 1
761566 1
365558 1
895529 1
721559 0
547090 0
205253 0
332586 0
717788 0
192402 1
54047 0
193235 1
921068 0
704850 1
77075 0
280160 0
515268 0
735849 0
967314 0
633592 0
425365 0
208128 1
418622 0
22707 1
420397 0
955075 0
397404 1
607187 0
68510 0
550033 0
858298 1
444199 0
65292 1
645303 0
735427 0
344934 1
113033 1
564228 0
443311 0
371932 1
448624 1
349564 0
424439 1
28063 1
114896 0
979636 1
417606 1
532110 1
514669 1
606514 0
664108 0
809108 1
300055 0
58860 0
142867 0
492664 0
40177 0
193018 1
907658 0
580924 1
307349 0
333544 0
778011 0
516843 1
198778 1
561999 1
149197 0
635643 0
574122 0
485043 0
236252 0
153122 0
695523 0
835961 1
91545 1
848628 1
372214 0
260077 1
643829 0
734784 1
274425 0
529447 0
183891 1
169398 0
387466 1
378030 0
80034 0
4621 1
198239 0
325804 1
665049 0
578607 0
779671 0
630628 0
709894 0
130305 0
185689 0
713699 0
451368 0
992636 0
902711 1
569337 1
672551 0
283861 1
187640 1
981110 0
425439 0
581525 0
816521 0
446182 1
296461 0
506310 0
534837 0
394964 1
514930 0
820668 0
81930 0
882294 0
829816 1
812835 0
107821 0
588057 1
839136 1
357567 0
56292 1
287668 1
48004 0
401861 0
485095 0
833146 0
69405 0
773208 1
251872 1
821773 1
459214 0
188370 0
768271 1
272027 1
232185 1
259888 1
480843 0
263426 0
3852 0
988418 1
290636 0
860223 0
970778 0
535453 1
664102 0
773188 0
733913 1
956116 0
433184 1
84108 1
914431 1
301094 1
517244 0
763370 1
151497 0
971871 0
750795 0
237232 0
776802 0
823357 1
82470 0
906125 0
579852 1
130462 0
88993 1
199066 0
292129 1
637242 0
59473 1
286221 0
225984 1
845530 1
860020 1
800303 1
276279 1
51034 0
435553 0
12786 0
488848 1
897533 0
598300 0
314291 0
860634 0
315262 1
969306 1
703938 0
283574 0
332816 1
292886 1
918792 0
809691 0
429902 0
760431 0
410557 1
190166 1
228237 1
661736 0
83715 1
271876 1
302820 0
811967 0
318558 1
307834 0
245089 0
21387 1
892711 1
953213 0
850968 1
82437 0
263116 1
136492 1
602905 1
996132 0
433400 0
958576 1
424492 1
833592 0
456652 1
320828 1
961048 1
271169 1
174445 0
641729 0
527350 0
886147 0
693546 0
415239 0
975896 1
128262 1
499188 1
606564 0
571219 0
26509 0
556292 1
997912 1
527340 0
830473 0
936182 0
321485 0
317317 1
234825 1
976848 1
172236 1
874019 0
987416 1
239333 0
406894 0
704577 1
542156 0
97034 1
378276 0
661931 1
684068 1
205184 1
147574 1
572890 1
358501 1
589607 1
421451 0
508511 0
562870 0
715539 1
190450 1
321479 0
1565 1
396480 1
741113 0
575627 0
990009 1
219956 1
236897 1
109340 1
850898 1
116530 0
418112 1
521749 0
701808 1
259588 0
729416 1
81720 1
441653 1
732329 0
313262 0
490781 1
783086 0
317450 0
786057 0
649493 0
452553 0
988266 0
641239 1
244291 0
176736 0
729716 1
114318 0
43675 0
626025 0
229405 0
533337 0
341579 1
736803 1
324652 0
927796 1
705576 0
494605 0
286961 1
109019 0
637481 1
488566 0
562627 0
233449 1
424300 0
355139 0
571231 1
207800 0
498384 1
789475 0
2481 1
886915 0
188652 0
788869 1
258109 1
705109 1
755734 1
318963 1
536623 0
915828 1
122545 0
521756 0
137091 1
661981 0
345310 0
768428 1
876306 1
755893 0
848482 0
595340 1
675946 0
275121 1
1627 0
72018 0
379014 1
420441 1
977851 1
450369 1
967369 1
356774 0
873844 1
430576 1
873310 0
702090 0
521453 1
625627 0
986595 0
924888 1
337892 1
655349 1
636231 1
142115 0
525431 0
36689 1
984986 0
798929 0
118418 1
483170 0
903669 0
287249 0
666918 1
391356 1
284903 1
663274 0
719045 1
397684 1
497404 0
966258 0
818222 0
531716 0
778841 0
442665 1
965595 0
313555 1
505365 1
30400 1
503932 0
430958 0
266255 0
858659 1
357748 0
735970 1
792507 1
309140 0
795693 1
759078 0
136655 1
61514 1
121931 1
58953 1
81496 1
840472 0
286454 0
606146 1
143807 1
961276 0
182687 1
438596 1
705980 0
318593 1
64939 1
335646 1
828051 0
878468 0
493265 0
599735 1
603920 1
285158 1
646188 1
851408 0
662739 1
368763 1
128570 1
308382 1
796050 1
836982 1
355914 0
1518 0
154268 0
281719 1
588714 0
741599 1
592352 1
773023 0
522511 0
97567 1
489474 0
192289 0
301711 1
232392 0
378448 1
499152 0
113920 1
807660 0
403419 0
689820 0
323695 0
359148 0
396009 1
463736 0
492278 1
10147 1
936068 1
780066 0
265189 0
308307 1
162538 0
745972 0
653601 0
632427 1
952044 1
76572 1
249384 0
954009 1
23728 0
585568 1
987017 1
441482 1
196596 1
825488 1
396196 1
199667 0
563146 1
776365 1
551473 0
866927 1
687662 0
885112 0
86854 0
300759 0
306839 0
559879 0
960168 1
392061 1
71673 0
507836 0
985628 0
875023 0
557117 1
184080 0
296469 1
667934 0
659918 1
588542 1
878884 1
663540 1
78923 1
584638 0
392485 0
195522 1
792918 0
275855 0
363147 0
640255 1
532946 1
296796 0
624140 1
153730 0
118774 1
869116 0
730017 1
15986 0
753989 0
507658 1
879325 0
977848 0
792716 1
855122 0
190864 1
468067 0
543233 1
799531 0
680895 1
554828 1
433797 0
972567 0
358160 0
557506 0
50626 1
178662 0
608228 1
163110 1
929371 1
212443 1
716148 0
722173 1
279149 1
512924 0
839924 1
973595 1
668226 1
796123 1
134157 0
761953 0
758023 1
559754 1
829722 0
629890 0
899170 0
129439 1
436861 1
53513 1
704706 1
642871 0
82320 1
776695 0
144411 0
809002 1
361339 1
259618 0
770439 0
128425 0
699461 0
884279 1
564667 0
324198 1
628723 1
615757 0
586260 1
396309 1
335451 1
505221 0
724843 0
596167 0
584839 1
2784 1
796550 0
770959 0
780889 1
536045 0
279187 1
55112 0
85271 1
997970 1
554349 0
218281 1
57501 0
197242 1
330424 1
427604 0
749315 1
924272 0
235121 0
195949 1
344766 1
59525 1
253381 1
721645 0
562402 0
236681 0
538051 1
260771 0
859796 0
682572 0
28773 0
349528 0
393958 1
593944 1
477974 1
636042 1
834342 0
181667 1
803589 1
838998 0
414497 1
685822 1
438904 1
129119 1
300220 0
686095 1
761607 0
732874 1
92743 0
570397 1
744770 0
404726 1
594097 0
277850 1
887977 1
996276 0
254585 1
801460 0
556736 1
220039 0
779806 0
89544 0
244476 1
740149 1
560043 1
132727 0
102893 0
371215 0
650362 0
566480 1
346473 0
341111 0
890986 0
197214 0
906129 0
269260 1
685725 0
494614 0
826312 1
909597 0
445605 0
790216 0
425517 1
388984 0
343965 1
217103 1
239080 1
648429 0
505838 0
400444 0
78678 1
777587 0
696533 0
302118 0
471124 0
412423 0
337586 1
828887 1
102718 0
921113 0
142985 1
799175 1
753746 1
833608 0
105216 1
88819 0
528276 1
525486 1
16364 0
903643 0
798211 1
92925 1
666067 0
257884 0
470786 0
789326 1
669453 1
803220 1
864856 0
102076 1
506171 1
762270 1
449939 1
934152 0
513569 1
309560 0
308954 1
378251 0
627049 1
257083 1
237593 1
385024 1
585352 1
616269 0
274380 1
956609 1
813792 1
51459 0
890414 1
818832 0
122408 1
63409 0
21266 0
859350 1
85947 1
860045 0
903302 1
854142 1
543230 0
819361 0
840295 1
972475 1
969598 1
82348 1
64686 0
181584 0
284949 0
972780 1
838669 1
209149 1
629529 0
273621 0
624093 1
1964 1
210946 0
793551 0
566064 0
185381 1
426000 1
820898 0
850729 1
199719 0
357808 1
311652 1
706648 0
811963 1
368139 1
324143 0
389573 1
233638 0
970888 1
936529 1
840343 1
736435 0
130120 1
184410 0
349469 0
352544 1
76576 0
853943 0
386466 1
906726 1
42061 1
93935 0
118984 0
960450 1
245774 0
602082 1
292320 1
391866 0
879748 1
862328 0
752888 1
993586 1
774681 0
452108 0
749340 1
401109 0
611286 1
869687 0
823850 1
188634 0
252261 1
969713 1
489612 1
678065 0
251515 1
519957 1
107949 0
59260 0
90354 0
606053 0
118202 0
808321 1
33180 0
692974 0
939201 0
383969 1
827503 0
924392 1
782270 1
72777 1
58927 0
308275 1
517908 1
16484 1
416855 1
946657 1
713038 0
108895 1
891722 1
657154 1
334259 1
32708 1
525871 0
843203 1
902472 1
712877 1
520909 0
353151 1
433682 0
42831 0
933627 1
154064 0
116415 1
436563 0
759130 1
578937 0
727219 1
651418 1
299103 0
797351 0
606681 0
535686 1
229274 1
649256 0
362774 1
338238 1
798761 0
856079 1
134352 0
62977 0
104492 0
876989 1
811809 0
990604 0
468520 0
479309 0
304206 0
6086 1
805717 0
467848 1
480497 1
633198 1
71127 1
758966 1
730189 0
514204 0
621168 1
717822 0
613920 0
715590 0
972712 0
230609 1
396726 0
577633 1
327813 0
999016 0
120148 0
108586 1
971081 1
487414 0
77982 1
581852 0
32330 1
151149 0
183002 0
520819 0
79668 0
981801 1
392423 1
912364 1
484553 1
462434 0
780505 1
524336 1
611612 0
655865 0
839798 0
494579 1
543586 0
4736 1
329680 1
663590 0
734461 1
651817 0
602030 1
485574 0
960764 1
302772 0
21223 1
934330 0
154903 1
467490 0
379894 0
685995 1
195949 1
745336 1
744697 1
239844 1
117911 1
355598 0
22467 1
466215 1
87414 1
146815 0
721864 1
944302 0
160664 0
554505 1
704753 0
141488 1
791920 1
115248 1
741386 0
982475 0
837866 0
588996 0
3167 1
62727 1
531369 0
833595 0
575326 1
88744 1
170462 0
827902 1
908687 0
331465 1
48951 1
759365 1
128705 0
867678 1
694547 1
328608 1
354263 0
895606 0
472790 0
474828 1
881696 0
925737 0
64303 0
523906 1
928640 0
270945 1
816822 0
411818 1
715499 0
813145 1
281030 0
613980 0
816241 1
59796 1
20085 1
25837 0
877894 1
656046 0
771842 1
973083 1
986207 1
511930 1
705765 1
538410 1
878032 1
462650 0
854524 1
187031 0
607956 1
902145 0
224881 0
387426 0
589874 0
606037 1
770395 1
883311 0
122432 0
78577 1
300215 1
80469 0
67891 1
866280 0
840050 1
222599 1
634011 1
322479 1
313999 0
228266 1
454140 0
822529 1
48214 0
64249 1
336177 1
503355 1
167037 0
593865 1
354336 0
461695 1
548484 0
594020 1
272653 0
3330 0
607249 1
600781 1
82893 1
989981 1
485537 0
589641 0
242371 0
441602 1
363266 0
713009 0
85755 0
616643 1
431942 0
833952 1
148756 0
476 0
789464 1
594020 1
504023 0
942618 1
306912 0
281577 1
617238 0
907656 0
203242 0
26818 1
811531 1
942295 0
544963 1
425511 1
840121 1
491591 1
5063 1
87300 0
998280 0
58220 0
468284 1
422511 0
203769 0
365101 0
698179 1
88393 0
385540 0
274152 0
182635 0
462613 1
87139 0
737650 1
266539 1
678294 0
189949 0
482749 1
118601 0
564027 1
870096 1
703066 0
396179 1
515995 1
569541 0
233976 1
51799 0
720835 1
806556 1
403559 1
264194 1
308352 0
960665 0
706167 0
380178 0
887710 1
978160 1
498102 0
158271 0
89823 0
456468 1
118831 0
418879 0
32547 0
295838 0
4236 1
842982 1
286012 0
437977 0
239112 1
981574 1
75770 0
279971 1
515536 1
265775 1
763613 1
611760 1
845668 0
394616 1
823149 1
878845 1
498268 1
709410 1
309789 1
556593 1
490545 0
138773 1
979372 1
972404 1
218434 0
551222 0
551105 0
999497 1
539485 0
907331 1
999647 0
418805 1
695706 1
180980 0
930285 0
78984 0
563214 0
227187 1
100466 0
40180 1
269536 1
75829 0
627872 0
654531 0
1393 0
490630 1
126737 1
483607 1
726993 0
630614 0
883155 1
377316 1
837757 0
573132 1
760942 1
382775 0
