632
91925 25074
729359 586080
676541 738945
468684 319764
130562 659829
324984 21415
517102 65247
476817 524117
706426 39352
233726 844747
239775 224936
313865 802567
735386 12666
898735 255963
396378 648090
860350 757291
569430 421414
301998 599645
788961 308087
1364 591549
672789 809035
637068 675356
640462 98308
346344 419061
788082 556147
452556 86442
710818 52223
394793 971532
280392 252639
409622 819628
159599 473158
601637 349298
169608 115828
877169 395541
452500 728594
479026 492796
193930 406050
945783 706458
401854 16003
869522 797685
611716 438786
647104 809121
729731 151763
373438 188963
130848 55272
777709 574280
83855 63340
588035 425910
890521 743017
398080 837146
46428 630585
638188 754867
850940 799989
983766 542499
462950 846468
442188 451683
256139 425618
269875 990065
969041 267716
258834 430281
671562 47312
684406 553850
642400 540376
699281 680211
458065 674754
746251 923308
66759 202629
928944 782228
630941 834472
858842 258275
175349 948925
92337 710020
565756 597136
477040 138344
341043 106412
899953 912944
219262 872974
165667 870235
53934 278366
523947 467996
936188 443625
328221 182919
422405 187442
264401 492352
364455 35950
238534 621017
992899 362541
296261 308102
340789 993019
196363 639376
158413 183682
997178 722775
550850 981217
132909 856057
222795 473386
347274 325705
892558 554719
973097 794660
501293 20844
737060 739871
442287 64010
387250 941484
742577 860945
566540 623698
996406 583130
603833 425939
442206 174386
769982 591515
574946 734789
826560 477816
261721 747221
666699 704318
194436 148167
559098 533785
668946 249250
171632 432591
665883 193621
998306 763198
232169 661143
725754 399352
39973 719851
657519 639027
641981 775477
556693 914979
222736 896335
7923 602665
291551 385878
842909 769973
815864 810296
35814 298487
195239 119096
408129 944442
479900 995832
462609 440605
819091 373852
130324 900195
874096 735677
907949 300360
958161 788135
502563 495275
674055 852147
967424 952688
294231 914122
358878 738879
351751 458711
190945 498025
815022 350514
432915 953035
373374 288811
819391 84015
1915 174023
416881 666417
706029 872018
733899 484127
57078 261704
436333 68962
152053 616437
106090 648443
658017 426044
59993 744040
184519 402307
938978 388407
116404 700929
277498 228890
977353 506945
784290 283444
832544 31581
65807 915716
3781 665597
949329 304842
824844 948644
442363 381439
936655 207894
807220 895525
719099 576328
354926 940180
811945 510890
763995 495233
499385 169528
444903 51769
389506 549589
899786 83900
288367 789807
242844 600404
244104 2886
575696 500048
352869 304404
153475 554823
871040 110042
489051 809469
847915 749045
553665 564800
419737 158682
193115 57503
956404 652233
820921 319711
240985 108549
516861 239800
177540 280535
311693 883401
170072 576533
275029 456085
73730 87651
805661 271179
670094 747779
621729 31373
469122 355965
599783 940427
150545 248161
127074 281954
677305 140380
151964 446949
86729 623111
383512 978427
757009 789983
52639 589901
544986 282414
600187 279983
581320 164777
571519 170591
590457 664934
66460 50410
655803 9553
426572 567833
21268 879434
471243 425043
375339 998630
934593 68081
916999 863735
672257 740001
171922 351388
104498 409330
741927 888078
27124 624375
885869 726387
853963 589064
627552 72039
545911 441089
78710 755733
808919 238069
253079 219956
103380 216120
426537 59544
110318 467332
753647 458119
431552 776028
855033 771538
824830 358425
367413 432744
767424 507032
337511 12445
152675 280959
208811 610169
195775 287926
843191 216597
129002 191475
874580 168817
232007 299276
45073 229833
665558 964124
553254 575340
970206 192026
553602 214388
391107 789556
320450 775151
64880 157257
311454 429315
987012 602071
429964 980402
463235 205201
16646 634604
56716 951916
633358 712629
672019 645380
454156 492383
799600 429505
286034 612284
862593 547102
15418 416021
841782 805760
658578 881480
785422 404735
508754 711292
715038 940584
929197 909468
312882 286693
775866 771392
364731 934064
65958 73585
175123 942436
303749 133760
933499 488945
431942 405264
323518 992724
656773 569088
433803 175662
926263 680194
358211 444449
985493 382503
894831 911085
519902 888967
233458 331354
737659 739580
257367 1724
692628 17613
717931 620073
326463 823443
421894 142510
545483 491905
864476 222685
903727 488337
889201 831362
387078 879986
313216 31853
217536 602442
45430 148198
538736 675297
447828 774910
273280 588753
223277 959583
388847 966360
467315 717181
572511 968681
952593 210320
642524 770569
955737 189777
622014 620187
641725 288952
943450 494068
175109 510882
987073 4578
297586 545238
901170 737718
280806 437805
396191 613256
121859 854868
343645 418589
143062 786294
343580 400617
79483 495723
297547 310052
346060 48876
727973 987845
573077 891874
560357 142358
197632 991939
474220 733127
668004 667004
4772 633217
125322 705603
333940 847101
276862 314500
527108 568724
246929 963244
210269 326852
142916 296922
862916 7384
373751 950950
23634 830237
294781 652906
435656 104296
497744 874041
805983 741656
548820 5263
269802 244667
56461 494676
18669 237017
683020 851677
765661 359900
974963 619960
481188 262378
963683 739093
552334 490066
298186 687302
818909 621787
874682 780777
290312 232979
555105 47789
34556 415496
640483 433123
648517 414346
619288 696479
962457 133844
82688 144930
580402 525010
809281 345814
824073 928056
91035 320340
84665 531553
246749 439186
637301 448892
168531 859230
509098 550961
119864 456820
198077 264316
448704 410438
291426 509708
853525 242970
430100 886664
938855 306339
919066 980029
166560 219732
365135 38883
440339 149232
703049 330451
25380 302004
120863 399220
690894 255903
6382 110102
246059 568688
227066 227007
764169 924389
33158 511726
347091 911295
72147 722328
296335 92935
479255 990572
686234 210170
202330 582036
954864 694155
512542 397850
864630 497587
44741 993397
847893 385481
187941 218465
347859 424690
258007 771113
209717 999795
555688 967521
417041 367650
388270 767907
311494 747385
922136 780741
820639 147223
373348 761154
429988 668388
263781 682163
567955 622013
552692 66012
473721 804804
225540 223286
822331 189724
190399 414889
569487 586827
397637 546061
158802 721642
277794 77785
80131 599246
250572 698786
104426 972840
73473 654852
994067 313660
264392 510938
167159 825663
35011 679325
28335 852621
402369 268606
192219 869728
621146 913137
872635 382616
877355 433807
298604 648745
796046 201366
553765 693763
181304 106077
248612 784521
594256 441367
218060 940159
483592 129534
358957 531963
837866 965282
284733 994517
605370 658143
653894 534015
371630 884392
129641 950054
67739 614635
698095 105010
299487 1287
865095 902147
745724 132149
843461 531941
500143 484887
527659 652519
390639 964664
116554 454360
736047 978433
278112 856540
907131 916455
96768 857862
198644 84907
176564 840733
951070 477693
640565 473973
716625 305198
726016 605712
291588 928303
776213 736800
332135 417931
71079 242450
789696 632839
215144 733343
669061 847579
857530 575837
87174 159586
717480 623286
626637 582318
299946 494600
799786 351681
711096 729311
366479 423176
29081 664062
69648 408565
630698 142298
94908 68213
343452 203127
876299 261800
852102 826007
930878 799230
944537 21470
28346 510344
14295 354598
377402 294104
237499 912926
994545 362288
803036 367198
229850 774978
446580 528171
772743 625502
594395 272743
514206 168235
967716 814364
288683 258056
132426 45528
840790 158871
302933 856271
529535 213944
145438 574541
648115 361684
821407 364844
624311 751076
60721 172033
952516 416000
142515 605967
953852 263560
319189 915967
200793 99977
35083 444959
354338 743437
346642 630276
458356 258016
746900 482081
35263 908643
405655 629263
16804 380802
744050 825943
514278 800821
846612 448089
696161 451043
903666 406648
149648 842592
430787 233478
741393 962072
291971 532268
791169 560970
777658 854487
596458 968627
802742 343319
959753 141749
546650 118826
693424 733052
985692 844252
639089 203138
436059 227394
146806 91027
597944 115955
960912 209249
319200 821250
739867 715433
450788 740541
428275 571674
556844 611604
724141 1286
648813 103489
176318 454719
913743 496001
659949 857570
176904 903366
881588 776747
509295 335079
992475 882221
561867 121975
650287 429299
744240 69645
93726 695433
321208 415247
859222 98742
344363 302588
607367 590144
683251 679092
301064 716034
165667 230702
903225 182572
648493 847725
196136 171726
392391 701717
943491 916465
284542 113070
368938 998731
936141 679435
273762 318524
287894 314328
473303 571203
559708 387502
894875 803687
89338 915374
783979 959912
286541 517081
16951 152468
195040 72988
382417 86070
216588 341205
839405 325561
950825 949524
614164 833313
220202 8882
358763 773515
979804 386663
795911 441906
512519 822805
991012 744857
160187 360150
