1000
54352 764378
338541 48724
706012 711809
949519 942030
148872 220914
33291 54679
803762 437928
945454 637893
118527 796048
490691 179784
817189 507796
814784 132000
851528 591335
836345 233837
825071 88373
458608 412906
300901 468954
30174 689800
811858 614919
345903 816509
986218 53893
815284 910083
940602 851155
646050 399368
641027 467769
306180 76227
451880 564637
428044 961280
42192 993633
563967 477012
856212 384409
580896 422082
676109 588759
376208 484941
851105 326946
130266 842839
37972 84325
983955 319233
861665 840667
193824 246791
604417 322110
580709 678724
711131 268294
536399 424865
956380 895683
496993 255526
981167 43731
348432 678690
992600 336884
702366 456099
978283 515322
953426 616412
826749 613184
79822 776447
333670 701331
693833 875958
437967 56901
419832 923647
201742 724988
658019 641755
709638 206472
816066 952328
626255 924270
467374 72145
166502 798337
727282 883085
723432 223732
531791 351098
612396 203735
86183 660914
706438 537187
498826 439519
928681 509517
936447 712
544208 417938
1747 946937
973267 234648
396248 586703
771752 465799
313834 685485
5189 650592
388825 705525
563549 794390
880706 178544
704985 278363
841999 395011
528998 643576
535614 766747
215499 690384
743011 132593
559138 716053
650749 592053
454663 514038
623811 727933
712309 63427
832440 60526
547172 537682
163034 876129
916766 433557
717098 400620
946921 101840
573313 166512
785285 496148
367943 359997
344472 21257
536406 389928
453810 205181
925526 801736
331208 226958
109566 653576
556848 818598
988236 160153
680521 658453
330919 804880
441976 147940
668528 505901
688337 177438
181207 70319
361403 859899
301494 394817
679816 284508
811283 855042
440424 317045
859797 661058
230347 719848
350082 859191
826430 823675
962375 927140
189031 380110
552212 142398
740559 75940
214271 936200
624728 756578
680113 416899
278674 89484
651020 870106
376416 633015
40826 574945
745852 237186
214978 54768
265028 262683
919118 776887
667883 393313
33569 870939
811909 979539
363946 899123
638017 311068
932223 976417
497992 417273
342760 903370
612320 203743
805935 381639
82892 635437
863565 962297
304391 527621
265565 407855
421284 904106
350928 122265
635179 772559
837422 235044
538262 555288
66078 6320
654503 784580
328787 658880
618850 839042
874176 644404
723829 277151
722637 822825
50433 759414
651841 316063
909678 511079
658160 806756
177869 317461
862496 917530
922857 758936
508792 333398
711082 712184
443632 181227
661304 173938
872413 40025
8795 209023
992986 164904
3690 84330
518701 538525
507715 170132
240793 247365
166833 851106
735870 527506
277705 546129
479507 678322
276442 327044
579859 542346
739011 467008
546266 152879
226157 637363
970844 399570
269179 233420
849363 191473
462861 462307
989951 516123
15127 442613
507635 273317
678319 962078
277119 454610
373334 617355
464944 854421
756244 382905
894874 518645
111377 993414
356914 649830
779540 486877
781000 892125
9331 795381
873647 978609
201048 661905
320119 794227
949189 576661
91755 491596
366115 313152
791366 935707
627052 437807
223617 863500
475809 711965
186424 253832
548539 347571
413637 551857
707438 423089
664358 865182
281793 321583
242479 664534
625972 1988
484148 184860
942914 597932
166318 534273
295254 672879
598313 6357
377310 320068
219230 545242
63567 753378
401362 623799
198366 551668
826794 923294
66346 936498
465727 47721
776357 440882
659548 53212
680478 701753
363918 728871
166968 284835
248997 50202
60652 232712
879034 132760
195862 903618
814886 726245
220071 214397
242644 516909
237080 547651
603067 818973
454594 108331
100487 991886
590340 358397
657425 845836
579306 714526
342603 291689
216814 616778
797190 993477
412151 214786
468292 960375
56520 456556
844374 181691
286019 673801
60624 481863
488945 679009
965957 691365
706608 197124
701757 144420
746892 926927
17722 686202
219729 597882
49920 190447
985837 497734
301599 723575
412255 380382
675321 577296
592415 874405
140333 475082
781772 954039
784320 949602
981494 436586
335858 731795
51168 635271
292021 578058
514657 450185
591443 182935
71984 913840
994083 31903
568546 632869
852605 393687
769558 58100
215700 285219
727656 195987
480080 225159
783891 309080
761297 189830
440010 919664
142053 117260
830371 889156
650924 857924
561051 645204
375888 989393
454029 202686
926569 500166
862431 1046
302966 54848
480532 59043
520601 765338
168674 933639
512243 347868
401261 743720
392656 433804
376065 314243
512815 821515
561924 503792
629234 70798
257990 812320
290415 271419
954198 295872
680512 963833
850635 449609
140857 500049
690175 574589
382393 631295
910902 634795
571428 17810
466053 166605
804510 428529
250742 208003
287635 565487
915047 737783
869815 863931
181634 999068
394426 154711
815019 847122
938185 513321
838297 367256
504797 411425
717335 166340
745161 168318
349710 46414
841603 482669
40734 725820
21836 481235
70769 913413
127938 836264
274541 526727
820879 501919
338373 894883
935759 905496
785932 817498
208625 265549
77975 48776
520721 205608
891932 440165
329774 12796
116959 805171
259020 737660
983699 515963
969129 595876
815075 852814
583235 996934
787154 179792
845136 881175
272968 509432
271102 712265
685944 182721
801384 301957
87982 81139
831330 589571
822251 856751
68286 747140
268088 267832
495247 601008
406907 753984
990541 57175
102766 176177
385877 335484
887056 428016
299160 34067
199623 522238
66435 560882
622443 222847
248237 461725
783407 459330
34887 685046
273515 80589
36432 721723
975568 541283
768911 165305
767663 625057
328017 655305
858591 833710
601793 499387
65914 41366
84648 302754
794774 817595
960265 602329
409041 256163
85746 409946
243637 68092
437595 34531
223162 687593
234237 552777
843975 790014
169410 322473
153686 450615
923277 441559
643137 660700
177878 242385
369802 745785
116766 625596
47468 622600
103524 465623
680723 630828
860099 679000
414226 101159
101799 708238
119524 517969
171932 708204
622024 859292
191601 746975
389073 244998
863459 567876
712867 970126
341466 811247
634819 951679
306412 933471
564287 902683
891122 525307
628277 851797
167247 404731
440613 994897
273636 379026
973514 500047
968330 546854
966556 484403
561040 455753
389231 604043
584276 462031
469911 702258
132408 15344
86526 936456
825749 60376
647088 770217
186764 550713
123340 475638
36006 489786
390587 876441
133467 162841
546675 215077
781872 868498
883899 135574
437097 321172
191524 742303
865428 919004
301229 191687
674726 868946
296988 528628
882156 636191
795245 785391
449369 157184
717961 547935
174454 355733
227559 285301
923373 213633
435665 91916
426072 1137
306158 63759
661393 355155
806703 634931
740809 290468
48881 326476
753620 397054
336383 185722
986291 149579
49575 565450
976685 369557
746612 559566
955289 957631
216166 538164
312096 402952
221660 781950
42618 626933
343141 799525
123743 993647
242641 314500
409183 751110
393562 197770
943117 603198
431343 546876
570493 456792
151807 151588
876590 117936
255852 259410
226709 40141
292325 846270
105051 613819
563571 326721
684219 237535
558437 805761
738296 88046
423265 2825
410803 662662
440665 155431
508412 391846
36950 502528
552652 372820
523225 132658
873398 82250
271601 919075
559316 320408
569768 464823
117390 731804
5402 457233
849938 704402
823957 862709
26361 504996
112789 943049
803768 773720
408231 193744
479090 853737
897114 960988
174172 45794
600007 126792
449741 910985
7245 846690
82447 896152
161405 977079
958952 892375
36389 780541
659259 19835
124288 421656
863553 752248
962841 854142
363947 476639
762500 754894
187021 427842
776910 80599
60994 294515
169960 459644
682136 374011
462518 79800
699959 396640
72735 639470
782493 949870
200984 490803
925963 4908
376154 238175
475233 694967
555529 48615
582825 30687
273728 493169
472577 675010
212537 140528
245097 70257
895791 496083
614351 215900
86685 440664
652665 363339
790032 374008
114036 132239
781077 348931
162482 706331
762098 381044
161982 236337
226923 656308
891818 990620
55541 809158
640460 530285
388174 997208
483015 48514
531109 41967
525836 672997
378525 43116
127358 526737
60701 320394
381108 564639
897814 205991
117403 134590
79044 650338
742516 884484
999521 368364
352690 742522
993160 937401
655337 57074
279181 593399
681748 856287
343474 845317
834904 454752
410872 976160
944781 615580
140563 905664
169284 846194
508087 561612
462002 350772
153708 766838
228678 606682
286453 457031
782641 966813
753081 394787
968769 662013
523233 253501
363077 669445
610995 678993
134098 214980
256510 544324
974474 873333
289191 61304
714046 460666
365656 623582
448461 817451
826518 406120
654763 91878
113888 80832
146118 901523
687022 421615
270297 413140
314263 349759
67034 965160
212019 398411
271274 461109
181022 681423
87020 533155
213614 875096
249977 34100
621204 787560
684717 806207
769556 177144
312049 172817
891190 557461
747078 575618
955830 655532
177592 122462
399142 789690
130675 312893
787446 3471
873270 776211
642904 883894
19841 181346
700617 997705
629458 934967
367252 362941
311427 928414
888129 897558
122096 358485
540772 412984
107398 558934
167063 85272
617227 812527
715306 278405
91905 994238
817033 90224
769590 118459
953326 747426
428506 343743
353371 367342
672809 81684
125712 354493
91829 670231
335081 921886
182069 946520
83860 950411
759851 258529
713035 622471
714852 760038
548025 76583
395351 732831
500950 955770
73362 825265
861687 393333
61200 623172
394865 577525
795943 962130
528701 932180
194859 412524
497839 637311
705735 28452
804353 245879
433117 314642
773880 919229
593322 785165
909641 355540
942440 720072
198647 76269
218713 557942
42182 461724
5044 825982
184710 933819
439777 612616
599780 57049
1892 8244
394181 71232
177989 142699
798289 845310
812008 273238
612145 969336
912782 726980
979923 336835
462799 394370
127999 867085
848183 717773
377645 399187
728882 396139
241697 371320
354515 422529
365373 611272
428217 798554
584963 897374
11937 68076
205338 53749
426893 267439
181714 502739
67383 294501
337003 622784
447194 681532
14246 239881
785216 617204
116850 480960
879751 134249
761074 4686
823396 637055
622147 678854
829963 877414
97882 96507
612297 170358
455584 993895
905707 283072
316047 636847
240806 623225
218181 27639
732840 154212
76903 285331
522202 590703
859 638670
75667 910960
677867 627824
890179 794607
861627 847213
402179 630953
747159 582234
105887 989019
973049 643170
901668 290462
513092 678034
266426 15047
98023 744705
148367 666813
55236 543331
894393 911836
130945 176057
257995 147738
382031 967211
51950 448805
612361 653878
397503 697268
479018 896368
974545 534753
14825 730376
375528 487836
454709 41875
701270 670489
979244 244791
301279 974476
245003 21243
228353 132556
261645 592392
461650 753313
729550 348449
420944 786085
522991 898197
148501 773268
428554 766693
317639 95364
759928 798781
505503 100657
80516 177443
73217 407528
536625 920561
395949 508213
711610 946342
637232 476491
808073 595913
419864 447724
606550 918769
430335 837311
11873 113920
39580 106212
910781 952961
101591 392889
531950 448640
722570 344435
218744 915763
116669 149648
892095 85629
829679 693124
454396 299647
654521 970747
636002 77272
115272 440330
543994 859136
724070 86762
409892 982616
748282 861097
863271 310375
184189 711253
265854 969622
23451 684445
657875 966317
507676 755047
196949 419224
412880 590443
704501 631723
532145 609238
782699 426365
879606 899785
383798 923377
404088 83682
606834 833066
385314 260754
128110 109833
10793 390975
689234 994102
863601 423810
855063 727923
602135 725009
928090 978109
367580 880939
476792 555145
630213 249663
297784 728695
895650 410105
1106 1146
628410 826531
358654 140596
619459 196934
719205 616471
367713 22317
227821 767830
377871 991735
756497 735158
121336 577286
341826 743839
991327 144836
24146 762399
761324 108603
87247 612317
445031 928914
714274 17455
296723 45960
186025 816893
204806 613636
128885 361921
590742 191753
554662 966557
898236 267061
502642 719893
790543 413973
65870 122155
805880 31491
701105 587939
238036 126521
951388 904890
704999 631751
976156 492986
275796 177647
425352 275628
569690 276783
784661 787887
464214 899711
252113 172751
842099 345111
22860 461587
173958 48393
252110 943899
760900 862152
321536 346397
655212 743571
77933 704824
533279 445036
396669 68755
818907 850761
307601 874723
342047 188666
2284 975636
69186 800770
807580 704440
699886 769760
948433 961681
581742 848857
526937 766873
726156 927120
177268 4766
704122 165603
20418 150507
834193 325457
129636 627488
857304 875978
682680 206874
518792 726172
670220 840588
238936 467790
754839 445220
624915 423216
962988 932454
464498 429592
353661 50691
55172 603999
113353 653999
729606 723811
651992 558864
154496 607323
772942 910561
171894 328997
327105 967167
906580 396800
631093 596186
295498 838435
568273 912382
123490 493772
488110 826345
734410 48757
374751 455315
586340 425331
880257 477161
923377 276950
400492 793147
421148 851226
397708 40438
949255 889954
750460 935478
999506 853741
244624 539097
424393 413387
32796 309341
960469 360491
485739 692964
538349 14621
320890 561000
292548 698780
719390 142896
519529 56736
811744 998676
972029 383026
39871 585461
327124 64889
56525 607723
297599 336088
244741 563735
348081 679895
541273 739842
258194 718325
381109 203161
478452 124824
577172 569364
265172 953584
551880 296060
938092 773155
433272 759803
784335 586510
971564 717994
257684 15344
327741 293853
725149 286437
738229 534597
96713 238117
763586 967952
656241 364224
883223 462513
601317 46270
500077 178454
529689 854336
2840 635658
637170 759241
62687 55881
134502 966007
599097 386254
750683 730967
112087 914973
949247 675328
11674 212287
696925 590981
220663 928313
288971 667490
957220 939168
80776 4499
467143 205775
258463 731534
912090 826210
399318 106107
8562 535853
415996 940185
