730
641576 497007
579808 590033
874766 878164
96644 337951
425961 689437
641576 488579
127930 848371
256352 341957
978372 320385
965193 273710
509695 241408
613504 914310
290450 906321
769388 378947
827971 594964
444232 166072
654726 537507
189001 260298
302149 241774
178845 46944
269870 721051
831432 107850
531973 294748
18084 616293
949773 354558
445434 700769
905139 486519
625013 197239
280049 129408
741251 904488
411835 759814
334719 965399
379119 505334
988981 794926
5339 911233
165998 861987
30373 2536
834659 782913
582948 483608
511965 293146
185835 218059
184801 658153
628984 22504
239945 118816
575857 30626
614892 393720
625230 887345
785952 902629
775810 681691
998419 84837
410741 324216
435224 406521
490837 519552
181347 911959
500359 419220
478191 92022
881512 132150
577072 689751
565162 382709
727942 881633
928095 216979
367810 362908
436613 133658
322585 180102
936599 653669
808245 298549
243611 345961
308 483075
496188 562238
537153 315545
787139 416083
177979 680084
925475 341935
469749 300939
601835 220070
304658 345473
696516 960146
855294 246342
904546 793116
881651 746448
897818 976871
43371 565718
954172 508831
416562 682074
96830 876630
981467 932985
748345 427130
511651 366879
31546 148695
132911 118855
90093 810476
176686 827149
878836 100246
781696 306948
640421 717960
627953 260693
679263 414084
433675 928096
158235 240711
954052 303884
711855 390240
921702 187528
89760 363556
570752 868069
672655 943266
838114 490830
429645 808387
892101 783313
597319 151526
161947 607200
728078 437600
807921 480989
406074 107635
359565 735093
613125 844974
722457 279414
229356 631234
588535 885483
963124 808323
7966 188767
621990 225159
675615 238325
352397 89603
549389 718331
323977 835928
932421 439928
241217 127368
604884 826314
919736 290589
570418 374340
415723 124314
576555 240969
474861 997919
724577 346730
272955 612200
380555 86844
730538 762723
860819 248819
760873 515419
209906 526238
441247 348638
299918 73781
647515 380378
97215 190881
215076 942133
629125 199767
128364 471281
321228 367547
230501 105376
650362 115072
659247 766428
342930 574283
993836 790304
19942 182959
754731 37196
315120 210549
111175 69955
469397 111779
781362 53200
275863 936308
512218 992539
798873 429409
807833 437375
649043 141360
800591 422222
534938 302941
593590 139782
408059 891980
713726 494301
451727 620717
768825 3723
669638 162470
801570 715637
747755 876231
39031 577276
507386 678639
105375 780792
757428 221043
835637 433661
894386 511700
22025 454250
774034 988244
327790 457874
625403 733350
949407 680223
175673 671243
901307 863001
28637 509057
954381 746385
512541 425405
805685 707567
765625 356706
849251 734927
807774 518023
635697 482011
444343 450689
662281 699729
483747 634991
888740 333118
762820 465219
619827 734718
624428 627818
450456 825830
64000 113557
118317 873264
396021 956527
257909 580054
852440 232142
702142 453330
607485 991471
957692 794041
862976 373851
154043 751056
701290 398262
360761 858367
550241 913814
426606 753201
773556 362918
424237 732789
905777 839036
174853 288351
398211 104479
44739 648975
878145 613874
165902 886801
53401 440567
260144 234018
504535 406013
504703 41926
851915 44945
618599 513362
59733 202663
614062 926058
392563 860750
355459 566918
813329 106369
363569 529400
702838 746230
551484 395448
921243 88348
887689 995772
848232 774583
350609 175876
169954 863151
147900 564267
336764 133333
937351 400553
228572 960932
763095 22628
457350 589172
179988 209723
441357 233482
522499 22915
570645 460355
33582 242933
298185 445890
997479 8478
766883 170372
411200 589567
634536 946147
589199 957528
531827 700884
121241 982376
427286 408995
863465 966033
903591 842952
392537 753762
861785 733022
449924 644873
503365 2072
882558 434208
49230 915869
312289 563511
743209 984740
188999 682721
357088 474230
413286 37920
835213 956377
141333 292489
813383 158776
275185 221654
957053 210628
429045 547198
926234 389037
70416 182936
758339 796195
766389 228341
541742 689913
416471 991061
272265 639411
171140 408162
653718 243057
39732 338773
140250 311566
395458 63750
782301 824816
506526 375646
379976 248882
491649 526453
995744 739724
810953 663004
246390 707048
513030 213501
395829 502493
672865 554462
540253 894714
806615 934009
241551 399800
903839 298259
416184 366952
256046 118300
220916 825338
118272 60090
196480 549919
251974 192521
367859 181116
295509 779965
82447 175377
386305 533870
405472 551890
229486 758442
175192 268239
863682 410419
688181 319407
873127 912718
70097 905259
556956 301614
564471 630564
420409 463869
219501 464591
834241 864348
668277 313581
799941 959637
279018 370193
26773 436238
361101 109149
278233 400093
382757 153232
263962 133636
589663 561811
576733 894336
339723 285717
459443 919416
502561 8304
207816 188942
491937 824411
798337 778120
490815 419100
704206 190075
708314 998107
276991 340594
182617 228903
266220 683446
111788 218479
494150 326930
942613 950294
304396 299129
63276 316914
441923 522099
181697 345257
509285 371202
989969 505512
916813 906424
491210 328599
756819 76735
51387 53990
466310 763184
653005 515592
208829 625121
47021 297759
276211 122335
78409 607995
380163 646910
732495 268102
528252 263228
285344 540260
477322 807184
972538 369116
770996 73140
915980 174229
305192 691830
895886 349957
906871 337540
996486 99563
643087 503272
825651 209102
775548 228324
383676 736780
511918 67991
805949 491318
762614 252070
341491 233339
930713 166018
698466 804554
869674 633925
360888 921748
366364 816946
323604 843353
64216 239896
243447 374109
310164 850069
552498 98830
450005 514561
554068 898489
79918 870985
771269 366742
11777 420389
166168 666504
464962 552594
150508 954877
477152 732732
906567 797699
955388 546226
524038 404472
153811 54765
162870 870782
320749 588282
238737 269774
795316 362468
204740 148041
916309 61225
97379 84156
159677 554070
937149 580056
553027 447926
232684 144723
764952 153836
341861 626530
736231 592265
254059 914543
975755 796963
432689 767589
812579 908169
181565 298759
702714 669001
385990 942015
810236 251975
867526 441796
334060 6886
214020 560636
999545 98974
603250 714107
465264 839311
104087 329165
622553 59278
845823 994161
278626 238518
651374 46542
64853 987405
991776 715376
406247 716994
792333 76063
826053 346298
82116 581081
518866 122046
581938 563075
660950 378233
372173 628918
218488 6990
73885 453245
457729 265258
190754 938451
94173 103174
45422 869104
17957 363468
413919 470145
137506 631748
704248 330976
947092 776227
156286 106805
880371 104781
975540 101575
732230 879682
816528 735460
245004 246776
787384 120802
743137 873023
632720 171921
544005 483515
88517 124902
182092 696417
839955 825779
256311 612789
762021 671317
267534 675183
414008 697669
777595 728807
956608 954405
162689 361285
56182 635352
203838 133935
3771 108
924227 597104
37438 486653
622099 304058
139793 976471
208909 6142
970112 280760
926257 417118
640593 657597
77821 703324
95743 139617
984620 28528
840604 423413
601155 988419
453038 30429
482199 86692
901719 760122
835230 11728
91918 831679
677652 30027
276095 940843
477703 236012
572502 353763
884244 358952
489696 565151
585722 364266
672444 182232
495979 116852
784350 375603
981970 454467
849337 393758
33949 522750
460556 780598
625410 102579
665348 684582
953173 323893
162639 464430
78147 289711
341309 508222
835758 667257
603434 286096
688641 565287
676842 339025
173703 20325
680527 500336
705541 84949
496231 636106
801360 189371
970335 151201
551656 401348
706521 472788
154649 80924
24911 961505
755717 396259
197036 510411
230482 530656
290351 811533
353978 965888
867713 296273
136076 586856
515755 466804
436238 317518
541844 365613
524797 660151
815528 499838
852519 466116
772332 648105
181939 376203
896266 206861
49024 138457
132188 939686
757728 53471
756439 897015
932844 604869
160667 695557
9821 546266
774857 964776
531503 654632
465213 812760
18096 585705
41196 257681
443174 382890
5699 596365
719217 658970
349543 533971
143995 778444
256831 550222
976255 229196
113813 849017
935054 387059
288936 791433
974733 203401
697533 578658
191556 931842
753045 455081
81236 103568
124046 711834
847874 480391
44976 281185
512347 397994
684073 900061
121399 438887
151021 616149
936349 208991
401519 836375
626431 118126
536820 444245
363052 197922
311864 353025
123037 176404
962717 363230
421529 836948
164538 601089
73115 628688
300485 362444
622514 253139
60769 754452
752771 448948
685527 170507
85112 277979
203889 833116
581701 259913
807655 57049
535057 169999
698643 557603
931621 719357
715044 836679
167914 332842
228524 394677
767274 426258
931659 212525
820963 326546
890861 759666
552994 449110
307686 487588
999994 314096
123977 604531
409828 247256
567233 636605
843716 257867
272549 503496
180501 106822
631182 18107
477201 828030
857910 476178
698610 973432
785965 131778
489154 583193
233191 750946
919941 625463
192088 97336
920677 253529
366795 720334
141013 132644
582103 95626
865210 617001
808332 535925
778855 135210
717251 637866
121457 211084
708217 196468
716850 441477
259153 796606
734756 165246
246535 186649
261679 717954
522797 770797
883777 508992
940602 982938
233921 884930
371512 123683
583567 853426
355166 117431
235101 670682
231326 191211
683153 423639
423043 845066
530457 534073
268723 361486
94797 395082
416816 420817
797595 672814
43674 384631
945055 119825
715997 679208
107168 855573
614544 669419
4371 792056
156523 315018
881806 390364
468572 43545
324263 356386
816797 777484
698041 64920
726565 679652
681615 970702
462402 723952
228360 747624
916786 326121
490812 400801
345678 640806
955705 122859
604090 711296
735157 579181
42440 37995
357109 822106
40371 272954
235148 38226
310320 229498
712260 971058
16844 866320
894084 945283
239083 946366
178448 526704
451130 896907
355396 607623
66863 882287
567023 506309
704528 540780
483485 934622
48223 965584
498988 91983
171785 898298
542547 255651
514126 235582
234589 694110
251043 231312
610622 960413
456177 972588
668634 758080
62574 531963
717098 7561
337834 972762
247859 556853
647679 601643
297403 210786
488650 87808
718471 129311
258833 171605
