1000
953624 433960
83563 210383
738079 246336
205081 803468
76728 135011
3284 221040
923689 263470
650422 847502
328708 21317
363261 799682
73614 490139
795792 528023
769829 605823
534676 322306
330613 121634
379874 663881
769417 288645
463034 56871
803347 112338
833166 625752
592221 65144
422132 982073
134374 992837
556302 811213
458020 314393
921290 100662
916056 929312
433698 324757
666996 596505
831725 159697
864908 90677
545738 970803
111877 496827
166348 348727
916752 698041
402131 225524
271625 598252
573849 575343
320304 361342
503719 412579
56050 129717
530845 939388
290766 712354
295497 931292
478735 302199
809701 657124
422668 290479
348887 857515
975765 978148
614900 184288
813540 944237
734287 197774
434421 68838
20679 968229
787911 171389
173895 299789
719701 685089
31422 54587
131560 639584
406057 375905
16732 545465
569540 852693
844949 862676
794249 965292
390128 934156
504786 413921
313894 943352
488905 655315
836339 737331
81892 535599
92855 705422
433204 743432
312637 853983
235634 467606
480492 807857
514306 203024
904803 698916
793997 51862
805865 209823
842585 755401
916395 740167
460143 772067
58410 126365
152738 795569
466382 22545
821268 900901
841454 982407
199485 534971
542001 860926
178550 813580
347564 876917
945912 896676
70990 310438
49647 357524
406570 931105
178645 58029
667285 249444
854682 79259
421952 91525
905167 771462
443233 26707
938739 482961
193163 690059
56896 918097
153211 800436
487848 271754
503357 186404
193166 159215
319547 265687
112832 69063
697206 210686
915522 187207
555066 828140
65978 648673
407788 651330
416439 2694
263193 731901
381893 631202
293591 683111
979090 646043
782087 781279
951152 68083
913918 410860
575891 191733
63651 257329
605436 845396
458182 785153
271497 2239
138513 129815
605088 862842
599499 890204
653656 98552
130393 255130
69979 354530
218594 106802
291911 629936
99022 478937
976665 39251
422078 288774
71944 793865
4278 775592
867857 564720
950698 426861
342827 209328
715217 936634
68750 625381
187373 767145
513766 255141
567998 388329
528010 357987
213321 140437
81108 302364
117309 768403
885301 736834
934064 478298
355994 217416
105945 828533
774114 806916
14930 976386
685009 403123
491289 229155
302726 174028
897277 215294
206727 229119
516110 223683
696137 808758
713864 475757
141721 551333
45424 584496
687378 568226
887311 169758
369968 229364
618728 458660
222595 292852
376278 491797
550237 483925
50970 496287
975369 898065
334636 713284
775825 943777
691713 734919
801986 923763
345695 850808
711607 431775
949699 433721
764663 692805
516555 616843
896291 582947
230031 386565
445081 491894
803435 201276
450213 317494
450351 169253
684144 584130
750317 840818
824279 955807
561996 695359
638629 957174
868809 520484
385583 404728
902145 368861
914063 466104
95684 133012
46855 770180
249746 828179
169118 603862
880011 3660
897576 949580
862545 328504
282826 68147
871518 981805
579965 839428
354531 177877
885138 816087
415009 640074
623063 631741
51658 208454
324581 228603
744708 854944
855880 413428
962054 948460
545857 894527
11877 320052
978366 594487
118192 983093
648135 841827
73498 400694
778865 89165
282081 62707
953814 409329
481103 164965
383852 911541
560224 803470
703776 494706
900634 96082
747944 342269
738617 282321
506426 658314
941961 620515
607908 906890
474259 204552
476889 840819
132974 11639
903126 667914
664392 763295
34471 211674
763433 368781
1263 749820
230317 193754
86504 516862
344735 50521
562910 425060
452704 609337
429123 726593
946082 942752
522143 954891
63919 816564
964431 78356
106931 261733
323126 523701
215047 809304
540377 524861
118457 638895
160132 444584
535307 55584
700801 754721
258636 394843
477902 1111
416004 895032
897429 743455
8545 100929
582983 817657
105029 704793
668013 423843
184635 396057
156631 468755
514642 173820
389139 183330
280517 38424
450353 940072
245274 818462
326068 438269
661076 76989
639763 800023
870529 385159
351040 931093
62747 964531
716489 478836
879549 852350
798141 588574
161503 738068
607161 617933
400542 454992
748955 43789
814918 485724
572080 104325
361405 496056
273453 325563
541182 446850
739760 764528
156188 287532
667107 668176
526044 496410
806301 453692
266464 579276
711176 392411
992223 896816
977439 238543
205283 983605
205117 222469
537472 676285
487232 743336
549711 182796
669322 867652
964032 576437
250296 297470
668136 420449
461013 504309
567127 880307
437154 254151
81667 26087
202623 849034
574534 132104
988532 639322
855265 952304
242139 461032
320519 950908
851354 509086
956594 57433
149480 677486
46660 577931
663275 281503
520542 522200
593603 669803
571659 130932
429150 206893
709972 223083
723414 638997
375809 669343
353481 23710
194434 27388
846450 916445
611750 460835
866986 880205
551697 367354
439570 528419
741186 967376
433390 334770
273048 934678
829554 214045
546857 473684
932914 338555
372817 917284
3088 905160
329414 334893
726842 501275
68611 345723
87606 507193
258897 65570
643015 342274
269611 244453
403205 861370
882039 929973
23361 685071
25853 458672
863623 258302
372687 421712
112421 119861
879166 478274
390175 90841
123634 272272
496895 658694
622206 636800
911592 245394
36010 147865
601725 161704
690481 430066
740923 418883
537648 753645
156631 692501
514748 893446
956472 400885
243155 509987
225308 672457
419663 969327
329486 64547
415366 843932
484432 69308
458551 609961
482669 675461
741131 227667
45357 789394
807544 766628
509702 58779
712121 360375
395171 742000
186755 684767
814681 96682
710491 13604
621189 317032
116364 720890
446922 645827
384123 912752
36082 238807
540351 694544
980639 471592
635729 660055
916532 291529
330257 10035
375860 810088
808049 735386
310521 892411
953922 107662
901914 771491
779659 263359
47928 887324
68671 250007
776135 831422
803620 355624
708737 26994
287049 542642
258105 267112
995628 576906
157508 877823
896288 916853
172473 609405
48169 858855
814435 42939
758545 826182
49498 474725
421601 45061
538522 580877
97053 210596
244639 932711
140689 660581
869082 924783
382455 500619
739856 403776
307513 465617
297357 99997
542156 957615
438405 134324
724754 388428
873311 722258
494548 926414
125986 158421
536366 939057
572732 666954
229215 254553
799466 499977
903380 923901
138677 13811
818485 339673
279710 399077
858155 613940
123453 393555
984964 323539
382130 533118
134716 98287
268278 838602
658634 26154
851575 862893
838026 137172
44931 533901
232470 509865
821469 476374
696709 421784
118688 617877
530047 138935
130912 700018
155552 385351
192332 412427
413438 517665
58028 543910
796516 527147
380469 717931
397496 367291
482448 821949
350058 261917
684844 61434
305233 539559
921902 904059
494852 741173
506454 951779
358674 959486
407032 230544
49547 52209
288777 406633
536358 780385
511641 477606
79493 343122
580355 35923
661662 646487
308495 978426
904156 176885
601134 547131
416720 328305
891833 797021
379489 323507
674046 270591
677667 364137
349312 913966
684472 761627
17308 578957
473679 724924
151422 200992
435198 255093
513575 743572
266585 568329
888999 932753
864458 204766
100773 393668
620837 991508
61433 400278
670326 343498
633105 454870
203596 878055
471968 658840
771292 710816
849364 9997
931274 40808
935364 841034
15969 984586
817045 891929
407525 785717
714683 55516
64104 444563
502229 550708
65351 278211
72421 400011
458455 815562
258865 869301
342591 809159
759517 239665
537989 298524
223934 885076
246895 396533
120741 132914
888664 944577
522056 413231
252023 108399
27425 746562
462360 7491
70158 492457
158251 870119
988671 862030
158961 139208
641891 998714
159986 567216
173781 215485
962637 679128
700064 121499
361789 727598
29487 442893
103494 642512
907756 349259
880608 843465
94882 856147
800267 61286
928055 664995
407600 754711
226645 432753
385125 668010
789992 164530
964141 400744
307914 721066
665602 530138
715615 203076
447401 351096
197238 420905
963519 921018
783051 636680
83620 617112
590924 500414
623264 711424
745767 541146
373424 532329
76863 136426
712517 209822
847149 152358
146677 460239
667079 172642
840260 409510
977332 660561
454792 396663
171346 488944
567043 823482
282076 26891
641373 448224
153790 756185
327928 761013
775383 540504
306724 426715
4142 537565
141785 951608
294098 68120
646599 233088
366769 821505
684497 362566
949615 462046
191662 576238
898848 831114
270153 438070
858346 588257
730261 827665
552300 164591
854530 947132
46707 241960
150799 216937
651303 171335
215183 79210
302956 265763
266190 813895
781740 298237
657181 863308
991970 578230
55773 476554
914355 53545
922480 489836
792329 835254
962924 528089
771044 62781
127279 439208
97979 276379
109293 356492
518983 654690
444203 700447
215930 29296
268215 723797
199587 908416
309156 304061
316879 45958
891396 868001
942156 483066
926394 660986
369236 118552
573423 847172
743701 883002
771507 291843
563674 277308
497176 102656
267916 629970
528430 942593
712656 873461
971955 799636
32971 521044
43107 280067
786490 666408
820033 826580
220038 262201
131377 875778
568687 592533
356781 666057
597210 315631
459944 134490
782513 525716
519826 439584
781889 68953
675936 683022
706913 504987
467411 490383
434515 848602
209713 567843
579289 403311
81686 501496
334411 717617
111301 562934
365018 907396
357147 673147
269899 602534
372474 45728
278914 838942
349001 662410
543172 509367
883011 667233
364643 488899
971340 676317
262628 722769
499805 379745
349128 885858
398922 99595
781192 473232
300514 147976
218481 102810
236792 90057
779856 965318
696245 37091
91050 621810
767138 865785
672449 644043
445892 624554
871985 872974
425212 39514
991435 325416
860330 478129
54171 459223
487583 169691
702995 850104
261247 979219
761106 120400
717073 474808
485652 796406
323540 804156
717603 191489
205043 246472
217300 166295
7192 389778
325140 683072
117870 752593
162092 571673
619149 992350
640792 909881
409054 724600
316354 255809
781184 933591
819085 972526
750519 775754
359541 795644
600490 521014
990457 368119
809126 640417
747569 661023
964584 624959
734919 431892
898456 33478
653539 34089
753554 49101
299505 667548
988506 998542
395053 459999
429251 21502
723630 528539
848244 566266
70862 251609
28303 769624
686766 387558
485037 460296
729187 805597
588471 894876
405187 176727
755040 586118
792312 170376
102377 180450
184007 866337
443791 667239
96811 356875
806458 151803
50299 886260
756489 814781
764863 782384
79790 565177
683630 911282
28668 344643
911842 841091
646055 356534
470379 194418
421040 808130
9911 146832
343487 816540
129470 933094
22155 410249
534067 327679
639945 466484
504989 649211
710430 658225
763655 974938
10721 262681
885077 871952
978845 779727
839739 261673
492924 198416
833799 53737
648850 371892
241374 976079
777351 516540
563091 493227
960780 767745
940612 417881
653283 952205
454727 235209
298776 70208
789759 793982
496299 770115
636951 698914
394636 369734
931077 60120
237756 262716
139101 480741
367088 84903
635730 411365
910309 14120
69187 555837
697917 50669
5404 352657
95508 639973
254158 625952
424494 802161
723795 385651
733642 96574
892839 452014
768217 999027
465642 331763
159195 944493
597311 442692
549494 519756
119613 436737
569 672629
657907 735349
278916 98350
555312 531636
280371 843543
846735 876689
666202 449312
438691 150057
201149 315306
310946 701945
343723 13768
767940 226772
607434 90703
345650 848589
435766 704189
423659 301168
63299 731787
212237 451893
921282 190897
546966 754862
786642 991278
223805 400186
739565 357980
671830 787213
600265 826227
740333 455614
124390 648256
257024 617878
803288 439932
963406 122170
374184 723430
921336 800937
530534 112634
681431 663425
528874 986786
636488 267416
351596 163900
312930 287658
158874 155223
372670 937069
277733 150542
382615 979259
98734 990441
522483 823792
955569 296441
251385 416149
919711 269797
224670 880726
771675 190005
701294 614885
410166 692351
201696 299677
967869 132091
174752 480851
264649 182100
216667 61072
707389 613815
363535 187446
910439 389530
400302 644267
88735 852207
514236 91808
9188 278282
605696 483531
178605 248119
254950 436062
545054 4594
603902 286788
463 709166
252835 904055
588830 923697
360454 431108
674294 423899
586968 907100
489615 95822
258592 27681
329603 508556
298266 579244
611580 400904
422664 313959
230118 335612
911090 259743
431398 20175
522847 795319
100623 590134
752448 266173
301867 811681
551186 864904
661420 897585
448637 873604
453407 156295
845720 755461
606626 720253
840007 321455
15130 830473
729296 79621
916582 122392
657536 534738
682578 877698
619434 389289
410697 341896
302714 124449
378853 487873
697954 463311
593793 992731
517761 705860
223443 359166
431197 756101
115196 813904
404384 59568
441735 519038
86346 421323
399452 702887
517624 174317
476401 569615
3672 208146
970137 139723
611166 101856
867102 109245
42542 416417
644523 694342
195781 336150
288617 265284
183325 7219
977264 54854
540610 606903
761251 411526
34965 999627
322716 90997
856396 688374
329906 846624
156104 187433
914482 255882
508040 495906
289581 172102
186152 868113
725512 689234
977101 940055
65819 100152
721934 248913
441901 260274
159251 486426
945390 295443
263293 848383
774874 67579
657046 734861
450785 678044
281180 131411
947274 521527
397362 839011
680685 329362
602607 129041
282244 653049
377237 216016
998189 239615
185008 590247
361808 135335
222550 570231
754556 102810
532059 831856
730366 682393
39549 869755
136342 657310
48833 880356
627975 16874
200865 523493
101347 765938
325319 496016
315128 327189
361923 284161
754391 714943
63142 609019
153953 327823
157073 896347
904683 424860
976237 979546
692126 316790
944826 598510
705064 355671
648551 489154
64802 636532
980410 745596
887964 47230
945459 407421
765818 464471
317677 794908
926213 784299
768484 837781
872466 312823
97520 285144
732079 42008
887949 419519
695 546
2085 1638
