1000
800996 707404
399996 325768
58528 780791
880877 956009
33552 398593
780855 843475
827959 549097
63759 638431
315099 791213
916010 569676
484037 31798
419334 522851
142278 109569
154993 490653
928002 337942
867287 7613
207287 434717
192510 3848
920919 872851
348417 756211
742427 591803
531502 475006
763436 924837
871263 11155
135684 182493
649621 358144
493553 642686
814913 647375
902179 929375
874412 307926
452621 753750
23451 242353
489537 367514
254201 920616
2273 379959
144787 217519
130047 166456
709077 282304
268529 726803
76451 618145
245856 906880
91161 301810
423337 820395
336298 837722
238602 275981
671750 530238
509111 358172
513227 28708
439908 662121
49697 967368
125561 467552
512168 52082
368365 498290
201378 976618
728572 298549
648560 494168
392352 271439
360041 265979
184772 490265
850422 548805
327143 220722
790564 360016
696945 370476
202625 443343
526987 390590
625428 243461
718227 198668
263346 916406
352427 866026
959460 723223
690935 939444
705969 623250
868872 8088
387463 34008
924997 478802
376859 484742
282957 769643
649592 304750
471917 272663
944412 269661
750489 235024
303871 888286
125990 865183
571752 229255
686714 481437
477498 657755
485020 174049
665134 145658
793885 777902
219158 246475
932704 826811
442186 933124
481417 145678
143329 298755
414842 93617
879817 719113
465529 33162
244226 508670
69651 595739
713946 927846
895147 337106
855060 561695
336997 893164
669148 130269
548950 394952
585867 187584
341198 541966
6440 683472
586072 581491
873916 118021
697344 120383
266305 954107
926753 69994
889283 720603
615877 331123
774248 343859
32516 932789
637493 924956
838485 316601
894134 359601
295506 976868
707461 794342
269953 860662
341697 207051
393336 885102
328215 582758
892638 264654
12124 632626
752137 578414
62546 400101
906022 985720
50075 978672
306065 960810
629629 676333
276275 669769
829271 461336
584149 83330
605673 997721
170691 492219
989636 52823
342296 659302
762152 929288
885860 459042
40829 802112
603378 509177
65210 488921
692131 481889
269614 718731
749449 744809
652548 418844
710700 943731
539034 712588
812943 156942
214456 627972
17242 727356
846812 998758
964026 17495
743056 783108
623860 728725
64875 528292
89115 512539
468500 337587
675310 305597
685965 102076
309322 272056
712090 960263
982761 419358
71594 216458
658062 191940
49823 485508
294695 822060
309252 471712
72739 667256
273471 992879
257214 684762
706513 150397
527484 977481
846657 87745
1753 126779
96161 795992
169523 845724
757197 226277
427955 77894
857130 159384
248242 228821
526298 667815
548444 849621
120195 139635
224068 517076
254825 472435
967968 12370
54938 870995
330811 481077
192078 187768
29857 673772
599861 575424
796643 87396
406782 312770
666439 577455
73988 966198
331963 679183
305363 960727
937482 536952
165644 252095
511639 270748
563820 880225
319312 892800
335330 157718
222322 286019
383273 284112
928486 366904
882768 5063
761000 804431
524353 204031
175947 5098
494408 132641
892104 246569
984332 876101
537298 178943
920726 837742
967684 716843
364335 631897
877031 219707
624823 627731
754897 803796
107352 321421
569775 782714
937310 398423
774252 931268
415911 13730
200934 596808
893338 225290
831576 92445
393380 141786
676140 402219
323153 629355
726499 467056
622801 218886
728076 806175
926307 272487
801558 275954
446855 306672
181894 711939
104716 903046
924934 588941
926580 749611
976129 872711
731853 717801
773656 645843
389478 804036
84237 383585
567099 368543
955393 39036
808377 389740
938968 786018
927017 785713
369063 223184
595449 530548
26582 216866
652714 910295
107343 209747
468269 974511
65571 183783
2474 396960
268886 463482
159902 66858
477858 764613
520560 208040
929777 578419
747850 994607
540650 350909
220829 410214
753622 35475
777366 471751
522575 165665
266759 498453
437456 477549
753645 736768
300414 584985
745157 183171
80156 425565
566989 668791
979349 791634
133813 473464
550670 317377
230918 500980
229594 775176
611628 927250
23264 804750
452969 202492
77656 867347
255331 267502
892215 626796
370693 31402
165650 234740
727071 53926
516637 303017
985838 792624
474337 578971
772530 250162
90619 976421
777952 975334
219010 808468
364863 132731
354155 543636
755654 294797
862108 713701
513902 265202
323202 939522
848607 421457
834321 337287
924624 268305
646277 489507
792295 56476
431891 401270
359545 845346
50137 569567
799524 872999
977132 356295
19997 397681
18885 703485
409650 161048
667420 667744
191100 328216
541395 949951
99890 505874
716065 520160
631111 348495
905030 166623
86169 498179
487587 79232
88180 13277
703130 78816
25366 68680
452274 512105
42182 268266
826532 83172
628922 361417
25917 998290
330562 602101
660407 95388
49943 729196
887764 433989
888339 208206
195522 356914
276672 505571
393302 185163
281515 42047
879914 802837
838698 55018
753188 398431
798673 86389
829249 783945
184758 483010
322396 281961
874814 521286
786778 906293
255570 286442
83498 309848
886228 144401
104277 30889
630079 852023
841901 422481
340042 966076
120890 133897
288890 6635
607164 867361
57990 404800
199477 865661
150390 744974
523301 924290
161119 923890
143134 983514
504452 293686
661100 384159
782139 568150
321039 559210
476668 874263
890711 384306
312994 190621
918329 700132
442832 745862
66053 798050
809087 189626
121860 972307
730374 303483
611429 691420
750523 562444
139152 328401
936180 457599
773622 490686
411629 84626
385425 54661
496621 946282
828032 158673
289855 595627
318742 623639
571690 794565
734122 840857
13569 918642
467344 681740
542864 765677
538781 895190
22123 973993
302315 821262
973003 233921
690929 877501
763300 876864
704064 308420
559018 576344
10902 707863
918282 91229
169152 465870
160968 271706
284789 113602
774222 125326
289241 166058
238532 867145
825735 265797
127465 358640
38728 296368
492755 532544
564484 25114
389313 956386
472273 853228
252505 65325
976118 266260
407552 823918
37372 924005
202622 656140
797298 277076
798769 388193
163462 359670
761224 148135
931350 989206
564158 124142
762601 170405
163002 733271
366277 409945
370032 448678
364380 834947
509035 675417
753530 380377
216040 345683
750047 868362
379904 929767
440637 896036
872245 279102
398427 523446
252642 683715
602813 463463
627243 570383
36688 951528
263404 441473
453314 641091
38806 252163
707020 78426
488853 803849
107896 368073
780135 518986
971982 816219
488756 231740
270541 872414
846805 765001
736113 383430
906047 761785
690798 185425
166337 893019
128214 701305
227831 675805
336909 217784
64612 268733
761759 69001
719913 654252
745259 613751
670139 76394
760805 503859
658045 485885
8110 424599
965251 717285
702481 888771
950637 407890
819817 724775
595238 623162
351048 78761
383837 66225
651814 696569
580708 646202
879642 115263
428947 967309
795436 365869
227874 917226
984941 345772
545739 319491
745460 211848
823145 793254
784722 449958
854199 241160
666615 221129
166380 472243
319434 587721
483803 112702
56178 956040
993527 304874
525002 636091
873233 512234
131484 978465
854790 120617
890019 44949
750353 391149
45114 211465
430891 561464
774869 128064
191191 532182
863495 631037
333874 111958
590866 171794
344389 281492
360605 778890
906718 495425
50413 93878
53668 613690
354116 996198
337399 542993
887082 385424
605395 843938
473999 767063
359935 571178
199196 461059
27341 838923
901924 645084
777279 482054
668752 123490
255504 699609
779863 65330
521459 936422
898611 910035
216147 47888
709882 973778
284166 723315
176887 301060
619378 141536
32354 349215
556416 820127
264713 654695
713859 646895
518475 111646
350541 403983
937063 188673
175661 735726
953954 955308
986165 927334
691973 636131
35357 585352
938526 111962
907177 496553
993099 934184
724749 746678
538255 814003
137160 776901
660149 655381
844575 309472
24799 70068
401328 436480
78887 416607
882897 338217
143039 174906
465387 941645
20447 327406
765866 352820
21393 55852
243872 722295
497928 312437
983401 840586
829353 749187
449614 567840
428449 195290
266484 957321
28445 168645
548612 24220
167004 295948
303081 94189
310163 516474
388365 348128
674540 685726
752217 153789
534618 40458
170147 276558
815649 454393
401230 27794
362619 895463
75152 178653
971310 257143
434185 737051
604076 974608
688265 160281
300300 767544
263186 890452
458220 596081
205912 537197
252559 286242
219592 659798
545333 709336
134457 118990
50260 100836
848089 945774
442470 150902
742443 626042
118845 950958
462350 159824
732214 77954
346975 403174
963407 921560
286651 258027
786688 914308
593017 927120
79277 56852
54209 786478
344461 542264
103402 522598
424733 739410
427461 638332
227659 241964
585400 761634
432138 393799
677608 753104
12706 615404
987671 400236
272872 758741
618236 704187
160941 502790
154629 888538
776843 473652
365954 505949
721728 419160
294621 294112
147543 275604
856548 802720
399420 518598
247828 69625
634991 129217
515864 631058
540095 557091
129078 780089
922688 359626
825096 450440
999197 91271
69345 565075
269407 424977
66362 93355
680091 245334
37825 339676
910934 218601
782406 293215
972285 188316
478321 406327
390983 586823
400928 96619
17684 379943
909163 367142
616453 145086
599875 613473
969373 835873
169687 663150
669090 207995
10278 449052
413350 236170
649164 497929
532129 783389
89435 934004
898769 184090
684397 587354
94280 434407
767005 854191
391040 489091
395774 389613
356571 278092
715664 621973
348288 281110
279709 119373
922455 543198
283348 229731
386441 340097
382362 310487
74512 332611
790463 978089
236429 316024
501190 787765
684150 486766
295431 419917
130642 556022
708453 956403
524755 470428
668223 575100
423694 199041
775393 465121
736845 275108
150674 956349
366243 699850
700230 311730
8034 742504
361616 316291
114800 628281
497512 706140
703902 422943
829273 185737
757501 551288
489210 925608
977210 1892
393086 224774
586128 586609
357950 779479
540685 378647
901333 460129
853620 348602
524203 667133
413412 587683
263779 749490
493191 256390
90706 177854
842223 65770
78149 343295
834728 296895
58831 275531
683007 960518
707158 914708
90329 793714
713879 497792
490718 647375
241647 979360
478620 279426
239284 609386
744096 689614
671090 306190
686130 406478
697790 346480
489214 670919
882540 841850
828682 208247
198130 76267
590506 356309
845695 127191
405117 526099
892745 67164
398063 734045
628493 773007
4612 512140
110059 205840
667864 910134
20443 169799
172217 633919
197845 870126
61401 933781
164577 431242
840896 489009
751051 146522
299158 623992
764046 23892
497365 805611
427364 22417
381152 343438
394002 600924
971702 460270
38676 367753
970052 998847
982063 706510
744455 261811
674049 470687
356305 837414
343635 748472
236644 196770
389736 954961
195136 612028
744333 409939
582425 970905
703781 175245
989152 992137
67713 406176
821885 919033
979202 450357
696769 82151
666976 560376
415741 575995
272466 921205
996097 962691
396589 640869
697761 161541
196868 89699
513350 727510
400343 749162
266941 236724
465949 113657
147478 959401
550623 139483
391751 214453
762336 292237
769072 500900
912007 189642
375681 173651
519096 498848
911038 86056
8332 620307
294296 944716
432499 764160
434336 149102
619044 465382
913317 177406
452870 815432
354985 910564
273779 905284
674274 656057
835157 667418
589076 626763
105455 912742
966927 713361
977265 591954
703656 821744
274474 485724
891790 979506
504635 545140
438813 175984
254210 749606
653754 549296
165610 116056
382678 258352
622328 509073
824833 65938
452167 13862
830744 731375
602748 494832
997723 635496
403654 32905
463887 270301
75619 353232
657603 597545
120928 428462
793150 379075
358025 676200
289312 256036
707200 492359
708353 644042
974834 80077
345736 124943
611702 833519
127281 544050
188525 463267
768102 482674
90090 955147
905619 333753
511680 311539
668106 540166
27693 663617
544520 906357
73974 167509
796619 951414
335737 712518
302301 507422
240239 168829
233373 459975
206260 652851
453681 206677
428668 978812
618796 355964
125215 749420
368170 999132
97482 837808
384266 233750
412853 176132
618152 535894
791293 192940
252734 551489
477063 773615
36525 468175
321596 424164
855199 962699
242070 575560
703784 3096
321004 111413
595486 627644
28604 360703
86211 213888
778627 141984
206378 679098
482256 377593
511055 569182
351360 69343
595584 343264
435593 542908
218603 364546
300845 151905
200913 355569
354349 672655
422715 451557
550723 774844
791477 320795
614328 314954
624364 794510
951944 777031
669253 877044
207020 664054
96801 114349
927594 9768
305525 684123
809469 662397
382043 58501
76593 907446
783267 544537
129230 158796
259145 142029
749087 978211
573846 1614
858787 670670
861636 804768
994554 319979
956711 604672
111668 934198
305043 47259
426906 337589
727780 672021
268913 189932
736542 131626
573719 919717
775837 672380
256027 63369
69701 302551
79681 479868
270870 331342
308942 146309
422837 516633
47531 476954
275770 97243
43783 687529
357505 153842
574651 85118
607284 106103
777060 172837
503457 569159
98242 673179
443603 64747
589418 567930
888012 967030
24747 79496
193781 971161
751679 722647
687408 440999
782857 478754
945485 367060
59524 355489
200865 132952
658327 456817
980183 735704
177400 681606
92091 643555
212392 987855
951427 490057
129039 513050
708326 87296
744772 333182
400367 507369
504642 834119
932258 36822
710419 364870
471717 208796
962392 611678
117510 830326
852869 59373
972107 68704
870535 272903
885424 744718
974427 959752
232972 495424
511265 392776
621751 164431
804846 77091
863650 719162
850639 810305
898193 692413
952854 731042
253413 174343
969943 78176
820685 144052
71418 620968
574974 936323
501462 345192
255335 119624
540820 183428
622034 522251
325359 283055
563662 988427
87791 372262
835963 962014
525023 442955
373370 850166
391405 764514
337365 390011
595071 897406
559043 118726
174732 827747
829671 122745
405898 915241
