1000
899368 353225
267529 42670
44257 452547
397469 128563
70510 63805
173494 708062
768640 647986
314793 387049
942754 647237
410867 840050
121729 952505
762372 389294
991586 98362
933181 632282
23373 780343
88275 834014
278549 712422
702706 842639
918993 630816
585248 242639
285450 853539
223847 614700
505563 794984
227096 789115
523555 842196
928263 627542
124168 145739
892603 494429
820164 234174
796201 222224
67596 651823
20367 953352
23342 210117
968796 307007
700123 517123
263028 332853
283767 874061
380640 653705
167029 239305
544653 69305
336672 10555
176470 298426
695105 945492
992349 77973
476183 738786
556395 57099
319072 296060
250898 376940
68970 816918
711447 764354
283381 623797
460751 429152
597322 531290
597315 305934
744594 760376
63423 906005
839826 195476
328114 388999
829245 393961
247100 923108
608714 291154
28307 799010
157564 902908
387760 818772
727095 987019
325139 16410
987558 957869
300833 443134
772704 851025
436436 311154
803685 972570
357950 530014
933746 13678
368073 578741
116690 748550
721296 748908
315542 490080
238193 183820
755994 908044
945644 580097
754258 767525
728601 294765
97210 935954
49905 347162
524289 412762
132353 588884
484708 660297
174224 911323
672707 247555
4384 973644
13116 222252
766211 561668
588040 721109
215330 676636
171627 794976
206505 78169
392287 636287
532443 787444
732216 465524
150239 232704
545103 821434
752406 784117
464139 752677
609509 110026
589666 929485
267644 721261
409509 90212
279283 775863
9901 254162
562557 25889
25507 395876
238715 226986
697350 550415
242770 351097
993781 785332
451458 42370
682855 681291
642773 697689
220070 687055
750297 39688
368480 998735
143924 41336
408550 25997
751926 711386
253250 510922
7095 615959
444610 372809
148387 76277
225204 157439
694510 346167
760325 324464
288091 131240
596515 552935
573997 588226
988439 736039
198280 731398
760399 664369
300210 72129
808663 57278
82039 31316
278213 354828
68153 826543
854984 371486
230438 685787
41484 181375
62041 865540
837387 855570
535877 455945
654129 922240
969819 533228
970740 421854
614059 552592
831059 618009
776806 266754
747666 357702
603202 557384
724024 424135
475401 69525
321302 445091
460447 727788
504175 164067
474051 524700
222538 415954
5859 550811
212315 953741
18132 906936
349907 204336
138873 363103
769625 781111
157683 753205
187985 676496
856320 732445
399310 868423
837768 678900
103941 959440
147341 706433
714658 604835
262369 351209
633313 179938
323641 93922
953460 504135
855320 707577
714318 631754
548638 545958
207737 149863
534980 472845
702232 672505
391910 193697
550477 639168
531019 925452
913427 776233
316400 370685
241159 496610
428663 605617
55864 611252
489615 134635
167020 162930
74560 572436
877872 782057
471045 516925
204153 467663
811969 900897
88647 183002
926398 378963
903859 815508
824067 438243
934990 296737
706092 94974
411263 568070
10966 172574
152236 130502
458988 687302
333688 801069
342059 647778
155828 143807
646504 708374
371127 356939
781861 58722
580560 401887
713701 413046
131932 539033
957180 687607
103743 803790
697271 910707
89038 705021
783769 229790
459075 263464
248988 170614
725921 497831
155154 705941
688417 124833
943106 750809
279862 133455
400091 856122
637577 117802
601376 872228
8264 666352
848865 547007
908496 757261
539628 256817
392162 246468
385581 124920
748836 42530
321642 468256
256731 935393
534520 93609
265679 609869
951733 918385
968592 622727
54295 119719
562919 448900
570466 830934
189896 714598
211646 377181
699548 418098
45271 27242
749112 191348
338331 316562
670226 772520
187462 563428
741293 283084
526292 348611
494227 345325
128131 784901
797246 285776
806051 183912
885200 44734
394096 939538
912522 275915
79948 632307
672550 733771
722379 376497
160972 281558
125256 373836
863586 456520
349852 590538
968884 895234
997005 562669
591183 176890
237591 478739
102376 724298
1105 535686
600998 701729
403372 963112
71230 893646
836350 31568
21996 89454
224167 286371
674607 743179
863518 991428
578640 526568
438641 887403
243161 734664
860262 61707
104478 655735
524336 490215
706162 34819
909161 929368
352590 116956
658688 276015
399065 709754
129924 86490
82271 808451
543287 209792
305561 435382
799921 828510
481729 536541
971948 464612
653397 151566
662680 195739
316141 458520
703354 441934
445634 221498
443365 782062
287486 625738
632507 648266
910966 681262
300813 204879
719535 55958
829364 129164
69113 89145
453475 219463
962625 879011
842791 589792
802851 485827
133227 694008
371827 961856
151641 774711
716143 861202
488517 673103
316470 393717
436632 234491
336820 29399
168856 806210
16237 674889
209555 586682
937677 547023
962349 343796
684128 218501
183231 395493
627426 100356
220150 680243
440963 852431
150153 529701
185459 696919
294096 154690
175014 729518
606186 522062
705512 622533
730997 535112
430065 676612
584116 17896
208145 657414
955435 283873
732569 982876
314369 730775
485563 245618
266769 702299
35328 548243
991793 665584
733480 464445
720689 130888
287380 816202
438460 52470
989998 82917
260043 216538
335639 585159
726268 647210
29669 24030
366130 517036
900488 30523
911319 174177
418807 433470
201499 676509
959296 610594
774029 990583
341444 256207
830515 555902
286019 324540
782492 441988
939480 615693
458456 598600
124943 919986
760111 714856
906728 161351
763565 6012
394392 648383
853453 78447
371851 249065
241465 527522
899109 25374
363473 961183
42891 155147
462721 975812
517293 201095
737889 410731
5908 143632
876843 774954
62682 465346
991379 18650
544442 877759
652052 537604
105263 353378
456063 260901
611327 501122
543825 498753
863563 80219
773539 59233
647837 751360
882543 146259
11313 597210
338225 192796
721181 913051
355626 666651
555557 637782
969892 997031
321323 724240
907519 28349
170199 597367
677150 677127
249055 637198
911418 43575
114839 434705
528957 984388
851854 112830
449716 80981
421844 691570
730012 74437
656486 667947
663400 110221
813846 665757
870840 732532
213956 634921
870617 534492
330992 95000
979557 485021
880568 453938
975647 617549
95337 188388
766262 605640
137618 855136
370087 593073
77884 865141
432231 581668
947748 741934
55736 922140
254416 577374
582471 79789
446411 468784
960182 552723
962410 789035
672995 561008
376732 519857
791111 825895
540437 454650
373705 642506
210390 260953
617837 908373
196744 220477
211644 147302
573084 362617
163917 387526
97300 110225
490622 199428
620190 353187
829415 191348
675669 715258
117406 662451
997896 351774
514016 387326
39379 722443
426713 692194
200442 887266
258969 45248
19049 385339
583240 725763
573058 772003
330514 6471
926783 434838
205700 785426
738913 263936
269766 19685
560525 912173
737300 721710
95509 85495
720899 699592
196073 251581
361020 108034
727452 419863
139558 193664
865590 952428
608129 765581
444920 903921
98174 98077
889326 309287
554568 829534
802938 393304
728836 947436
174412 219142
36767 456894
166756 272041
898316 114581
804008 434236
563642 247669
481609 485774
503490 516474
430981 828270
775562 852704
996505 915864
84713 13852
590261 611196
952387 743076
262376 297067
926488 234298
261965 755301
884866 416142
269170 952322
498105 49513
337226 766318
235842 52869
338725 396991
531955 930739
678237 571790
317296 248888
664178 7444
976213 851363
49573 150059
626717 606899
893611 344655
743588 291970
336942 582342
787169 508614
272940 444223
660617 813916
944285 429714
318996 919502
417482 468558
604807 615147
258283 693952
612248 922661
751746 762708
451335 940394
418819 297877
372082 597987
289760 828889
244077 665986
639298 411260
11391 933578
339969 957629
920586 776517
309553 629768
76459 914054
269429 97174
189247 765420
745855 585170
858754 835816
819482 86011
316259 798177
158185 157853
547130 313021
703500 806800
189906 104756
817524 386367
999692 193995
43014 509653
809567 262313
311063 925792
170770 824907
501895 638164
204121 992046
343219 146097
591856 632953
112659 332368
540499 125696
277232 85929
425603 459046
987250 558613
232862 69700
179581 229047
133480 209319
945328 648459
12224 982453
37741 666458
470265 66804
187265 483622
651353 344283
973892 951430
610001 357453
271123 105662
452451 62760
495479 689790
838490 180812
117109 654104
923042 735639
152678 299208
983885 908395
417894 805211
262629 81039
713112 328569
864227 96594
74193 328438
434076 636594
223148 983230
648682 187177
524711 806815
254854 291864
26237 373622
714020 624041
684053 726171
536992 735795
618069 953134
339998 791337
123325 301017
904127 919412
7410 170289
427644 555102
52437 8601
344436 689731
378156 966278
421149 12338
727652 370359
392598 964857
945145 293705
13348 961606
248001 35066
44353 509335
758017 58794
511149 713397
695947 633963
976172 885092
138939 192144
595599 500291
157204 416862
298312 866530
114460 590106
413801 161841
579956 732424
29264 796095
157779 230864
60365 74976
271720 451309
964672 138360
90151 5171
394774 806668
105128 810724
362407 948822
481474 391719
254035 514338
27499 639088
541388 432461
365132 388929
71530 712892
550339 932746
686734 897484
574090 77887
394424 563448
398375 139693
452834 356050
25355 533162
542285 373593
695564 489917
785295 424087
892296 401396
482046 958786
154649 866270
241815 785240
518895 28585
255821 841541
159667 137802
550861 326573
804002 926711
886839 921350
978258 18615
553366 778311
385298 696431
644703 643593
532204 83284
323844 378165
3446 939150
588639 355450
296436 260697
683134 838686
957356 624472
562149 91081
55625 671027
830386 691750
878054 431622
761033 869434
615624 817103
14822 992330
535897 353457
159507 616346
403568 40757
139814 2282
660472 518088
232410 571121
428889 229509
865559 740358
747327 812684
886680 364263
993402 331035
893675 236458
501554 941715
760274 351926
832393 762269
24265 757644
82548 89447
502100 761339
704026 45334
691711 908493
92859 677908
29257 34392
260871 609532
754667 294406
276438 209604
15869 191749
657157 999713
103423 663605
781913 7324
495728 184866
608815 352423
904103 718272
926825 344876
836709 555232
335258 999797
178135 101280
321514 837687
725257 293726
375845 552697
407227 759134
741388 532908
427787 598063
223017 314859
805120 139395
698052 556782
159985 638752
558677 132932
972472 985087
96062 682400
568216 697292
737793 135198
78756 59989
9010 306380
431529 551956
443864 246877
698047 608492
572439 49383
160629 604273
311883 641707
116975 635992
303531 244299
905874 729534
530620 410001
456035 274003
599859 244911
233828 1267
340388 549844
987022 747805
624263 175354
123764 43441
69863 939638
422916 250000
995516 549475
402306 119636
226583 409370
584949 224856
22955 385140
949067 663534
48099 611198
651032 101224
768037 962231
526269 778029
157339 651190
697867 676194
833609 554021
860549 692711
629996 23536
870938 880002
745022 971618
469249 24169
171446 590919
703778 298556
168808 468208
697162 112281
649455 795573
801483 484339
691519 491046
288987 314996
541399 99093
357279 157290
593706 525989
589384 55317
699400 763305
298606 681718
669946 707376
942504 241912
547013 283169
803319 639258
793721 13050
79645 935883
865310 181165
736407 804592
570917 599672
727633 402736
228502 175334
250077 861436
724122 757557
830152 739091
946995 571942
2831 655893
4049 374203
311997 929462
275886 256155
222239 861309
90861 235681
500609 9550
570033 546583
132053 519736
685441 891536
813713 266273
374775 195766
145093 366762
359108 583714
292532 327184
697916 206939
775081 14480
278991 128338
435911 588697
851490 941636
932545 898955
495401 103042
449025 98984
795686 61087
785840 706916
238105 640621
631951 943543
917272 9536
626075 816044
441205 852236
632446 293326
365129 151262
586254 392722
595047 916089
298268 785220
564230 365677
707968 404827
339733 395704
863996 668450
347876 344062
51444 323029
922464 341399
901963 863721
398110 220726
747057 490291
510697 876331
975355 930702
894786 70462
627166 500699
633182 728196
972299 416736
88154 525943
693851 111207
870584 317200
911839 210604
452910 923347
686952 188468
235797 282585
956532 805078
563015 754937
929330 459485
224140 410533
758285 864834
454503 6904
162857 425599
23550 926051
348691 514433
603477 445810
112051 751379
850113 77348
890110 845662
924756 813196
44924 432250
770995 680193
560270 294756
823116 355832
118140 955637
22437 651547
818525 262718
189810 853036
174224 171712
120819 443783
753580 489168
294916 859231
47185 247287
727302 986458
609289 403595
304912 857805
842340 581998
332510 590098
541298 947078
881809 293972
169829 78195
39899 657160
150182 937999
16611 813863
431287 203223
743148 144898
872189 294369
667551 235742
785049 815740
273454 444344
353578 726059
656 244782
314373 857652
107484 818034
943104 494476
565305 783816
522574 626926
566763 754115
807645 272500
798122 542368
989502 239330
105033 57469
119498 115529
895414 919078
465178 663775
929948 494205
285046 418474
448763 571692
810781 420242
468454 595540
164704 408389
350058 588232
141472 657610
712888 622886
674693 408858
208664 512689
839925 273156
976445 96554
899305 459437
582522 851187
910035 599998
787151 885477
54031 669271
565958 732452
253982 897324
275040 997761
129123 376408
447958 194202
225215 364632
526109 101744
142959 312477
679155 651646
267790 574247
743761 515297
107646 252299
872772 89808
522476 161881
752435 118785
710542 79507
705672 610757
565258 169178
906334 345885
539916 146485
567276 581423
369453 485001
374156 263803
988557 544005
523219 170724
940924 449428
645771 398296
32995 25192
831381 47106
325404 844855
377044 926983
554196 868013
21822 296878
673817 320276
427531 593941
644165 258057
448590 569718
216063 364254
315358 107326
854557 196612
636300 126251
112330 13449
580754 493084
728124 48427
593138 989086
637821 286799
812247 243401
192489 527326
131958 385833
520517 666503
350686 105800
628924 110931
180965 770886
798677 965065
94259 167708
312247 268748
