987
427865 563825
667299 19893
228144 998459
548669 114441
581590 316501
109074 925139
440755 275791
874649 347631
36056 46940
117964 777581
687502 324838
398959 999909
311863 704053
169149 516884
522292 814854
512208 167782
993336 847750
27087 759606
536356 868416
508568 526318
639929 922697
963890 777682
946022 413435
389848 325238
975307 574057
47290 281929
609824 597574
409877 141274
393152 896372
451649 273495
170907 738892
65532 442433
992454 341526
411988 801069
973513 305812
166012 974830
194640 985702
911932 143374
84300 759866
506891 3025
530653 361551
433463 226441
513368 647057
623778 284018
871615 832180
923519 723947
135988 564856
694443 6932
582101 736216
345860 899612
221054 926806
969045 248642
834921 741710
492936 688344
275585 417183
312890 747209
41736 632203
564438 711828
686523 195869
354775 66683
540027 774333
606723 186455
223788 522131
551723 601780
385058 507962
349997 970217
325578 964703
690148 518766
164666 335707
260713 287095
125742 960564
796966 881886
304999 875550
327818 742062
786797 59111
146287 85334
862995 991861
252225 420103
779340 437349
26806 218013
363270 932845
337182 487941
775329 472883
368492 117624
307139 100655
319240 216585
390288 556967
320291 354361
567366 899414
842729 683274
893684 527902
246562 943015
52299 568738
44901 753122
118300 569795
312572 536080
615621 490163
384828 599503
342130 477029
609897 194829
302634 229197
298241 5085
468377 271881
121852 740881
869187 292610
21257 676324
349032 201833
542166 992458
806733 168399
671530 783441
74162 28472
164437 353108
992934 147555
590349 649519
343474 534716
689759 933498
320631 946908
410512 712188
231016 421813
318388 306434
393413 761807
943837 69324
297402 48127
920891 209623
922196 824443
296260 471061
561185 140757
719709 136073
891237 21444
473061 683133
897795 88180
574863 354853
742586 348375
953050 551081
303652 60615
340466 976809
88729 961576
628789 746706
193690 122104
603867 586779
390163 989567
967698 758048
391805 794671
771200 215287
754835 36040
853059 827497
856036 898694
413019 727969
751911 865667
316844 620138
196475 819470
246752 414836
953815 27183
993902 776164
302386 326812
130879 718498
681482 196162
57582 27058
881733 862458
664962 10164
967866 55125
332613 63513
310295 393884
484672 744423
431309 760220
888217 352385
462438 894384
165967 818575
548422 30318
370205 245002
843016 966945
721098 246192
948053 119614
239724 234361
578910 230759
659343 149682
40372 434091
90831 389267
6928 112667
702430 171184
447831 620513
882890 412600
802439 96390
368457 932241
54786 482070
177298 809476
225526 86431
793549 267116
666632 411628
944624 26909
430754 970767
53019 256422
334382 114770
173887 60504
927599 877519
46221 731498
402183 29158
959413 291392
411812 490433
818107 247881
424374 240590
795935 640108
689881 144983
10480 55165
602170 592060
485644 168527
674933 409719
601980 131369
557288 513068
272584 585092
150966 839768
10296 602603
433668 932484
577991 424622
527345 560668
488323 208410
72066 261152
191218 263094
239480 137025
71647 726254
867548 508350
682327 277384
802656 629710
292450 361860
10903 229136
26846 685781
544310 310519
446137 968841
467936 996695
664188 450929
674701 324056
233712 531522
189542 503414
139238 94644
418940 648053
695635 392273
176973 8656
918488 324106
965688 9216
19882 192964
8751 419767
988990 289965
257388 867223
678802 811226
474449 546116
433286 513698
668168 388048
484607 130760
12904 670209
12270 673224
711743 590438
435171 636680
613198 393751
905236 259914
486313 888234
684297 425060
313162 567316
270020 678392
767761 820264
418984 167518
382325 337132
159867 424850
988643 803171
688503 387006
244584 93714
762127 942382
618164 372806
674592 947700
419806 472193
913553 878135
851487 685692
678874 235834
652356 945189
616015 209111
873582 521899
610819 764264
840655 598083
863014 971419
952347 792552
265992 929590
106605 216773
371732 587975
3845 69316
643384 209832
861176 232123
488538 489740
783106 29015
156804 122735
556235 867248
701954 474250
541685 902289
207452 265984
30059 137803
266253 126474
445125 637832
149508 14450
882723 185831
581974 775497
806031 576644
123518 278481
47070 736145
308916 966350
704686 940543
212359 145394
389152 61844
351590 728802
462181 60410
108308 256063
638611 276698
519328 315698
327500 304584
367799 588004
211593 220459
337502 616290
121781 548997
356423 108045
35178 344226
264950 679849
280921 155867
377353 791378
74216 593176
932450 508996
421259 472280
91522 862120
590650 384082
689412 586349
340704 84481
853392 788448
747246 859075
488883 463467
644939 249810
258715 339933
555194 385189
434892 35747
527319 85013
229690 687164
55517 636523
737026 799735
449359 364751
314667 99224
484713 424645
35833 865760
476911 251758
680232 359401
486074 873500
890901 8916
503033 721690
665326 525189
403122 381907
827136 859217
426406 687482
96911 510572
41014 908151
893677 601244
683560 234200
19073 427177
970282 272781
93914 963892
622682 330569
348570 983454
973729 883015
350346 233250
539996 748766
708513 714319
700902 227893
934937 645639
286796 495860
663490 287750
5952 739516
193114 291526
394938 611955
214273 750944
114176 886347
495540 556337
264777 367081
363699 624608
318308 1056
311873 886007
524595 760025
199211 811373
807649 922644
881242 621934
183881 993778
266963 932424
840777 768983
11612 119770
587963 866843
372894 42421
803105 401865
764232 753237
373153 402244
355267 849573
298817 442875
458043 245373
655937 958502
23135 166488
490225 451150
719695 656770
506236 151820
26246 213492
658132 947843
169714 682877
447826 236170
755893 648529
463443 514636
71068 585681
945865 285874
710985 82968
369221 982075
765898 826485
23127 833836
572382 20543
654762 296569
377220 366376
799932 280546
866153 680577
724058 767084
545016 756063
787072 486316
467559 216888
651138 294308
219026 934192
760250 769471
68617 540312
785513 984482
300519 739166
106458 437820
167133 789852
509731 37165
360266 124662
875476 628936
740110 927603
957855 336114
733877 139449
763549 435814
971171 72518
475785 672135
518355 898025
235157 343136
925081 349595
366265 554615
192413 656012
121828 618756
64843 774499
3655 467895
608562 117626
7870 600500
596768 213730
149422 6668
769880 652661
795328 362942
943850 322816
218689 148069
534672 486334
412097 661245
182307 503864
373481 957440
94615 940268
330275 852312
455538 550456
823738 109735
271279 35958
525530 332522
980657 164574
73574 801434
325087 470343
654746 99162
100001 296062
299068 840760
240208 766546
367857 936501
936345 192372
212351 238049
593381 329315
987077 355355
436528 747479
555014 797562
923836 238135
422201 823152
643868 47695
579689 440389
858317 19559
140402 745111
117541 877441
437181 165713
695574 646084
250989 325067
589592 836142
718188 385198
395097 235193
812995 268266
770108 881025
338310 574649
513819 583120
346820 151041
139427 208107
712592 181073
829112 855001
890532 297283
377502 771494
13988 877374
571666 973514
720734 779327
226413 61381
836555 398928
674386 687220
193325 440179
795912 939902
195928 368814
384415 867064
963228 466203
776030 441832
195398 191300
368879 553687
494721 28519
612240 520432
133405 149109
878498 418653
409440 666312
259028 848040
719364 132882
531641 886889
657033 829348
459369 8427
700829 73657
766417 631397
606262 908911
352815 589440
196296 872201
439524 683011
576536 127289
477076 627268
506763 137169
561352 313564
413326 570865
108272 871687
701911 914972
951107 840330
829734 464486
370531 801523
605374 893108
565953 387719
394116 351639
150521 964580
916198 965036
512334 868781
928267 678880
759556 183707
372510 681028
483547 618801
238184 688999
609079 153511
88434 3853
492851 480892
626595 738379
314978 507207
341051 275587
580346 671094
544936 148127
11903 268105
215154 368151
194933 443216
853702 620417
604902 88680
118391 924473
20381 33763
816947 847499
166433 131911
943653 152734
386946 134712
661162 793639
39444 15655
190403 29858
441065 193689
453452 402581
910336 48560
538009 996700
203170 34470
894244 755605
54786 444600
464512 60321
402088 709933
124135 627522
490766 873301
919019 350321
97416 300324
392527 245719
649751 613366
529636 468642
519559 923172
282537 189044
890895 476618
731853 217470
158532 560196
364075 832679
894599 247679
242699 347265
255042 260022
751668 477418
352205 883540
246239 253264
601549 840127
768614 7588
758235 502328
670123 953103
613443 117198
521918 259492
817254 707494
624839 660408
448625 82358
660184 111636
610550 673994
706825 971786
729790 909201
176831 880969
655687 454761
731999 590989
382434 604722
285285 208516
104172 892047
328101 866725
530670 985088
103245 880431
27041 285300
555932 396173
540879 929761
562109 988605
737689 663532
192272 28322
144995 747842
592104 827028
491283 573720
707488 337907
783824 605219
700663 935685
449851 124718
501882 950433
906529 274041
915396 725115
696913 86103
597427 653452
937845 716387
909182 872949
474255 658654
676235 589737
547264 962056
593487 539236
384813 537898
662422 394828
474092 702671
243440 670467
980491 299378
708827 221840
343151 714538
572945 36507
453151 115929
420785 852083
268484 100356
526586 141437
311533 229819
795855 955816
387290 580210
509988 378525
810416 142271
697470 811775
40325 719015
367314 860748
402244 811638
533841 81092
215212 471833
424271 432511
472041 99351
488829 186914
341188 897244
621719 657738
753572 457741
118809 285896
747633 41003
551612 439769
440424 932386
694057 471528
470500 285336
629091 990951
686464 44173
171420 832828
934652 264360
884051 888387
56000 119448
607612 699322
242853 329344
755486 697093
838098 373109
967507 963201
441787 233918
182080 878220
836109 807525
263910 930433
45598 873983
509331 379294
91489 119625
232030 434236
337972 673301
262921 554418
362379 319242
60407 856720
586566 354012
428949 1657
310031 561123
926792 157365
48990 41424
181920 786745
215998 682148
842919 523564
993901 84693
342078 679290
143658 898603
669656 704007
495686 812624
644042 597380
836493 729787
5825 615331
726901 355803
885090 44760
99839 510897
683939 445817
696977 824307
190195 466327
331950 527462
623846 476827
562653 903965
813657 826005
201160 13314
734899 537250
934749 549570
281383 308381
200175 875439
785329 616388
122980 874998
766628 826337
325226 579428
727004 892941
397053 182935
693477 386006
289168 890003
866538 374894
665504 148555
522378 762935
776305 169282
33537 979420
598998 999981
489821 305047
196684 778171
656674 476650
558908 4535
757994 60018
357022 112376
933733 949856
830310 399674
624368 173990
741895 895667
272256 869821
869725 704717
24287 714332
524885 414880
21950 687229
49912 839115
304005 464137
689482 200301
639172 440665
719722 505322
56187 427346
828708 10297
903756 131571
599866 141022
695003 668748
119549 358805
485326 270673
118083 464890
90312 817600
480134 927492
706858 719648
289128 515538
897785 766375
173223 451198
261378 926758
441882 656898
679346 484908
406362 975722
751268 775393
774975 96744
37356 814915
86244 438099
769553 506340
235376 255235
539604 32703
679046 163036
235691 699693
965101 194901
216993 778983
971274 180589
299576 709639
404215 383296
321959 681930
759343 247148
493838 558282
834211 49123
18460 564469
382617 402569
885000 783149
359698 832348
839265 6041
133104 758626
437937 619038
482402 482381
218686 777599
578025 698151
198901 104997
909524 664963
345579 514051
418031 161091
451080 514361
422504 181204
704486 394081
429390 579670
991439 454257
366722 562202
660105 974998
964802 924458
148128 653583
539252 525918
530684 239592
714142 753344
565849 152996
240102 549163
344641 234937
338174 903245
499394 155708
790946 393039
444343 852217
128366 245105
499004 234845
839882 481269
959213 520489
876126 174998
660186 664328
136678 55440
203412 543783
7528 159814
785239 76838
372459 997717
314997 590379
459548 520758
769712 956992
404874 458094
374197 345880
829467 295635
5722 790949
644617 730572
758453 365009
212630 63169
778732 534875
282025 575010
957890 182875
394879 17747
948252 801673
342511 250495
702237 406977
324766 468339
144893 804944
682068 461999
8705 904389
77115 949585
605924 644945
95061 519754
827746 517017
271756 783755
73994 874827
972333 237848
891721 847269
806810 586410
512963 117785
793557 425356
964507 775129
396823 29528
456249 773232
202226 336143
103682 921503
296590 839378
712898 138088
954720 540836
326062 861822
156327 222451
946422 241855
317474 73725
595896 675741
176737 998278
992096 939346
205891 285255
271829 202805
11706 307340
540236 838857
173346 364581
14860 899713
115105 701334
258992 310913
486093 753164
723237 290661
22503 36727
966639 879353
317346 117754
834887 493036
345016 238466
725799 963047
632481 128742
97388 679751
516023 794110
403403 323639
736230 818604
490757 240096
751832 489800
915140 953678
430842 272333
840907 238774
119693 821089
617503 732948
122565 682712
517436 69740
288006 168431
971027 455727
153729 951151
580273 158758
122222 997664
314282 287284
846324 827397
470111 62585
96796 347883
590866 86208
965283 75984
244569 44688
397846 220669
839264 249419
745329 886125
548402 516328
238389 962102
937831 43185
171397 366503
717523 699303
390799 5852
533517 743146
447065 804504
926996 468986
808875 135246
417314 929760
989126 329344
746554 677508
415966 989493
256763 385528
9679 621100
773525 792768
922861 943282
918497 180021
27568 136896
456462 976300
683810 260341
633945 137791
603878 763239
492502 212706
87855 797487
512936 633709
576938 289124
73281 772742
814516 620466
45715 427906
675381 634784
875810 833147
419797 270015
380274 970685
813326 390078
273477 470372
368452 515126
446719 125105
16081 448905
331577 69478
251219 842226
206511 1403
909579 95504
715343 48965
